rank_data
"{'id': 27, 'rank': 1, 'fitness': 0.9820137900379085, 'generation': 0}","{'id': 11, 'rank': 2, 'fitness': 0.9690056537931333, 'generation': 0}","{'id': 12, 'rank': 3, 'fitness': 0.934232954059317, 'generation': 0}","{'id': 1, 'rank': 4, 'fitness': 0.9252157705157243, 'generation': 0}","{'id': 19, 'rank': 5, 'fitness': 0.8963288946032104, 'generation': 0}","{'id': 22, 'rank': 6, 'fitness': 0.889557121164201, 'generation': 0}","{'id': 6, 'rank': 7, 'fitness': 0.8794008283798358, 'generation': 0}","{'id': 21, 'rank': 8, 'fitness': 0.8659304753135955, 'generation': 0}","{'id': 13, 'rank': 9, 'fitness': 0.8606787813069341, 'generation': 0}","{'id': 16, 'rank': 10, 'fitness': 0.7825575319533352, 'generation': 0}","{'id': 10, 'rank': 11, 'fitness': 0.7706753356122629, 'generation': 0}","{'id': 18, 'rank': 12, 'fitness': 0.7359760401777724, 'generation': 0}","{'id': 2, 'rank': 13, 'fitness': 0.7141768184374941, 'generation': 0}","{'id': 26, 'rank': 14, 'fitness': 0.7059302971534545, 'generation': 0}","{'id': 5, 'rank': 15, 'fitness': 0.6459030499908062, 'generation': 0}","{'id': 8, 'rank': 16, 'fitness': 0.44783200384117755, 'generation': 0}","{'id': 15, 'rank': 17, 'fitness': 0.3518635135424677, 'generation': 0}","{'id': 24, 'rank': 18, 'fitness': 0.30081613465418316, 'generation': 0}","{'id': 3, 'rank': 19, 'fitness': 0.2836678462050665, 'generation': 0}","{'id': 23, 'rank': 20, 'fitness': 0.2713553049751403, 'generation': 0}","{'id': 9, 'rank': 21, 'fitness': 0.26031981814261274, 'generation': 0}","{'id': 29, 'rank': 22, 'fitness': 0.19597032162018146, 'generation': 0}","{'id': 30, 'rank': 23, 'fitness': 0.08891756877834767, 'generation': 0}","{'id': 7, 'rank': 24, 'fitness': 0.08756961935277308, 'generation': 0}","{'id': 4, 'rank': 25, 'fitness': 0.08232083409575003, 'generation': 0}","{'id': 17, 'rank': 26, 'fitness': 0.061826391602052055, 'generation': 0}","{'id': 14, 'rank': 27, 'fitness': 0.051581765724446615, 'generation': 0}","{'id': 25, 'rank': 28, 'fitness': 0.04565026592944832, 'generation': 0}","{'id': 20, 'rank': 29, 'fitness': 0.043549443036326296, 'generation': 0}","{'id': 28, 'rank': 30, 'fitness': 0.01798620996209155, 'generation': 0}"
"{'id': 27, 'rank': 1, 'fitness': 0.9820137900379085, 'generation': 1}","{'id': 11, 'rank': 2, 'fitness': 0.9690056537931333, 'generation': 1}","{'id': 12, 'rank': 3, 'fitness': 0.934232954059317, 'generation': 1}","{'id': 1, 'rank': 4, 'fitness': 0.9252157705157243, 'generation': 1}","{'id': 19, 'rank': 5, 'fitness': 0.8963288946032104, 'generation': 1}","{'id': 22, 'rank': 6, 'fitness': 0.889557121164201, 'generation': 1}","{'id': 6, 'rank': 7, 'fitness': 0.8794008283798358, 'generation': 1}","{'id': 21, 'rank': 8, 'fitness': 0.8659304753135955, 'generation': 1}","{'id': 13, 'rank': 9, 'fitness': 0.8606787813069341, 'generation': 1}","{'id': 16, 'rank': 10, 'fitness': 0.7825575319533352, 'generation': 1}","{'id': 10, 'rank': 11, 'fitness': 0.7706753356122629, 'generation': 1}","{'id': 18, 'rank': 12, 'fitness': 0.7359760401777724, 'generation': 1}","{'id': 2, 'rank': 13, 'fitness': 0.7141768184374941, 'generation': 1}","{'id': 26, 'rank': 14, 'fitness': 0.7059302971534545, 'generation': 1}","{'id': 5, 'rank': 15, 'fitness': 0.6459030499908062, 'generation': 1}","{'id': 8, 'rank': 16, 'fitness': 0.44783200384117755, 'generation': 1}","{'id': 15, 'rank': 17, 'fitness': 0.3518635135424677, 'generation': 1}","{'id': 24, 'rank': 18, 'fitness': 0.30081613465418316, 'generation': 1}","{'id': 3, 'rank': 19, 'fitness': 0.2836678462050665, 'generation': 1}","{'id': 23, 'rank': 20, 'fitness': 0.2713553049751403, 'generation': 1}","{'id': 9, 'rank': 21, 'fitness': 0.26031981814261274, 'generation': 1}","{'id': 29, 'rank': 22, 'fitness': 0.19597032162018146, 'generation': 1}","{'id': 30, 'rank': 23, 'fitness': 0.08891756877834767, 'generation': 1}","{'id': 7, 'rank': 24, 'fitness': 0.08756961935277308, 'generation': 1}","{'id': 4, 'rank': 25, 'fitness': 0.08232083409575003, 'generation': 1}","{'id': 17, 'rank': 26, 'fitness': 0.061826391602052055, 'generation': 1}","{'id': 14, 'rank': 27, 'fitness': 0.051581765724446615, 'generation': 1}","{'id': 25, 'rank': 28, 'fitness': 0.04565026592944832, 'generation': 1}","{'id': 20, 'rank': 29, 'fitness': 0.043549443036326296, 'generation': 1}","{'id': 28, 'rank': 30, 'fitness': 0.01798620996209155, 'generation': 1}"
"{'id': 79, 'rank': 1, 'fitness': 0.9820137900379085, 'generation': 2}","{'id': 27, 'rank': 2, 'fitness': 0.9819526614721393, 'generation': 2}","{'id': 11, 'rank': 3, 'fitness': 0.9743280393416837, 'generation': 2}","{'id': 60, 'rank': 4, 'fitness': 0.9726979902018481, 'generation': 2}","{'id': 31, 'rank': 5, 'fitness': 0.9612923318805354, 'generation': 2}","{'id': 1, 'rank': 6, 'fitness': 0.9542366837509426, 'generation': 2}","{'id': 63, 'rank': 7, 'fitness': 0.9538627612640413, 'generation': 2}","{'id': 63, 'rank': 8, 'fitness': 0.9538627612640413, 'generation': 2}","{'id': 33, 'rank': 9, 'fitness': 0.9453749235225883, 'generation': 2}","{'id': 53, 'rank': 10, 'fitness': 0.9436163823318198, 'generation': 2}","{'id': 22, 'rank': 11, 'fitness': 0.9404838530851867, 'generation': 2}","{'id': 6, 'rank': 12, 'fitness': 0.9367838345455763, 'generation': 2}","{'id': 6, 'rank': 13, 'fitness': 0.9367838345455763, 'generation': 2}","{'id': 66, 'rank': 14, 'fitness': 0.9312189456838456, 'generation': 2}","{'id': 32, 'rank': 15, 'fitness': 0.9301941619698042, 'generation': 2}","{'id': 43, 'rank': 16, 'fitness': 0.9298426318786247, 'generation': 2}","{'id': 43, 'rank': 17, 'fitness': 0.9298426318786247, 'generation': 2}","{'id': 64, 'rank': 18, 'fitness': 0.9197204771076091, 'generation': 2}","{'id': 71, 'rank': 19, 'fitness': 0.8502319180075333, 'generation': 2}","{'id': 58, 'rank': 20, 'fitness': 0.8354134205354079, 'generation': 2}","{'id': 68, 'rank': 21, 'fitness': 0.8301362357963232, 'generation': 2}","{'id': 72, 'rank': 22, 'fitness': 0.8266263682917669, 'generation': 2}","{'id': 76, 'rank': 23, 'fitness': 0.7420347993350229, 'generation': 2}","{'id': 30, 'rank': 24, 'fitness': 0.47727143074495626, 'generation': 2}","{'id': 77, 'rank': 25, 'fitness': 0.39295078539769057, 'generation': 2}","{'id': 14, 'rank': 26, 'fitness': 0.3849178270180974, 'generation': 2}","{'id': 62, 'rank': 27, 'fitness': 0.28424127792167764, 'generation': 2}","{'id': 40, 'rank': 28, 'fitness': 0.2719178667962257, 'generation': 2}","{'id': 82, 'rank': 29, 'fitness': 0.024016893518824967, 'generation': 2}","{'id': 81, 'rank': 30, 'fitness': 0.01798620996209155, 'generation': 2}"
"{'id': 155, 'rank': 1, 'fitness': 0.9820137900379085, 'generation': 3}","{'id': 155, 'rank': 2, 'fitness': 0.9820137900379085, 'generation': 3}","{'id': 155, 'rank': 3, 'fitness': 0.9820137900379085, 'generation': 3}","{'id': 130, 'rank': 4, 'fitness': 0.9776642978264236, 'generation': 3}","{'id': 79, 'rank': 5, 'fitness': 0.975545037826123, 'generation': 3}","{'id': 79, 'rank': 6, 'fitness': 0.975545037826123, 'generation': 3}","{'id': 27, 'rank': 7, 'fitness': 0.9754028601210054, 'generation': 3}","{'id': 27, 'rank': 8, 'fitness': 0.9754028601210054, 'generation': 3}","{'id': 133, 'rank': 9, 'fitness': 0.9731124057194156, 'generation': 3}","{'id': 133, 'rank': 10, 'fitness': 0.9731124057194156, 'generation': 3}","{'id': 131, 'rank': 11, 'fitness': 0.9699015403078336, 'generation': 3}","{'id': 129, 'rank': 12, 'fitness': 0.9679931838796356, 'generation': 3}","{'id': 137, 'rank': 13, 'fitness': 0.9561982030274279, 'generation': 3}","{'id': 84, 'rank': 14, 'fitness': 0.9521596491255058, 'generation': 3}","{'id': 136, 'rank': 15, 'fitness': 0.9485571081852342, 'generation': 3}","{'id': 153, 'rank': 16, 'fitness': 0.929819973587322, 'generation': 3}","{'id': 153, 'rank': 17, 'fitness': 0.929819973587322, 'generation': 3}","{'id': 142, 'rank': 18, 'fitness': 0.8908023289829289, 'generation': 3}","{'id': 63, 'rank': 19, 'fitness': 0.8824543243289744, 'generation': 3}","{'id': 95, 'rank': 20, 'fitness': 0.8630642389213578, 'generation': 3}","{'id': 6, 'rank': 21, 'fitness': 0.8089360347733762, 'generation': 3}","{'id': 6, 'rank': 22, 'fitness': 0.8089360347733762, 'generation': 3}","{'id': 124, 'rank': 23, 'fitness': 0.7649018029971804, 'generation': 3}","{'id': 85, 'rank': 24, 'fitness': 0.7051598959963854, 'generation': 3}","{'id': 105, 'rank': 25, 'fitness': 0.6469867005643107, 'generation': 3}","{'id': 140, 'rank': 26, 'fitness': 0.6381539358746998, 'generation': 3}","{'id': 125, 'rank': 27, 'fitness': 0.6060189513894733, 'generation': 3}","{'id': 58, 'rank': 28, 'fitness': 0.40138685394525797, 'generation': 3}","{'id': 116, 'rank': 29, 'fitness': 0.09271667513496451, 'generation': 3}","{'id': 14, 'rank': 30, 'fitness': 0.01798620996209155, 'generation': 3}"
"{'id': 229, 'rank': 1, 'fitness': 0.9820137900379085, 'generation': 4}","{'id': 195, 'rank': 2, 'fitness': 0.9808534748468853, 'generation': 4}","{'id': 183, 'rank': 3, 'fitness': 0.9803633992646239, 'generation': 4}","{'id': 183, 'rank': 4, 'fitness': 0.9803633992646239, 'generation': 4}","{'id': 155, 'rank': 5, 'fitness': 0.9763930845215549, 'generation': 4}","{'id': 155, 'rank': 6, 'fitness': 0.9763930845215549, 'generation': 4}","{'id': 205, 'rank': 7, 'fitness': 0.9710947089376616, 'generation': 4}","{'id': 205, 'rank': 8, 'fitness': 0.9710947089376616, 'generation': 4}","{'id': 79, 'rank': 9, 'fitness': 0.9697898320193432, 'generation': 4}","{'id': 79, 'rank': 10, 'fitness': 0.9697898320193432, 'generation': 4}","{'id': 79, 'rank': 11, 'fitness': 0.9697898320193432, 'generation': 4}","{'id': 79, 'rank': 12, 'fitness': 0.9697898320193432, 'generation': 4}","{'id': 27, 'rank': 13, 'fitness': 0.9696489211108871, 'generation': 4}","{'id': 185, 'rank': 14, 'fitness': 0.9694354295088692, 'generation': 4}","{'id': 210, 'rank': 15, 'fitness': 0.9692291685182524, 'generation': 4}","{'id': 210, 'rank': 16, 'fitness': 0.9692291685182524, 'generation': 4}","{'id': 211, 'rank': 17, 'fitness': 0.9681077850617898, 'generation': 4}","{'id': 223, 'rank': 18, 'fitness': 0.9672815505056951, 'generation': 4}","{'id': 180, 'rank': 19, 'fitness': 0.962170508651844, 'generation': 4}","{'id': 181, 'rank': 20, 'fitness': 0.9529666840592883, 'generation': 4}","{'id': 222, 'rank': 21, 'fitness': 0.9514249891171672, 'generation': 4}","{'id': 219, 'rank': 22, 'fitness': 0.9511492106518882, 'generation': 4}","{'id': 219, 'rank': 23, 'fitness': 0.9511492106518882, 'generation': 4}","{'id': 190, 'rank': 24, 'fitness': 0.9487401844905441, 'generation': 4}","{'id': 142, 'rank': 25, 'fitness': 0.8990967880590917, 'generation': 4}","{'id': 169, 'rank': 26, 'fitness': 0.8727108421335199, 'generation': 4}","{'id': 124, 'rank': 27, 'fitness': 0.8092208633015572, 'generation': 4}","{'id': 200, 'rank': 28, 'fitness': 0.6936875173758148, 'generation': 4}","{'id': 226, 'rank': 29, 'fitness': 0.14683308528902123, 'generation': 4}","{'id': 234, 'rank': 30, 'fitness': 0.01798620996209155, 'generation': 4}"
"{'id': 293, 'rank': 1, 'fitness': 0.9820137900379085, 'generation': 5}","{'id': 303, 'rank': 2, 'fitness': 0.9755121671985927, 'generation': 5}","{'id': 270, 'rank': 3, 'fitness': 0.9646993334087901, 'generation': 5}","{'id': 270, 'rank': 4, 'fitness': 0.9646993334087901, 'generation': 5}","{'id': 229, 'rank': 5, 'fitness': 0.9552118789887165, 'generation': 5}","{'id': 240, 'rank': 6, 'fitness': 0.9545467760466868, 'generation': 5}","{'id': 289, 'rank': 7, 'fitness': 0.9490086127297603, 'generation': 5}","{'id': 289, 'rank': 8, 'fitness': 0.9490086127297603, 'generation': 5}","{'id': 195, 'rank': 9, 'fitness': 0.944787722107284, 'generation': 5}","{'id': 304, 'rank': 10, 'fitness': 0.939217627553788, 'generation': 5}","{'id': 272, 'rank': 11, 'fitness': 0.9325310219978322, 'generation': 5}","{'id': 311, 'rank': 12, 'fitness': 0.903262491556083, 'generation': 5}","{'id': 311, 'rank': 13, 'fitness': 0.903262491556083, 'generation': 5}","{'id': 307, 'rank': 14, 'fitness': 0.9000406195141738, 'generation': 5}","{'id': 155, 'rank': 15, 'fitness': 0.8909053855769666, 'generation': 5}","{'id': 263, 'rank': 16, 'fitness': 0.889611148073758, 'generation': 5}","{'id': 253, 'rank': 17, 'fitness': 0.8680628142840566, 'generation': 5}","{'id': 286, 'rank': 18, 'fitness': 0.8087595938909271, 'generation': 5}","{'id': 205, 'rank': 19, 'fitness': 0.7991815047666011, 'generation': 5}","{'id': 205, 'rank': 20, 'fitness': 0.7991815047666011, 'generation': 5}","{'id': 79, 'rank': 21, 'fitness': 0.7727474844590914, 'generation': 5}","{'id': 79, 'rank': 22, 'fitness': 0.7727474844590914, 'generation': 5}","{'id': 262, 'rank': 23, 'fitness': 0.754844432093524, 'generation': 5}","{'id': 249, 'rank': 24, 'fitness': 0.7213188956959734, 'generation': 5}","{'id': 323, 'rank': 25, 'fitness': 0.6811141265880649, 'generation': 5}","{'id': 323, 'rank': 26, 'fitness': 0.6811141265880649, 'generation': 5}","{'id': 284, 'rank': 27, 'fitness': 0.4237421188678723, 'generation': 5}","{'id': 291, 'rank': 28, 'fitness': 0.3205930315741127, 'generation': 5}","{'id': 246, 'rank': 29, 'fitness': 0.022193589595655427, 'generation': 5}","{'id': 267, 'rank': 30, 'fitness': 0.01798620996209155, 'generation': 5}"
"{'id': 329, 'rank': 1, 'fitness': 0.9820137900379085, 'generation': 6}","{'id': 329, 'rank': 2, 'fitness': 0.9820137900379085, 'generation': 6}","{'id': 370, 'rank': 3, 'fitness': 0.9667454774866204, 'generation': 6}","{'id': 370, 'rank': 4, 'fitness': 0.9667454774866204, 'generation': 6}","{'id': 354, 'rank': 5, 'fitness': 0.9574355281690781, 'generation': 6}","{'id': 354, 'rank': 6, 'fitness': 0.9574355281690781, 'generation': 6}","{'id': 330, 'rank': 7, 'fitness': 0.6763931408457836, 'generation': 6}","{'id': 303, 'rank': 8, 'fitness': 0.5653597347770767, 'generation': 6}","{'id': 303, 'rank': 9, 'fitness': 0.5653597347770767, 'generation': 6}","{'id': 381, 'rank': 10, 'fitness': 0.561460485299518, 'generation': 6}","{'id': 338, 'rank': 11, 'fitness': 0.49977262382781107, 'generation': 6}","{'id': 338, 'rank': 12, 'fitness': 0.49977262382781107, 'generation': 6}","{'id': 270, 'rank': 13, 'fitness': 0.409849715100373, 'generation': 6}","{'id': 382, 'rank': 14, 'fitness': 0.38713144731612187, 'generation': 6}","{'id': 393, 'rank': 15, 'fitness': 0.3183560865796698, 'generation': 6}","{'id': 393, 'rank': 16, 'fitness': 0.3183560865796698, 'generation': 6}","{'id': 392, 'rank': 17, 'fitness': 0.311355452359042, 'generation': 6}","{'id': 289, 'rank': 18, 'fitness': 0.26810822087951547, 'generation': 6}","{'id': 304, 'rank': 19, 'fitness': 0.21182260312829787, 'generation': 6}","{'id': 304, 'rank': 20, 'fitness': 0.21182260312829787, 'generation': 6}","{'id': 371, 'rank': 21, 'fitness': 0.13278344316293267, 'generation': 6}","{'id': 311, 'rank': 22, 'fitness': 0.10407494079675322, 'generation': 6}","{'id': 263, 'rank': 23, 'fitness': 0.08333222092986792, 'generation': 6}","{'id': 340, 'rank': 24, 'fitness': 0.062132144693160085, 'generation': 6}","{'id': 340, 'rank': 25, 'fitness': 0.062132144693160085, 'generation': 6}","{'id': 359, 'rank': 26, 'fitness': 0.03507300804462837, 'generation': 6}","{'id': 286, 'rank': 27, 'fitness': 0.03013187216572405, 'generation': 6}","{'id': 205, 'rank': 28, 'fitness': 0.027310652150891124, 'generation': 6}","{'id': 79, 'rank': 29, 'fitness': 0.02115075264391625, 'generation': 6}","{'id': 262, 'rank': 30, 'fitness': 0.01798620996209155, 'generation': 6}"
"{'id': 423, 'rank': 1, 'fitness': 0.9820137900379085, 'generation': 7}","{'id': 423, 'rank': 2, 'fitness': 0.9820137900379085, 'generation': 7}","{'id': 416, 'rank': 3, 'fitness': 0.9808748713332845, 'generation': 7}","{'id': 416, 'rank': 4, 'fitness': 0.9808748713332845, 'generation': 7}","{'id': 416, 'rank': 5, 'fitness': 0.9808748713332845, 'generation': 7}","{'id': 425, 'rank': 6, 'fitness': 0.9808322509264846, 'generation': 7}","{'id': 425, 'rank': 7, 'fitness': 0.9808322509264846, 'generation': 7}","{'id': 425, 'rank': 8, 'fitness': 0.9808322509264846, 'generation': 7}","{'id': 405, 'rank': 9, 'fitness': 0.9805422604030912, 'generation': 7}","{'id': 424, 'rank': 10, 'fitness': 0.9782738768565336, 'generation': 7}","{'id': 370, 'rank': 11, 'fitness': 0.9777732316055623, 'generation': 7}","{'id': 354, 'rank': 12, 'fitness': 0.9772295057360632, 'generation': 7}","{'id': 354, 'rank': 13, 'fitness': 0.9772295057360632, 'generation': 7}","{'id': 409, 'rank': 14, 'fitness': 0.9735476765663313, 'generation': 7}","{'id': 407, 'rank': 15, 'fitness': 0.9727104216835584, 'generation': 7}","{'id': 330, 'rank': 16, 'fitness': 0.9715359164830286, 'generation': 7}","{'id': 330, 'rank': 17, 'fitness': 0.9715359164830286, 'generation': 7}","{'id': 303, 'rank': 18, 'fitness': 0.9702440200721738, 'generation': 7}","{'id': 338, 'rank': 19, 'fitness': 0.9695009178904928, 'generation': 7}","{'id': 382, 'rank': 20, 'fitness': 0.9681667348629162, 'generation': 7}","{'id': 393, 'rank': 21, 'fitness': 0.9672573990595935, 'generation': 7}","{'id': 392, 'rank': 22, 'fitness': 0.9671581841464805, 'generation': 7}","{'id': 304, 'rank': 23, 'fitness': 0.9655277177456145, 'generation': 7}","{'id': 304, 'rank': 24, 'fitness': 0.9655277177456145, 'generation': 7}","{'id': 286, 'rank': 25, 'fitness': 0.9578940866273992, 'generation': 7}","{'id': 286, 'rank': 26, 'fitness': 0.9578940866273992, 'generation': 7}","{'id': 205, 'rank': 27, 'fitness': 0.9574988472212043, 'generation': 7}","{'id': 411, 'rank': 28, 'fitness': 0.1844001141156117, 'generation': 7}","{'id': 434, 'rank': 29, 'fitness': 0.03456621527030196, 'generation': 7}","{'id': 435, 'rank': 30, 'fitness': 0.01798620996209155, 'generation': 7}"
"{'id': 423, 'rank': 1, 'fitness': 0.9820137900379085, 'generation': 8}","{'id': 423, 'rank': 2, 'fitness': 0.9820137900379085, 'generation': 8}","{'id': 451, 'rank': 3, 'fitness': 0.980143593908047, 'generation': 8}","{'id': 496, 'rank': 4, 'fitness': 0.9799656847003988, 'generation': 8}","{'id': 447, 'rank': 5, 'fitness': 0.975784008334232, 'generation': 8}","{'id': 447, 'rank': 6, 'fitness': 0.975784008334232, 'generation': 8}","{'id': 445, 'rank': 7, 'fitness': 0.9753610155586947, 'generation': 8}","{'id': 510, 'rank': 8, 'fitness': 0.972827849271019, 'generation': 8}","{'id': 510, 'rank': 9, 'fitness': 0.972827849271019, 'generation': 8}","{'id': 483, 'rank': 10, 'fitness': 0.972532288159778, 'generation': 8}","{'id': 520, 'rank': 11, 'fitness': 0.9691243756397873, 'generation': 8}","{'id': 520, 'rank': 12, 'fitness': 0.9691243756397873, 'generation': 8}","{'id': 416, 'rank': 13, 'fitness': 0.9683719161625657, 'generation': 8}","{'id': 416, 'rank': 14, 'fitness': 0.9683719161625657, 'generation': 8}","{'id': 416, 'rank': 15, 'fitness': 0.9683719161625657, 'generation': 8}","{'id': 416, 'rank': 16, 'fitness': 0.9683719161625657, 'generation': 8}","{'id': 425, 'rank': 17, 'fitness': 0.9677228633771884, 'generation': 8}","{'id': 513, 'rank': 18, 'fitness': 0.9646388825993362, 'generation': 8}","{'id': 449, 'rank': 19, 'fitness': 0.9540843599628274, 'generation': 8}","{'id': 508, 'rank': 20, 'fitness': 0.8843082529244914, 'generation': 8}","{'id': 478, 'rank': 21, 'fitness': 0.7363127753547353, 'generation': 8}","{'id': 461, 'rank': 22, 'fitness': 0.722348521901936, 'generation': 8}","{'id': 461, 'rank': 23, 'fitness': 0.722348521901936, 'generation': 8}","{'id': 409, 'rank': 24, 'fitness': 0.5874181686876817, 'generation': 8}","{'id': 330, 'rank': 25, 'fitness': 0.4149435076725153, 'generation': 8}","{'id': 487, 'rank': 26, 'fitness': 0.2924146272100486, 'generation': 8}","{'id': 393, 'rank': 27, 'fitness': 0.15720606506366358, 'generation': 8}","{'id': 304, 'rank': 28, 'fitness': 0.10232092714044544, 'generation': 8}","{'id': 511, 'rank': 29, 'fitness': 0.02848888211461381, 'generation': 8}","{'id': 489, 'rank': 30, 'fitness': 0.01798620996209155, 'generation': 8}"
"{'id': 556, 'rank': 1, 'fitness': 0.9820137900379085, 'generation': 9}","{'id': 586, 'rank': 2, 'fitness': 0.98049306708051, 'generation': 9}","{'id': 587, 'rank': 3, 'fitness': 0.9771312816650242, 'generation': 9}","{'id': 542, 'rank': 4, 'fitness': 0.9770853726392291, 'generation': 9}","{'id': 575, 'rank': 5, 'fitness': 0.9761199753188612, 'generation': 9}","{'id': 591, 'rank': 6, 'fitness': 0.9753649893103642, 'generation': 9}","{'id': 539, 'rank': 7, 'fitness': 0.9730349845435518, 'generation': 9}","{'id': 577, 'rank': 8, 'fitness': 0.970655336386117, 'generation': 9}","{'id': 541, 'rank': 9, 'fitness': 0.969949776028029, 'generation': 9}","{'id': 541, 'rank': 10, 'fitness': 0.969949776028029, 'generation': 9}","{'id': 527, 'rank': 11, 'fitness': 0.9688850346622182, 'generation': 9}","{'id': 540, 'rank': 12, 'fitness': 0.9678015669970248, 'generation': 9}","{'id': 540, 'rank': 13, 'fitness': 0.9678015669970248, 'generation': 9}","{'id': 526, 'rank': 14, 'fitness': 0.9663289730895079, 'generation': 9}","{'id': 423, 'rank': 15, 'fitness': 0.9643348393967053, 'generation': 9}","{'id': 423, 'rank': 16, 'fitness': 0.9643348393967053, 'generation': 9}","{'id': 590, 'rank': 17, 'fitness': 0.9629260693676898, 'generation': 9}","{'id': 538, 'rank': 18, 'fitness': 0.9620461235808435, 'generation': 9}","{'id': 445, 'rank': 19, 'fitness': 0.9600826455806692, 'generation': 9}","{'id': 510, 'rank': 20, 'fitness': 0.9586570990904413, 'generation': 9}","{'id': 483, 'rank': 21, 'fitness': 0.9584963103319368, 'generation': 9}","{'id': 568, 'rank': 22, 'fitness': 0.9570998225154524, 'generation': 9}","{'id': 543, 'rank': 23, 'fitness': 0.9566023198864064, 'generation': 9}","{'id': 416, 'rank': 24, 'fitness': 0.9563398058399443, 'generation': 9}","{'id': 416, 'rank': 25, 'fitness': 0.9563398058399443, 'generation': 9}","{'id': 566, 'rank': 26, 'fitness': 0.946983544975372, 'generation': 9}","{'id': 558, 'rank': 27, 'fitness': 0.9331257005712306, 'generation': 9}","{'id': 563, 'rank': 28, 'fitness': 0.9291678344912839, 'generation': 9}","{'id': 544, 'rank': 29, 'fitness': 0.9025437998181556, 'generation': 9}","{'id': 594, 'rank': 30, 'fitness': 0.01798620996209155, 'generation': 9}"
"{'id': 616, 'rank': 1, 'fitness': 0.9820137900379085, 'generation': 10}","{'id': 601, 'rank': 2, 'fitness': 0.9813198683527553, 'generation': 10}","{'id': 654, 'rank': 3, 'fitness': 0.949111170340537, 'generation': 10}","{'id': 654, 'rank': 4, 'fitness': 0.949111170340537, 'generation': 10}","{'id': 654, 'rank': 5, 'fitness': 0.949111170340537, 'generation': 10}","{'id': 679, 'rank': 6, 'fitness': 0.928794455450271, 'generation': 10}","{'id': 622, 'rank': 7, 'fitness': 0.9168830020178969, 'generation': 10}","{'id': 603, 'rank': 8, 'fitness': 0.8803909917550856, 'generation': 10}","{'id': 685, 'rank': 9, 'fitness': 0.8642416867103964, 'generation': 10}","{'id': 683, 'rank': 10, 'fitness': 0.8056221379013337, 'generation': 10}","{'id': 686, 'rank': 11, 'fitness': 0.7725515646691923, 'generation': 10}","{'id': 586, 'rank': 12, 'fitness': 0.7518728493263247, 'generation': 10}","{'id': 599, 'rank': 13, 'fitness': 0.7440068892719739, 'generation': 10}","{'id': 673, 'rank': 14, 'fitness': 0.727734645712955, 'generation': 10}","{'id': 650, 'rank': 15, 'fitness': 0.6572695220617336, 'generation': 10}","{'id': 609, 'rank': 16, 'fitness': 0.5839424396137305, 'generation': 10}","{'id': 587, 'rank': 17, 'fitness': 0.5419823515327155, 'generation': 10}","{'id': 681, 'rank': 18, 'fitness': 0.51620819474799, 'generation': 10}","{'id': 681, 'rank': 19, 'fitness': 0.51620819474799, 'generation': 10}","{'id': 539, 'rank': 20, 'fitness': 0.30793008504365915, 'generation': 10}","{'id': 607, 'rank': 21, 'fitness': 0.26885330749079916, 'generation': 10}","{'id': 577, 'rank': 22, 'fitness': 0.21189354440049302, 'generation': 10}","{'id': 541, 'rank': 23, 'fitness': 0.18918772273802265, 'generation': 10}","{'id': 540, 'rank': 24, 'fitness': 0.13379248884508155, 'generation': 10}","{'id': 526, 'rank': 25, 'fitness': 0.10569173366735518, 'generation': 10}","{'id': 656, 'rank': 26, 'fitness': 0.06403968289503065, 'generation': 10}","{'id': 600, 'rank': 27, 'fitness': 0.05181799047517471, 'generation': 10}","{'id': 605, 'rank': 28, 'fitness': 0.038775705870680854, 'generation': 10}","{'id': 680, 'rank': 29, 'fitness': 0.01836851166255571, 'generation': 10}","{'id': 678, 'rank': 30, 'fitness': 0.01798620996209155, 'generation': 10}"
"{'id': 746, 'rank': 1, 'fitness': 0.9820137900379085, 'generation': 11}","{'id': 693, 'rank': 2, 'fitness': 0.9751574770939165, 'generation': 11}","{'id': 730, 'rank': 3, 'fitness': 0.974233096999056, 'generation': 11}","{'id': 711, 'rank': 4, 'fitness': 0.9720736716117646, 'generation': 11}","{'id': 691, 'rank': 5, 'fitness': 0.9715076429222718, 'generation': 11}","{'id': 654, 'rank': 6, 'fitness': 0.9670708147154892, 'generation': 11}","{'id': 679, 'rank': 7, 'fitness': 0.9660022250336884, 'generation': 11}","{'id': 679, 'rank': 8, 'fitness': 0.9660022250336884, 'generation': 11}","{'id': 622, 'rank': 9, 'fitness': 0.9654899481049035, 'generation': 11}","{'id': 683, 'rank': 10, 'fitness': 0.9623457051974569, 'generation': 11}","{'id': 741, 'rank': 11, 'fitness': 0.9622034267475837, 'generation': 11}","{'id': 599, 'rank': 12, 'fitness': 0.9611391068772519, 'generation': 11}","{'id': 650, 'rank': 13, 'fitness': 0.9596784735953429, 'generation': 11}","{'id': 587, 'rank': 14, 'fitness': 0.9579161767924539, 'generation': 11}","{'id': 721, 'rank': 15, 'fitness': 0.955165080397282, 'generation': 11}","{'id': 696, 'rank': 16, 'fitness': 0.9540787288066078, 'generation': 11}","{'id': 577, 'rank': 17, 'fitness': 0.9520364665187292, 'generation': 11}","{'id': 526, 'rank': 18, 'fitness': 0.9484465709000834, 'generation': 11}","{'id': 526, 'rank': 19, 'fitness': 0.9484465709000834, 'generation': 11}","{'id': 728, 'rank': 20, 'fitness': 0.9482246186386779, 'generation': 11}","{'id': 656, 'rank': 21, 'fitness': 0.9459204533607233, 'generation': 11}","{'id': 656, 'rank': 22, 'fitness': 0.9459204533607233, 'generation': 11}","{'id': 680, 'rank': 23, 'fitness': 0.9394540868920505, 'generation': 11}","{'id': 678, 'rank': 24, 'fitness': 0.9393413936971102, 'generation': 11}","{'id': 694, 'rank': 25, 'fitness': 0.9386299788204486, 'generation': 11}","{'id': 720, 'rank': 26, 'fitness': 0.9129358127746708, 'generation': 11}","{'id': 707, 'rank': 27, 'fitness': 0.9083331194932422, 'generation': 11}","{'id': 703, 'rank': 28, 'fitness': 0.7369678633828198, 'generation': 11}","{'id': 714, 'rank': 29, 'fitness': 0.45281507172720764, 'generation': 11}","{'id': 738, 'rank': 30, 'fitness': 0.01798620996209155, 'generation': 11}"
"{'id': 746, 'rank': 1, 'fitness': 0.9820137900379085, 'generation': 12}","{'id': 765, 'rank': 2, 'fitness': 0.9757205090255009, 'generation': 12}","{'id': 782, 'rank': 3, 'fitness': 0.97075738212047, 'generation': 12}","{'id': 810, 'rank': 4, 'fitness': 0.9259655865477927, 'generation': 12}","{'id': 788, 'rank': 5, 'fitness': 0.9092588232020153, 'generation': 12}","{'id': 788, 'rank': 6, 'fitness': 0.9092588232020153, 'generation': 12}","{'id': 730, 'rank': 7, 'fitness': 0.9069968879044854, 'generation': 12}","{'id': 730, 'rank': 8, 'fitness': 0.9069968879044854, 'generation': 12}","{'id': 771, 'rank': 9, 'fitness': 0.9016555224087714, 'generation': 12}","{'id': 691, 'rank': 10, 'fitness': 0.8572991231548701, 'generation': 12}","{'id': 794, 'rank': 11, 'fitness': 0.7938466785889586, 'generation': 12}","{'id': 794, 'rank': 12, 'fitness': 0.7938466785889586, 'generation': 12}","{'id': 789, 'rank': 13, 'fitness': 0.7268277450948022, 'generation': 12}","{'id': 820, 'rank': 14, 'fitness': 0.6724001048160875, 'generation': 12}","{'id': 755, 'rank': 15, 'fitness': 0.6184285448062892, 'generation': 12}","{'id': 750, 'rank': 16, 'fitness': 0.5594735208480686, 'generation': 12}","{'id': 750, 'rank': 17, 'fitness': 0.5594735208480686, 'generation': 12}","{'id': 792, 'rank': 18, 'fitness': 0.41026760044958244, 'generation': 12}","{'id': 807, 'rank': 19, 'fitness': 0.3904213402341858, 'generation': 12}","{'id': 696, 'rank': 20, 'fitness': 0.3706827361705612, 'generation': 12}","{'id': 696, 'rank': 21, 'fitness': 0.3706827361705612, 'generation': 12}","{'id': 833, 'rank': 22, 'fitness': 0.3240369273582722, 'generation': 12}","{'id': 577, 'rank': 23, 'fitness': 0.32228001677189, 'generation': 12}","{'id': 526, 'rank': 24, 'fitness': 0.24985614383924876, 'generation': 12}","{'id': 526, 'rank': 25, 'fitness': 0.24985614383924876, 'generation': 12}","{'id': 728, 'rank': 26, 'fitness': 0.24589705597072264, 'generation': 12}","{'id': 728, 'rank': 27, 'fitness': 0.24589705597072264, 'generation': 12}","{'id': 762, 'rank': 28, 'fitness': 0.19507232349891518, 'generation': 12}","{'id': 781, 'rank': 29, 'fitness': 0.0182633205137, 'generation': 12}","{'id': 707, 'rank': 30, 'fitness': 0.01798620996209155, 'generation': 12}"
"{'id': 886, 'rank': 1, 'fitness': 0.9820137900379085, 'generation': 13}","{'id': 841, 'rank': 2, 'fitness': 0.9815991767229169, 'generation': 13}","{'id': 898, 'rank': 3, 'fitness': 0.9809875417469391, 'generation': 13}","{'id': 835, 'rank': 4, 'fitness': 0.9799600007976093, 'generation': 13}","{'id': 765, 'rank': 5, 'fitness': 0.9776654635171551, 'generation': 13}","{'id': 765, 'rank': 6, 'fitness': 0.9776654635171551, 'generation': 13}","{'id': 844, 'rank': 7, 'fitness': 0.9763427705081275, 'generation': 13}","{'id': 844, 'rank': 8, 'fitness': 0.9763427705081275, 'generation': 13}","{'id': 844, 'rank': 9, 'fitness': 0.9763427705081275, 'generation': 13}","{'id': 899, 'rank': 10, 'fitness': 0.971423907350813, 'generation': 13}","{'id': 899, 'rank': 11, 'fitness': 0.971423907350813, 'generation': 13}","{'id': 730, 'rank': 12, 'fitness': 0.9714158511367051, 'generation': 13}","{'id': 730, 'rank': 13, 'fitness': 0.9714158511367051, 'generation': 13}","{'id': 730, 'rank': 14, 'fitness': 0.9714158511367051, 'generation': 13}","{'id': 851, 'rank': 15, 'fitness': 0.9625095733832907, 'generation': 13}","{'id': 873, 'rank': 16, 'fitness': 0.9595455373636214, 'generation': 13}","{'id': 750, 'rank': 17, 'fitness': 0.959359605742095, 'generation': 13}","{'id': 792, 'rank': 18, 'fitness': 0.9549510546348888, 'generation': 13}","{'id': 696, 'rank': 19, 'fitness': 0.9536537168213296, 'generation': 13}","{'id': 833, 'rank': 20, 'fitness': 0.9519987373353151, 'generation': 13}","{'id': 577, 'rank': 21, 'fitness': 0.951933079089601, 'generation': 13}","{'id': 526, 'rank': 22, 'fitness': 0.9489354420240428, 'generation': 13}","{'id': 728, 'rank': 23, 'fitness': 0.9487511762649196, 'generation': 13}","{'id': 728, 'rank': 24, 'fitness': 0.9487511762649196, 'generation': 13}","{'id': 728, 'rank': 25, 'fitness': 0.9487511762649196, 'generation': 13}","{'id': 762, 'rank': 26, 'fitness': 0.9461094935237905, 'generation': 13}","{'id': 853, 'rank': 27, 'fitness': 0.9106518725269185, 'generation': 13}","{'id': 883, 'rank': 28, 'fitness': 0.8838441042865213, 'generation': 13}","{'id': 839, 'rank': 29, 'fitness': 0.27780571036552654, 'generation': 13}","{'id': 865, 'rank': 30, 'fitness': 0.01798620996209155, 'generation': 13}"
"{'id': 976, 'rank': 1, 'fitness': 0.9820137900379085, 'generation': 14}","{'id': 841, 'rank': 2, 'fitness': 0.9389587017834975, 'generation': 14}","{'id': 901, 'rank': 3, 'fitness': 0.9355092276853663, 'generation': 14}","{'id': 898, 'rank': 4, 'fitness': 0.9296457003508833, 'generation': 14}","{'id': 928, 'rank': 5, 'fitness': 0.8892348616759022, 'generation': 14}","{'id': 930, 'rank': 6, 'fitness': 0.8833398456318728, 'generation': 14}","{'id': 765, 'rank': 7, 'fitness': 0.8619277421662428, 'generation': 14}","{'id': 765, 'rank': 8, 'fitness': 0.8619277421662428, 'generation': 14}","{'id': 963, 'rank': 9, 'fitness': 0.8493706790488538, 'generation': 14}","{'id': 946, 'rank': 10, 'fitness': 0.7839610165726949, 'generation': 14}","{'id': 986, 'rank': 11, 'fitness': 0.7812909547295024, 'generation': 14}","{'id': 977, 'rank': 12, 'fitness': 0.7412266207839984, 'generation': 14}","{'id': 977, 'rank': 13, 'fitness': 0.7412266207839984, 'generation': 14}","{'id': 977, 'rank': 14, 'fitness': 0.7412266207839984, 'generation': 14}","{'id': 977, 'rank': 15, 'fitness': 0.7412266207839984, 'generation': 14}","{'id': 919, 'rank': 16, 'fitness': 0.7079046439851963, 'generation': 14}","{'id': 730, 'rank': 17, 'fitness': 0.6630757469455073, 'generation': 14}","{'id': 969, 'rank': 18, 'fitness': 0.4684361526751498, 'generation': 14}","{'id': 967, 'rank': 19, 'fitness': 0.39064172177388035, 'generation': 14}","{'id': 967, 'rank': 20, 'fitness': 0.39064172177388035, 'generation': 14}","{'id': 912, 'rank': 21, 'fitness': 0.3807743944656099, 'generation': 14}","{'id': 912, 'rank': 22, 'fitness': 0.3807743944656099, 'generation': 14}","{'id': 968, 'rank': 23, 'fitness': 0.3555036548450989, 'generation': 14}","{'id': 943, 'rank': 24, 'fitness': 0.255471873904799, 'generation': 14}","{'id': 910, 'rank': 25, 'fitness': 0.23298252436255834, 'generation': 14}","{'id': 907, 'rank': 26, 'fitness': 0.18704246551552428, 'generation': 14}","{'id': 577, 'rank': 27, 'fitness': 0.14361794813214918, 'generation': 14}","{'id': 913, 'rank': 28, 'fitness': 0.13310025214937332, 'generation': 14}","{'id': 954, 'rank': 29, 'fitness': 0.10303137959337982, 'generation': 14}","{'id': 972, 'rank': 30, 'fitness': 0.01798620996209155, 'generation': 14}"
"{'id': 1011, 'rank': 1, 'fitness': 0.9820137900379085, 'generation': 15}","{'id': 1011, 'rank': 2, 'fitness': 0.9820137900379085, 'generation': 15}","{'id': 1012, 'rank': 3, 'fitness': 0.9818806827562082, 'generation': 15}","{'id': 976, 'rank': 4, 'fitness': 0.9784482525553732, 'generation': 15}","{'id': 1004, 'rank': 5, 'fitness': 0.972054934542617, 'generation': 15}","{'id': 1000, 'rank': 6, 'fitness': 0.9604959386253398, 'generation': 15}","{'id': 841, 'rank': 7, 'fitness': 0.9560165947102307, 'generation': 15}","{'id': 898, 'rank': 8, 'fitness': 0.9521479965741891, 'generation': 15}","{'id': 898, 'rank': 9, 'fitness': 0.9521479965741891, 'generation': 15}","{'id': 1003, 'rank': 10, 'fitness': 0.9503964386897322, 'generation': 15}","{'id': 1003, 'rank': 11, 'fitness': 0.9503964386897322, 'generation': 15}","{'id': 928, 'rank': 12, 'fitness': 0.9370781408452067, 'generation': 15}","{'id': 928, 'rank': 13, 'fitness': 0.9370781408452067, 'generation': 15}","{'id': 928, 'rank': 14, 'fitness': 0.9370781408452067, 'generation': 15}","{'id': 1037, 'rank': 15, 'fitness': 0.9345659366041175, 'generation': 15}","{'id': 765, 'rank': 16, 'fitness': 0.9278826406534486, 'generation': 15}","{'id': 765, 'rank': 17, 'fitness': 0.9278826406534486, 'generation': 15}","{'id': 963, 'rank': 18, 'fitness': 0.9238234071771401, 'generation': 15}","{'id': 1036, 'rank': 19, 'fitness': 0.921691672119779, 'generation': 15}","{'id': 986, 'rank': 20, 'fitness': 0.9029166703745299, 'generation': 15}","{'id': 977, 'rank': 21, 'fitness': 0.8910634473493382, 'generation': 15}","{'id': 991, 'rank': 22, 'fitness': 0.8847339728450228, 'generation': 15}","{'id': 919, 'rank': 23, 'fitness': 0.8812664498734669, 'generation': 15}","{'id': 990, 'rank': 24, 'fitness': 0.7845791826327203, 'generation': 15}","{'id': 968, 'rank': 25, 'fitness': 0.7583879234748883, 'generation': 15}","{'id': 1038, 'rank': 26, 'fitness': 0.6944152993128248, 'generation': 15}","{'id': 992, 'rank': 27, 'fitness': 0.6883791999644898, 'generation': 15}","{'id': 907, 'rank': 28, 'fitness': 0.6537242833942095, 'generation': 15}","{'id': 907, 'rank': 29, 'fitness': 0.6537242833942095, 'generation': 15}","{'id': 993, 'rank': 30, 'fitness': 0.01798620996209155, 'generation': 15}"
"{'id': 1100, 'rank': 1, 'fitness': 0.9820137900379085, 'generation': 16}","{'id': 1076, 'rank': 2, 'fitness': 0.9553104853541606, 'generation': 16}","{'id': 1012, 'rank': 3, 'fitness': 0.925446709912501, 'generation': 16}","{'id': 1012, 'rank': 4, 'fitness': 0.925446709912501, 'generation': 16}","{'id': 1012, 'rank': 5, 'fitness': 0.925446709912501, 'generation': 16}","{'id': 1110, 'rank': 6, 'fitness': 0.9133798360409442, 'generation': 16}","{'id': 1102, 'rank': 7, 'fitness': 0.9091696594170917, 'generation': 16}","{'id': 1067, 'rank': 8, 'fitness': 0.895431692308045, 'generation': 16}","{'id': 976, 'rank': 9, 'fitness': 0.8863876208884932, 'generation': 16}","{'id': 1123, 'rank': 10, 'fitness': 0.8740289719541314, 'generation': 16}","{'id': 1126, 'rank': 11, 'fitness': 0.8584656922517623, 'generation': 16}","{'id': 1075, 'rank': 12, 'fitness': 0.8054682295492813, 'generation': 16}","{'id': 1075, 'rank': 13, 'fitness': 0.8054682295492813, 'generation': 16}","{'id': 1078, 'rank': 14, 'fitness': 0.6817543216378008, 'generation': 16}","{'id': 1112, 'rank': 15, 'fitness': 0.6663444602403639, 'generation': 16}","{'id': 1079, 'rank': 16, 'fitness': 0.6051409602159992, 'generation': 16}","{'id': 1057, 'rank': 17, 'fitness': 0.575837752200097, 'generation': 16}","{'id': 841, 'rank': 18, 'fitness': 0.5303727512866455, 'generation': 16}","{'id': 898, 'rank': 19, 'fitness': 0.47247636079463007, 'generation': 16}","{'id': 765, 'rank': 20, 'fitness': 0.2219612933285085, 'generation': 16}","{'id': 1044, 'rank': 21, 'fitness': 0.22157671392699851, 'generation': 16}","{'id': 1036, 'rank': 22, 'fitness': 0.18422926235909365, 'generation': 16}","{'id': 1036, 'rank': 23, 'fitness': 0.18422926235909365, 'generation': 16}","{'id': 1113, 'rank': 24, 'fitness': 0.16124600396181293, 'generation': 16}","{'id': 1088, 'rank': 25, 'fitness': 0.15535254072657256, 'generation': 16}","{'id': 986, 'rank': 26, 'fitness': 0.10852465053616545, 'generation': 16}","{'id': 977, 'rank': 27, 'fitness': 0.07996276217732656, 'generation': 16}","{'id': 1101, 'rank': 28, 'fitness': 0.0548326737195759, 'generation': 16}","{'id': 1097, 'rank': 29, 'fitness': 0.029693984212586733, 'generation': 16}","{'id': 1053, 'rank': 30, 'fitness': 0.01798620996209155, 'generation': 16}"
"{'id': 1144, 'rank': 1, 'fitness': 0.9820137900379085, 'generation': 17}","{'id': 1178, 'rank': 2, 'fitness': 0.9798186541876134, 'generation': 17}","{'id': 1157, 'rank': 3, 'fitness': 0.9792066411606279, 'generation': 17}","{'id': 1100, 'rank': 4, 'fitness': 0.9789833874862863, 'generation': 17}","{'id': 1100, 'rank': 5, 'fitness': 0.9789833874862863, 'generation': 17}","{'id': 1100, 'rank': 6, 'fitness': 0.9789833874862863, 'generation': 17}","{'id': 1162, 'rank': 7, 'fitness': 0.9788259059226447, 'generation': 17}","{'id': 1128, 'rank': 8, 'fitness': 0.978111601101092, 'generation': 17}","{'id': 1012, 'rank': 9, 'fitness': 0.9751186437996346, 'generation': 17}","{'id': 1110, 'rank': 10, 'fitness': 0.9746527868916336, 'generation': 17}","{'id': 1110, 'rank': 11, 'fitness': 0.9746527868916336, 'generation': 17}","{'id': 1123, 'rank': 12, 'fitness': 0.9734184037416506, 'generation': 17}","{'id': 1126, 'rank': 13, 'fitness': 0.9730096020941512, 'generation': 17}","{'id': 1126, 'rank': 14, 'fitness': 0.9730096020941512, 'generation': 17}","{'id': 1159, 'rank': 15, 'fitness': 0.9727833929573668, 'generation': 17}","{'id': 1132, 'rank': 16, 'fitness': 0.9722690200097265, 'generation': 17}","{'id': 1148, 'rank': 17, 'fitness': 0.9721386233194422, 'generation': 17}","{'id': 1075, 'rank': 18, 'fitness': 0.9718152616172243, 'generation': 17}","{'id': 1112, 'rank': 19, 'fitness': 0.9693901239480902, 'generation': 17}","{'id': 1181, 'rank': 20, 'fitness': 0.9686850908024802, 'generation': 17}","{'id': 1147, 'rank': 21, 'fitness': 0.9604659469049354, 'generation': 17}","{'id': 1088, 'rank': 22, 'fitness': 0.9599665928480866, 'generation': 17}","{'id': 986, 'rank': 23, 'fitness': 0.9580753447722172, 'generation': 17}","{'id': 1133, 'rank': 24, 'fitness': 0.9577269062544811, 'generation': 17}","{'id': 1133, 'rank': 25, 'fitness': 0.9577269062544811, 'generation': 17}","{'id': 977, 'rank': 26, 'fitness': 0.9564680635716246, 'generation': 17}","{'id': 1166, 'rank': 27, 'fitness': 0.8448124974563915, 'generation': 17}","{'id': 1167, 'rank': 28, 'fitness': 0.8290763998388538, 'generation': 17}","{'id': 1174, 'rank': 29, 'fitness': 0.32701052177729384, 'generation': 17}","{'id': 1175, 'rank': 30, 'fitness': 0.01798620996209155, 'generation': 17}"
"{'id': 1144, 'rank': 1, 'fitness': 0.9820137900379085, 'generation': 18}","{'id': 1266, 'rank': 2, 'fitness': 0.9604643722821138, 'generation': 18}","{'id': 1266, 'rank': 3, 'fitness': 0.9604643722821138, 'generation': 18}","{'id': 1157, 'rank': 4, 'fitness': 0.952691050243314, 'generation': 18}","{'id': 1100, 'rank': 5, 'fitness': 0.9492628887513705, 'generation': 18}","{'id': 1100, 'rank': 6, 'fitness': 0.9492628887513705, 'generation': 18}","{'id': 1267, 'rank': 7, 'fitness': 0.948906654039886, 'generation': 18}","{'id': 1270, 'rank': 8, 'fitness': 0.9240002598475832, 'generation': 18}","{'id': 1228, 'rank': 9, 'fitness': 0.9229568459840798, 'generation': 18}","{'id': 1207, 'rank': 10, 'fitness': 0.9179138821326254, 'generation': 18}","{'id': 1245, 'rank': 11, 'fitness': 0.9112260681243758, 'generation': 18}","{'id': 1231, 'rank': 12, 'fitness': 0.9077798701149123, 'generation': 18}","{'id': 1202, 'rank': 13, 'fitness': 0.8743862266691353, 'generation': 18}","{'id': 1204, 'rank': 14, 'fitness': 0.8424738348860841, 'generation': 18}","{'id': 1123, 'rank': 15, 'fitness': 0.7868975394056708, 'generation': 18}","{'id': 1240, 'rank': 16, 'fitness': 0.7244660436591488, 'generation': 18}","{'id': 1238, 'rank': 17, 'fitness': 0.685685906430052, 'generation': 18}","{'id': 1238, 'rank': 18, 'fitness': 0.685685906430052, 'generation': 18}","{'id': 1217, 'rank': 19, 'fitness': 0.6829910114585352, 'generation': 18}","{'id': 1195, 'rank': 20, 'fitness': 0.670853829475575, 'generation': 18}","{'id': 1220, 'rank': 21, 'fitness': 0.6589517452972478, 'generation': 18}","{'id': 1257, 'rank': 22, 'fitness': 0.6570659016223914, 'generation': 18}","{'id': 1218, 'rank': 23, 'fitness': 0.6081261048165746, 'generation': 18}","{'id': 1216, 'rank': 24, 'fitness': 0.47996988510505056, 'generation': 18}","{'id': 1258, 'rank': 25, 'fitness': 0.28981848120689774, 'generation': 18}","{'id': 986, 'rank': 26, 'fitness': 0.13309562777938627, 'generation': 18}","{'id': 1133, 'rank': 27, 'fitness': 0.12651456562097435, 'generation': 18}","{'id': 1210, 'rank': 28, 'fitness': 0.07992550529146175, 'generation': 18}","{'id': 1190, 'rank': 29, 'fitness': 0.049054179310190904, 'generation': 18}","{'id': 1259, 'rank': 30, 'fitness': 0.01798620996209155, 'generation': 18}"
"{'id': 1276, 'rank': 1, 'fitness': 0.9820137900379085, 'generation': 19}","{'id': 1276, 'rank': 2, 'fitness': 0.9820137900379085, 'generation': 19}","{'id': 1323, 'rank': 3, 'fitness': 0.9775184650229027, 'generation': 19}","{'id': 1323, 'rank': 4, 'fitness': 0.9775184650229027, 'generation': 19}","{'id': 1144, 'rank': 5, 'fitness': 0.9774784100208982, 'generation': 19}","{'id': 1144, 'rank': 6, 'fitness': 0.9774784100208982, 'generation': 19}","{'id': 1274, 'rank': 7, 'fitness': 0.9769865882513058, 'generation': 19}","{'id': 1266, 'rank': 8, 'fitness': 0.9762363940910859, 'generation': 19}","{'id': 1157, 'rank': 9, 'fitness': 0.9759392234991145, 'generation': 19}","{'id': 1100, 'rank': 10, 'fitness': 0.9758217229378674, 'generation': 19}","{'id': 1100, 'rank': 11, 'fitness': 0.9758217229378674, 'generation': 19}","{'id': 1315, 'rank': 12, 'fitness': 0.9758152189891808, 'generation': 19}","{'id': 1312, 'rank': 13, 'fitness': 0.9756964428686905, 'generation': 19}","{'id': 1314, 'rank': 14, 'fitness': 0.9751151955638464, 'generation': 19}","{'id': 1207, 'rank': 15, 'fitness': 0.9749838200198518, 'generation': 19}","{'id': 1245, 'rank': 16, 'fitness': 0.9748416875480838, 'generation': 19}","{'id': 1295, 'rank': 17, 'fitness': 0.9744979762114121, 'generation': 19}","{'id': 1307, 'rank': 18, 'fitness': 0.9741884577726055, 'generation': 19}","{'id': 1310, 'rank': 19, 'fitness': 0.9736323332404657, 'generation': 19}","{'id': 1123, 'rank': 20, 'fitness': 0.9730829176606446, 'generation': 19}","{'id': 1238, 'rank': 21, 'fitness': 0.9721314828103679, 'generation': 19}","{'id': 1218, 'rank': 22, 'fitness': 0.9714984512650959, 'generation': 19}","{'id': 1281, 'rank': 23, 'fitness': 0.9709831944363148, 'generation': 19}","{'id': 1216, 'rank': 24, 'fitness': 0.9705057115480481, 'generation': 19}","{'id': 1258, 'rank': 25, 'fitness': 0.9688784810978763, 'generation': 19}","{'id': 1330, 'rank': 26, 'fitness': 0.9684234905367968, 'generation': 19}","{'id': 1313, 'rank': 27, 'fitness': 0.9674238036733143, 'generation': 19}","{'id': 1190, 'rank': 28, 'fitness': 0.964356235011504, 'generation': 19}","{'id': 1332, 'rank': 29, 'fitness': 0.7310646950071801, 'generation': 19}","{'id': 1283, 'rank': 30, 'fitness': 0.01798620996209155, 'generation': 19}"
"{'id': 1380, 'rank': 1, 'fitness': 0.9820137900379085, 'generation': 20}","{'id': 1379, 'rank': 2, 'fitness': 0.973511000966397, 'generation': 20}","{'id': 1345, 'rank': 3, 'fitness': 0.9662505841260028, 'generation': 20}","{'id': 1403, 'rank': 4, 'fitness': 0.8872436773251944, 'generation': 20}","{'id': 1404, 'rank': 5, 'fitness': 0.8850430451077014, 'generation': 20}","{'id': 1352, 'rank': 6, 'fitness': 0.8678553957604462, 'generation': 20}","{'id': 1144, 'rank': 7, 'fitness': 0.8587394131790157, 'generation': 20}","{'id': 1274, 'rank': 8, 'fitness': 0.8332861304934859, 'generation': 20}","{'id': 1337, 'rank': 9, 'fitness': 0.8253262167200826, 'generation': 20}","{'id': 1385, 'rank': 10, 'fitness': 0.8166448544505622, 'generation': 20}","{'id': 1385, 'rank': 11, 'fitness': 0.8166448544505622, 'generation': 20}","{'id': 1338, 'rank': 12, 'fitness': 0.8107715269661417, 'generation': 20}","{'id': 1402, 'rank': 13, 'fitness': 0.7925183368094219, 'generation': 20}","{'id': 1157, 'rank': 14, 'fitness': 0.7694975259816019, 'generation': 20}","{'id': 1354, 'rank': 15, 'fitness': 0.7622618059205333, 'generation': 20}","{'id': 1315, 'rank': 16, 'fitness': 0.7611197503750946, 'generation': 20}","{'id': 1359, 'rank': 17, 'fitness': 0.7610027348602281, 'generation': 20}","{'id': 1388, 'rank': 18, 'fitness': 0.7353446603400805, 'generation': 20}","{'id': 1373, 'rank': 19, 'fitness': 0.7139098795951896, 'generation': 20}","{'id': 1360, 'rank': 20, 'fitness': 0.6742405230273675, 'generation': 20}","{'id': 1341, 'rank': 21, 'fitness': 0.6474212497837102, 'generation': 20}","{'id': 1394, 'rank': 22, 'fitness': 0.5785476221161765, 'generation': 20}","{'id': 1392, 'rank': 23, 'fitness': 0.5776029810588404, 'generation': 20}","{'id': 1384, 'rank': 24, 'fitness': 0.5702295411824797, 'generation': 20}","{'id': 1370, 'rank': 25, 'fitness': 0.5666323925351104, 'generation': 20}","{'id': 1393, 'rank': 26, 'fitness': 0.5246146916299385, 'generation': 20}","{'id': 1381, 'rank': 27, 'fitness': 0.4301557843685476, 'generation': 20}","{'id': 1399, 'rank': 28, 'fitness': 0.36858125226154015, 'generation': 20}","{'id': 1398, 'rank': 29, 'fitness': 0.15719861130670587, 'generation': 20}","{'id': 1408, 'rank': 30, 'fitness': 0.01798620996209155, 'generation': 20}"
"{'id': 1450, 'rank': 1, 'fitness': 0.9820137900379085, 'generation': 21}","{'id': 1441, 'rank': 2, 'fitness': 0.9805970635491618, 'generation': 21}","{'id': 1433, 'rank': 3, 'fitness': 0.9702075597968418, 'generation': 21}","{'id': 1427, 'rank': 4, 'fitness': 0.9700100160030829, 'generation': 21}","{'id': 1462, 'rank': 5, 'fitness': 0.9663926794582899, 'generation': 21}","{'id': 1434, 'rank': 6, 'fitness': 0.954587743695341, 'generation': 21}","{'id': 1403, 'rank': 7, 'fitness': 0.9447380336689121, 'generation': 21}","{'id': 1403, 'rank': 8, 'fitness': 0.9447380336689121, 'generation': 21}","{'id': 1404, 'rank': 9, 'fitness': 0.9443346021907275, 'generation': 21}","{'id': 1144, 'rank': 10, 'fitness': 0.9397845961750365, 'generation': 21}","{'id': 1144, 'rank': 11, 'fitness': 0.9397845961750365, 'generation': 21}","{'id': 1470, 'rank': 12, 'fitness': 0.9369822827866323, 'generation': 21}","{'id': 1385, 'rank': 13, 'fitness': 0.9332608498647015, 'generation': 21}","{'id': 1402, 'rank': 14, 'fitness': 0.9298025854876024, 'generation': 21}","{'id': 1402, 'rank': 15, 'fitness': 0.9298025854876024, 'generation': 21}","{'id': 1402, 'rank': 16, 'fitness': 0.9298025854876024, 'generation': 21}","{'id': 1354, 'rank': 17, 'fitness': 0.9256599374857741, 'generation': 21}","{'id': 1315, 'rank': 18, 'fitness': 0.9255069342961598, 'generation': 21}","{'id': 1341, 'rank': 19, 'fitness': 0.9109315859245566, 'generation': 21}","{'id': 1341, 'rank': 20, 'fitness': 0.9109315859245566, 'generation': 21}","{'id': 1370, 'rank': 21, 'fitness': 0.9007123429966066, 'generation': 21}","{'id': 1422, 'rank': 22, 'fitness': 0.8883875635852488, 'generation': 21}","{'id': 1452, 'rank': 23, 'fitness': 0.8792350147309865, 'generation': 21}","{'id': 1412, 'rank': 24, 'fitness': 0.858597205913066, 'generation': 21}","{'id': 1415, 'rank': 25, 'fitness': 0.7934456131238604, 'generation': 21}","{'id': 1453, 'rank': 26, 'fitness': 0.5952438430732079, 'generation': 21}","{'id': 1436, 'rank': 27, 'fitness': 0.5317065543799011, 'generation': 21}","{'id': 1460, 'rank': 28, 'fitness': 0.5168933445872013, 'generation': 21}","{'id': 1437, 'rank': 29, 'fitness': 0.1865890525065415, 'generation': 21}","{'id': 1468, 'rank': 30, 'fitness': 0.01798620996209155, 'generation': 21}"
"{'id': 1477, 'rank': 1, 'fitness': 0.9820137900379085, 'generation': 22}","{'id': 1477, 'rank': 2, 'fitness': 0.9820137900379085, 'generation': 22}","{'id': 1479, 'rank': 3, 'fitness': 0.9807436407679941, 'generation': 22}","{'id': 1481, 'rank': 4, 'fitness': 0.9806304494035263, 'generation': 22}","{'id': 1527, 'rank': 5, 'fitness': 0.9800353792018377, 'generation': 22}","{'id': 1427, 'rank': 6, 'fitness': 0.9738005736058111, 'generation': 22}","{'id': 1427, 'rank': 7, 'fitness': 0.9738005736058111, 'generation': 22}","{'id': 1475, 'rank': 8, 'fitness': 0.9714334028617578, 'generation': 22}","{'id': 1533, 'rank': 9, 'fitness': 0.9713105356367889, 'generation': 22}","{'id': 1462, 'rank': 10, 'fitness': 0.9707907549285069, 'generation': 22}","{'id': 1531, 'rank': 11, 'fitness': 0.9691093056815498, 'generation': 22}","{'id': 1531, 'rank': 12, 'fitness': 0.9691093056815498, 'generation': 22}","{'id': 1511, 'rank': 13, 'fitness': 0.9646927387447881, 'generation': 22}","{'id': 1511, 'rank': 14, 'fitness': 0.9646927387447881, 'generation': 22}","{'id': 1476, 'rank': 15, 'fitness': 0.9634493095843071, 'generation': 22}","{'id': 1476, 'rank': 16, 'fitness': 0.9634493095843071, 'generation': 22}","{'id': 1476, 'rank': 17, 'fitness': 0.9634493095843071, 'generation': 22}","{'id': 1503, 'rank': 18, 'fitness': 0.9566594115653557, 'generation': 22}","{'id': 1403, 'rank': 19, 'fitness': 0.9529856395145027, 'generation': 22}","{'id': 1144, 'rank': 20, 'fitness': 0.9489484302452782, 'generation': 22}","{'id': 1402, 'rank': 21, 'fitness': 0.9408390016360026, 'generation': 22}","{'id': 1402, 'rank': 22, 'fitness': 0.9408390016360026, 'generation': 22}","{'id': 1354, 'rank': 23, 'fitness': 0.9374817809538472, 'generation': 22}","{'id': 1513, 'rank': 24, 'fitness': 0.9316966199787133, 'generation': 22}","{'id': 1341, 'rank': 25, 'fitness': 0.9255737509914522, 'generation': 22}","{'id': 1546, 'rank': 26, 'fitness': 0.9067709074387765, 'generation': 22}","{'id': 1546, 'rank': 27, 'fitness': 0.9067709074387765, 'generation': 22}","{'id': 1412, 'rank': 28, 'fitness': 0.8833786387385256, 'generation': 22}","{'id': 1453, 'rank': 29, 'fitness': 0.6629400282963536, 'generation': 22}","{'id': 1538, 'rank': 30, 'fitness': 0.01798620996209155, 'generation': 22}"
"{'id': 1624, 'rank': 1, 'fitness': 0.9820137900379085, 'generation': 23}","{'id': 1624, 'rank': 2, 'fitness': 0.9820137900379085, 'generation': 23}","{'id': 1479, 'rank': 3, 'fitness': 0.9600343330283898, 'generation': 23}","{'id': 1549, 'rank': 4, 'fitness': 0.9563756700289153, 'generation': 23}","{'id': 1625, 'rank': 5, 'fitness': 0.9529030334133916, 'generation': 23}","{'id': 1584, 'rank': 6, 'fitness': 0.9346582635057878, 'generation': 23}","{'id': 1619, 'rank': 7, 'fitness': 0.8962611408502001, 'generation': 23}","{'id': 1620, 'rank': 8, 'fitness': 0.890034101157235, 'generation': 23}","{'id': 1427, 'rank': 9, 'fitness': 0.8797626202927225, 'generation': 23}","{'id': 1621, 'rank': 10, 'fitness': 0.8157406072680313, 'generation': 23}","{'id': 1531, 'rank': 11, 'fitness': 0.7941854552304921, 'generation': 23}","{'id': 1531, 'rank': 12, 'fitness': 0.7941854552304921, 'generation': 23}","{'id': 1612, 'rank': 13, 'fitness': 0.7136448236934002, 'generation': 23}","{'id': 1583, 'rank': 14, 'fitness': 0.6763189121303862, 'generation': 23}","{'id': 1476, 'rank': 15, 'fitness': 0.6667017559076273, 'generation': 23}","{'id': 1577, 'rank': 16, 'fitness': 0.6276151067487142, 'generation': 23}","{'id': 1577, 'rank': 17, 'fitness': 0.6276151067487142, 'generation': 23}","{'id': 1594, 'rank': 18, 'fitness': 0.557086057623265, 'generation': 23}","{'id': 1594, 'rank': 19, 'fitness': 0.557086057623265, 'generation': 23}","{'id': 1503, 'rank': 20, 'fitness': 0.5058975102497358, 'generation': 23}","{'id': 1611, 'rank': 21, 'fitness': 0.4515534848131795, 'generation': 23}","{'id': 1611, 'rank': 22, 'fitness': 0.4515534848131795, 'generation': 23}","{'id': 1613, 'rank': 23, 'fitness': 0.4437566113794626, 'generation': 23}","{'id': 1403, 'rank': 24, 'fitness': 0.4260507525001045, 'generation': 23}","{'id': 1558, 'rank': 25, 'fitness': 0.3209329207772087, 'generation': 23}","{'id': 1575, 'rank': 26, 'fitness': 0.09599328508067867, 'generation': 23}","{'id': 1602, 'rank': 27, 'fitness': 0.08958969190343613, 'generation': 23}","{'id': 1554, 'rank': 28, 'fitness': 0.01959514875835683, 'generation': 23}","{'id': 1554, 'rank': 29, 'fitness': 0.01959514875835683, 'generation': 23}","{'id': 1601, 'rank': 30, 'fitness': 0.01798620996209155, 'generation': 23}"
"{'id': 1624, 'rank': 1, 'fitness': 0.9820137900379085, 'generation': 24}","{'id': 1679, 'rank': 2, 'fitness': 0.9810124930738748, 'generation': 24}","{'id': 1686, 'rank': 3, 'fitness': 0.9806519924590328, 'generation': 24}","{'id': 1680, 'rank': 4, 'fitness': 0.9801058903104314, 'generation': 24}","{'id': 1680, 'rank': 5, 'fitness': 0.9801058903104314, 'generation': 24}","{'id': 1681, 'rank': 6, 'fitness': 0.9786750558295111, 'generation': 24}","{'id': 1681, 'rank': 7, 'fitness': 0.9786750558295111, 'generation': 24}","{'id': 1479, 'rank': 8, 'fitness': 0.9782509987169629, 'generation': 24}","{'id': 1549, 'rank': 9, 'fitness': 0.9777871569310277, 'generation': 24}","{'id': 1692, 'rank': 10, 'fitness': 0.9766515940879748, 'generation': 24}","{'id': 1687, 'rank': 11, 'fitness': 0.9735176353610198, 'generation': 24}","{'id': 1642, 'rank': 12, 'fitness': 0.9726822381423672, 'generation': 24}","{'id': 1531, 'rank': 13, 'fitness': 0.966900357429133, 'generation': 24}","{'id': 1612, 'rank': 14, 'fitness': 0.9634337693928763, 'generation': 24}","{'id': 1577, 'rank': 15, 'fitness': 0.9600382549230687, 'generation': 24}","{'id': 1594, 'rank': 16, 'fitness': 0.9573022142110337, 'generation': 24}","{'id': 1503, 'rank': 17, 'fitness': 0.9552724087892223, 'generation': 24}","{'id': 1633, 'rank': 18, 'fitness': 0.9374186302535104, 'generation': 24}","{'id': 1575, 'rank': 19, 'fitness': 0.9259789918972523, 'generation': 24}","{'id': 1653, 'rank': 20, 'fitness': 0.9164791999063806, 'generation': 24}","{'id': 1654, 'rank': 21, 'fitness': 0.9021181583905561, 'generation': 24}","{'id': 1554, 'rank': 22, 'fitness': 0.8940017597712032, 'generation': 24}","{'id': 1554, 'rank': 23, 'fitness': 0.8940017597712032, 'generation': 24}","{'id': 1601, 'rank': 24, 'fitness': 0.892032761714973, 'generation': 24}","{'id': 1666, 'rank': 25, 'fitness': 0.8640080328833168, 'generation': 24}","{'id': 1672, 'rank': 26, 'fitness': 0.6303057069953424, 'generation': 24}","{'id': 1672, 'rank': 27, 'fitness': 0.6303057069953424, 'generation': 24}","{'id': 1662, 'rank': 28, 'fitness': 0.3722802399019313, 'generation': 24}","{'id': 1662, 'rank': 29, 'fitness': 0.3722802399019313, 'generation': 24}","{'id': 1663, 'rank': 30, 'fitness': 0.01798620996209155, 'generation': 24}"
"{'id': 1730, 'rank': 1, 'fitness': 0.9820137900379085, 'generation': 25}","{'id': 1730, 'rank': 2, 'fitness': 0.9820137900379085, 'generation': 25}","{'id': 1624, 'rank': 3, 'fitness': 0.9661546854833656, 'generation': 25}","{'id': 1624, 'rank': 4, 'fitness': 0.9661546854833656, 'generation': 25}","{'id': 1729, 'rank': 5, 'fitness': 0.9661483842581068, 'generation': 25}","{'id': 1679, 'rank': 6, 'fitness': 0.9542520519186771, 'generation': 25}","{'id': 1776, 'rank': 7, 'fitness': 0.9510891713567127, 'generation': 25}","{'id': 1686, 'rank': 8, 'fitness': 0.9492510822835303, 'generation': 25}","{'id': 1777, 'rank': 9, 'fitness': 0.9464005775053398, 'generation': 25}","{'id': 1779, 'rank': 10, 'fitness': 0.9429806417701372, 'generation': 25}","{'id': 1745, 'rank': 11, 'fitness': 0.9329020415220864, 'generation': 25}","{'id': 1720, 'rank': 12, 'fitness': 0.9206021184649811, 'generation': 25}","{'id': 1728, 'rank': 13, 'fitness': 0.9156102530871749, 'generation': 25}","{'id': 1681, 'rank': 14, 'fitness': 0.9140651939783099, 'generation': 25}","{'id': 1681, 'rank': 15, 'fitness': 0.9140651939783099, 'generation': 25}","{'id': 1763, 'rank': 16, 'fitness': 0.9117470505077574, 'generation': 25}","{'id': 1780, 'rank': 17, 'fitness': 0.9072763954653653, 'generation': 25}","{'id': 1781, 'rank': 18, 'fitness': 0.8854507876267302, 'generation': 25}","{'id': 1692, 'rank': 19, 'fitness': 0.8626259207186852, 'generation': 25}","{'id': 1775, 'rank': 20, 'fitness': 0.7520746457221582, 'generation': 25}","{'id': 1762, 'rank': 21, 'fitness': 0.7297325149689954, 'generation': 25}","{'id': 1726, 'rank': 22, 'fitness': 0.7264401486342854, 'generation': 25}","{'id': 1642, 'rank': 23, 'fitness': 0.7153813434743306, 'generation': 25}","{'id': 1725, 'rank': 24, 'fitness': 0.6977543590957382, 'generation': 25}","{'id': 1732, 'rank': 25, 'fitness': 0.5494966957506536, 'generation': 25}","{'id': 1724, 'rank': 26, 'fitness': 0.28189521162521775, 'generation': 25}","{'id': 1577, 'rank': 27, 'fitness': 0.21167214813062712, 'generation': 25}","{'id': 1750, 'rank': 28, 'fitness': 0.07132500575909861, 'generation': 25}","{'id': 1633, 'rank': 29, 'fitness': 0.01798620996209155, 'generation': 25}","{'id': 1633, 'rank': 30, 'fitness': 0.01798620996209155, 'generation': 25}"
"{'id': 1868, 'rank': 1, 'fitness': 0.9820137900379085, 'generation': 26}","{'id': 1868, 'rank': 2, 'fitness': 0.9820137900379085, 'generation': 26}","{'id': 1815, 'rank': 3, 'fitness': 0.9803474047261327, 'generation': 26}","{'id': 1798, 'rank': 4, 'fitness': 0.9717211192298794, 'generation': 26}","{'id': 1798, 'rank': 5, 'fitness': 0.9717211192298794, 'generation': 26}","{'id': 1809, 'rank': 6, 'fitness': 0.9606268437107948, 'generation': 26}","{'id': 1835, 'rank': 7, 'fitness': 0.9555749194483877, 'generation': 26}","{'id': 1812, 'rank': 8, 'fitness': 0.9520278721926483, 'generation': 26}","{'id': 1795, 'rank': 9, 'fitness': 0.9516156881315292, 'generation': 26}","{'id': 1847, 'rank': 10, 'fitness': 0.9472836541902808, 'generation': 26}","{'id': 1624, 'rank': 11, 'fitness': 0.9406704038126207, 'generation': 26}","{'id': 1817, 'rank': 12, 'fitness': 0.9327669894216193, 'generation': 26}","{'id': 1802, 'rank': 13, 'fitness': 0.9169311152596706, 'generation': 26}","{'id': 1779, 'rank': 14, 'fitness': 0.9056190421217325, 'generation': 26}","{'id': 1779, 'rank': 15, 'fitness': 0.9056190421217325, 'generation': 26}","{'id': 1858, 'rank': 16, 'fitness': 0.8872666345263015, 'generation': 26}","{'id': 1819, 'rank': 17, 'fitness': 0.8778490377792088, 'generation': 26}","{'id': 1720, 'rank': 18, 'fitness': 0.8737559982530054, 'generation': 26}","{'id': 1838, 'rank': 19, 'fitness': 0.8716795770478298, 'generation': 26}","{'id': 1780, 'rank': 20, 'fitness': 0.8555027807011505, 'generation': 26}","{'id': 1804, 'rank': 21, 'fitness': 0.7901241878521725, 'generation': 26}","{'id': 1850, 'rank': 22, 'fitness': 0.720593524624866, 'generation': 26}","{'id': 1853, 'rank': 23, 'fitness': 0.6526355452186378, 'generation': 26}","{'id': 1726, 'rank': 24, 'fitness': 0.6407362297869268, 'generation': 26}","{'id': 1725, 'rank': 25, 'fitness': 0.6105801530444862, 'generation': 26}","{'id': 1863, 'rank': 26, 'fitness': 0.5940933338673027, 'generation': 26}","{'id': 1814, 'rank': 27, 'fitness': 0.579680884120215, 'generation': 26}","{'id': 1732, 'rank': 28, 'fitness': 0.465752156757665, 'generation': 26}","{'id': 1840, 'rank': 29, 'fitness': 0.45950923863539117, 'generation': 26}","{'id': 1633, 'rank': 30, 'fitness': 0.01798620996209155, 'generation': 26}"
"{'id': 1943, 'rank': 1, 'fitness': 0.9820137900379085, 'generation': 27}","{'id': 1898, 'rank': 2, 'fitness': 0.9765057333060255, 'generation': 27}","{'id': 1890, 'rank': 3, 'fitness': 0.9562266717278225, 'generation': 27}","{'id': 1890, 'rank': 4, 'fitness': 0.9562266717278225, 'generation': 27}","{'id': 1868, 'rank': 5, 'fitness': 0.9547272173461452, 'generation': 27}","{'id': 1815, 'rank': 6, 'fitness': 0.949908732663005, 'generation': 27}","{'id': 1941, 'rank': 7, 'fitness': 0.9275459815023441, 'generation': 27}","{'id': 1941, 'rank': 8, 'fitness': 0.9275459815023441, 'generation': 27}","{'id': 1798, 'rank': 9, 'fitness': 0.9244324123060335, 'generation': 27}","{'id': 1927, 'rank': 10, 'fitness': 0.8579015701614863, 'generation': 27}","{'id': 1847, 'rank': 11, 'fitness': 0.850907958459509, 'generation': 27}","{'id': 1886, 'rank': 12, 'fitness': 0.8459938199362239, 'generation': 27}","{'id': 1886, 'rank': 13, 'fitness': 0.8459938199362239, 'generation': 27}","{'id': 1886, 'rank': 14, 'fitness': 0.8459938199362239, 'generation': 27}","{'id': 1938, 'rank': 15, 'fitness': 0.8448809572954794, 'generation': 27}","{'id': 1924, 'rank': 16, 'fitness': 0.819487570812791, 'generation': 27}","{'id': 1925, 'rank': 17, 'fitness': 0.8012663033060317, 'generation': 27}","{'id': 1925, 'rank': 18, 'fitness': 0.8012663033060317, 'generation': 27}","{'id': 1883, 'rank': 19, 'fitness': 0.7760004644601722, 'generation': 27}","{'id': 1882, 'rank': 20, 'fitness': 0.689696822739077, 'generation': 27}","{'id': 1720, 'rank': 21, 'fitness': 0.6501461164915381, 'generation': 27}","{'id': 1885, 'rank': 22, 'fitness': 0.6303180083056633, 'generation': 27}","{'id': 1931, 'rank': 23, 'fitness': 0.625457350615076, 'generation': 27}","{'id': 1933, 'rank': 24, 'fitness': 0.6198004037702232, 'generation': 27}","{'id': 1897, 'rank': 25, 'fitness': 0.5167646526822102, 'generation': 27}","{'id': 1877, 'rank': 26, 'fitness': 0.40338933433471963, 'generation': 27}","{'id': 1888, 'rank': 27, 'fitness': 0.3532161843493844, 'generation': 27}","{'id': 1814, 'rank': 28, 'fitness': 0.21798725674863606, 'generation': 27}","{'id': 1840, 'rank': 29, 'fitness': 0.13629757320642255, 'generation': 27}","{'id': 1949, 'rank': 30, 'fitness': 0.01798620996209155, 'generation': 27}"
"{'id': 2006, 'rank': 1, 'fitness': 0.9820137900379085, 'generation': 28}","{'id': 2008, 'rank': 2, 'fitness': 0.8314182794911501, 'generation': 28}","{'id': 2015, 'rank': 3, 'fitness': 0.8103398184375735, 'generation': 28}","{'id': 2015, 'rank': 4, 'fitness': 0.8103398184375735, 'generation': 28}","{'id': 1943, 'rank': 5, 'fitness': 0.6214450017155931, 'generation': 28}","{'id': 1956, 'rank': 6, 'fitness': 0.6169868777264372, 'generation': 28}","{'id': 1975, 'rank': 7, 'fitness': 0.5966440481214085, 'generation': 28}","{'id': 1965, 'rank': 8, 'fitness': 0.5934828323783135, 'generation': 28}","{'id': 1999, 'rank': 9, 'fitness': 0.4765214491649904, 'generation': 28}","{'id': 1890, 'rank': 10, 'fitness': 0.45459166917260485, 'generation': 28}","{'id': 1890, 'rank': 11, 'fitness': 0.45459166917260485, 'generation': 28}","{'id': 1990, 'rank': 12, 'fitness': 0.37205755311399064, 'generation': 28}","{'id': 1941, 'rank': 13, 'fitness': 0.35949592940313335, 'generation': 28}","{'id': 1941, 'rank': 14, 'fitness': 0.35949592940313335, 'generation': 28}","{'id': 1974, 'rank': 15, 'fitness': 0.3409141146639087, 'generation': 28}","{'id': 1978, 'rank': 16, 'fitness': 0.3202921697219711, 'generation': 28}","{'id': 1981, 'rank': 17, 'fitness': 0.285549222284056, 'generation': 28}","{'id': 2018, 'rank': 18, 'fitness': 0.23277645264876307, 'generation': 28}","{'id': 1886, 'rank': 19, 'fitness': 0.23083409468028182, 'generation': 28}","{'id': 1967, 'rank': 20, 'fitness': 0.23026394767012637, 'generation': 28}","{'id': 1938, 'rank': 21, 'fitness': 0.22971711475239337, 'generation': 28}","{'id': 1938, 'rank': 22, 'fitness': 0.22971711475239337, 'generation': 28}","{'id': 1971, 'rank': 23, 'fitness': 0.21257298193942276, 'generation': 28}","{'id': 1971, 'rank': 24, 'fitness': 0.21257298193942276, 'generation': 28}","{'id': 1883, 'rank': 25, 'fitness': 0.17584807790443702, 'generation': 28}","{'id': 2017, 'rank': 26, 'fitness': 0.1695229430733003, 'generation': 28}","{'id': 1933, 'rank': 27, 'fitness': 0.10885224492217105, 'generation': 28}","{'id': 1888, 'rank': 28, 'fitness': 0.051575348297721146, 'generation': 28}","{'id': 1814, 'rank': 29, 'fitness': 0.032003582492384275, 'generation': 28}","{'id': 1966, 'rank': 30, 'fitness': 0.01798620996209155, 'generation': 28}"
"{'id': 2025, 'rank': 1, 'fitness': 0.9820137900379085, 'generation': 29}","{'id': 2006, 'rank': 2, 'fitness': 0.9807514148539308, 'generation': 29}","{'id': 2006, 'rank': 3, 'fitness': 0.9807514148539308, 'generation': 29}","{'id': 2024, 'rank': 4, 'fitness': 0.9794717737683776, 'generation': 29}","{'id': 2065, 'rank': 5, 'fitness': 0.9704800457460607, 'generation': 29}","{'id': 2015, 'rank': 6, 'fitness': 0.9676560033948406, 'generation': 29}","{'id': 1965, 'rank': 7, 'fitness': 0.9598455237688234, 'generation': 29}","{'id': 1965, 'rank': 8, 'fitness': 0.9598455237688234, 'generation': 29}","{'id': 1965, 'rank': 9, 'fitness': 0.9598455237688234, 'generation': 29}","{'id': 1890, 'rank': 10, 'fitness': 0.9550795697396046, 'generation': 29}","{'id': 1890, 'rank': 11, 'fitness': 0.9550795697396046, 'generation': 29}","{'id': 1941, 'rank': 12, 'fitness': 0.9513980045611314, 'generation': 29}","{'id': 1941, 'rank': 13, 'fitness': 0.9513980045611314, 'generation': 29}","{'id': 1941, 'rank': 14, 'fitness': 0.9513980045611314, 'generation': 29}","{'id': 1974, 'rank': 15, 'fitness': 0.9506026994714447, 'generation': 29}","{'id': 1974, 'rank': 16, 'fitness': 0.9506026994714447, 'generation': 29}","{'id': 2018, 'rank': 17, 'fitness': 0.9450967586914579, 'generation': 29}","{'id': 1938, 'rank': 18, 'fitness': 0.944909844385164, 'generation': 29}","{'id': 1938, 'rank': 19, 'fitness': 0.944909844385164, 'generation': 29}","{'id': 1971, 'rank': 20, 'fitness': 0.9438165265859286, 'generation': 29}","{'id': 2064, 'rank': 21, 'fitness': 0.9196775109573343, 'generation': 29}","{'id': 2035, 'rank': 22, 'fitness': 0.7770011580916016, 'generation': 29}","{'id': 2052, 'rank': 23, 'fitness': 0.33917766559752804, 'generation': 29}","{'id': 2053, 'rank': 24, 'fitness': 0.13115294074091333, 'generation': 29}","{'id': 2053, 'rank': 25, 'fitness': 0.13115294074091333, 'generation': 29}","{'id': 2069, 'rank': 26, 'fitness': 0.10235251135526857, 'generation': 29}","{'id': 2069, 'rank': 27, 'fitness': 0.10235251135526857, 'generation': 29}","{'id': 2067, 'rank': 28, 'fitness': 0.08771199007617386, 'generation': 29}","{'id': 2060, 'rank': 29, 'fitness': 0.03192153784810414, 'generation': 29}","{'id': 2068, 'rank': 30, 'fitness': 0.01798620996209155, 'generation': 29}"
"{'id': 2025, 'rank': 1, 'fitness': 0.9820137900379085, 'generation': 30}","{'id': 2025, 'rank': 2, 'fitness': 0.9820137900379085, 'generation': 30}","{'id': 2101, 'rank': 3, 'fitness': 0.9812780063490111, 'generation': 30}","{'id': 2006, 'rank': 4, 'fitness': 0.981251785238145, 'generation': 30}","{'id': 2099, 'rank': 5, 'fitness': 0.9806886844736304, 'generation': 30}","{'id': 2100, 'rank': 6, 'fitness': 0.9805680516005593, 'generation': 30}","{'id': 2024, 'rank': 7, 'fitness': 0.9804985193694304, 'generation': 30}","{'id': 2120, 'rank': 8, 'fitness': 0.9798226442918867, 'generation': 30}","{'id': 2102, 'rank': 9, 'fitness': 0.9746367343347527, 'generation': 30}","{'id': 2102, 'rank': 10, 'fitness': 0.9746367343347527, 'generation': 30}","{'id': 2077, 'rank': 11, 'fitness': 0.9743842700854095, 'generation': 30}","{'id': 2110, 'rank': 12, 'fitness': 0.973803559710677, 'generation': 30}","{'id': 2110, 'rank': 13, 'fitness': 0.973803559710677, 'generation': 30}","{'id': 2105, 'rank': 14, 'fitness': 0.9731325653325295, 'generation': 30}","{'id': 2139, 'rank': 15, 'fitness': 0.9731211888928875, 'generation': 30}","{'id': 2139, 'rank': 16, 'fitness': 0.9731211888928875, 'generation': 30}","{'id': 2089, 'rank': 17, 'fitness': 0.9718920571678988, 'generation': 30}","{'id': 2111, 'rank': 18, 'fitness': 0.9718488514080184, 'generation': 30}","{'id': 1965, 'rank': 19, 'fitness': 0.9705418268015559, 'generation': 30}","{'id': 2114, 'rank': 20, 'fitness': 0.97049431221699, 'generation': 30}","{'id': 2115, 'rank': 21, 'fitness': 0.968964225073655, 'generation': 30}","{'id': 1941, 'rank': 22, 'fitness': 0.966840792218608, 'generation': 30}","{'id': 2133, 'rank': 23, 'fitness': 0.9659979429005052, 'generation': 30}","{'id': 2095, 'rank': 24, 'fitness': 0.9652185999946246, 'generation': 30}","{'id': 1971, 'rank': 25, 'fitness': 0.9637073159882281, 'generation': 30}","{'id': 2118, 'rank': 26, 'fitness': 0.9627392347983268, 'generation': 30}","{'id': 2085, 'rank': 27, 'fitness': 0.9616763500760874, 'generation': 30}","{'id': 2085, 'rank': 28, 'fitness': 0.9616763500760874, 'generation': 30}","{'id': 2129, 'rank': 29, 'fitness': 0.6817281944693477, 'generation': 30}","{'id': 2086, 'rank': 30, 'fitness': 0.01798620996209155, 'generation': 30}"
"{'id': 2171, 'rank': 1, 'fitness': 0.9820137900379085, 'generation': 31}","{'id': 2179, 'rank': 2, 'fitness': 0.9688716242192912, 'generation': 31}","{'id': 2141, 'rank': 3, 'fitness': 0.9678492111718239, 'generation': 31}","{'id': 2181, 'rank': 4, 'fitness': 0.9651676004414641, 'generation': 31}","{'id': 2181, 'rank': 5, 'fitness': 0.9651676004414641, 'generation': 31}","{'id': 2101, 'rank': 6, 'fitness': 0.9631732193402418, 'generation': 31}","{'id': 2166, 'rank': 7, 'fitness': 0.9423389874343917, 'generation': 31}","{'id': 2166, 'rank': 8, 'fitness': 0.9423389874343917, 'generation': 31}","{'id': 2169, 'rank': 9, 'fitness': 0.9395126485211314, 'generation': 31}","{'id': 2221, 'rank': 10, 'fitness': 0.9203015337484655, 'generation': 31}","{'id': 2167, 'rank': 11, 'fitness': 0.9193109777779225, 'generation': 31}","{'id': 2170, 'rank': 12, 'fitness': 0.9147592591102973, 'generation': 31}","{'id': 2120, 'rank': 13, 'fitness': 0.910494083693241, 'generation': 31}","{'id': 2196, 'rank': 14, 'fitness': 0.7219297712938375, 'generation': 31}","{'id': 2213, 'rank': 15, 'fitness': 0.5223486260880132, 'generation': 31}","{'id': 2208, 'rank': 16, 'fitness': 0.4772846439516347, 'generation': 31}","{'id': 2192, 'rank': 17, 'fitness': 0.43149738860234477, 'generation': 31}","{'id': 2192, 'rank': 18, 'fitness': 0.43149738860234477, 'generation': 31}","{'id': 2149, 'rank': 19, 'fitness': 0.3638689297753258, 'generation': 31}","{'id': 2102, 'rank': 20, 'fitness': 0.36002652553297954, 'generation': 31}","{'id': 2223, 'rank': 21, 'fitness': 0.3228731034277764, 'generation': 31}","{'id': 2178, 'rank': 22, 'fitness': 0.29661423485719735, 'generation': 31}","{'id': 2110, 'rank': 23, 'fitness': 0.27177945009917914, 'generation': 31}","{'id': 2139, 'rank': 24, 'fitness': 0.21209408952531744, 'generation': 31}","{'id': 2198, 'rank': 25, 'fitness': 0.12204078078409869, 'generation': 31}","{'id': 2217, 'rank': 26, 'fitness': 0.053262431326410786, 'generation': 31}","{'id': 2207, 'rank': 27, 'fitness': 0.05040191380191067, 'generation': 31}","{'id': 2224, 'rank': 28, 'fitness': 0.030163691808040516, 'generation': 31}","{'id': 1941, 'rank': 29, 'fitness': 0.018169027674337368, 'generation': 31}","{'id': 2150, 'rank': 30, 'fitness': 0.01798620996209155, 'generation': 31}"
"{'id': 2278, 'rank': 1, 'fitness': 0.9820137900379085, 'generation': 32}","{'id': 2238, 'rank': 2, 'fitness': 0.9793250462200579, 'generation': 32}","{'id': 2250, 'rank': 3, 'fitness': 0.9735585948303433, 'generation': 32}","{'id': 2250, 'rank': 4, 'fitness': 0.9735585948303433, 'generation': 32}","{'id': 2250, 'rank': 5, 'fitness': 0.9735585948303433, 'generation': 32}","{'id': 2276, 'rank': 6, 'fitness': 0.9517644287870404, 'generation': 32}","{'id': 2276, 'rank': 7, 'fitness': 0.9517644287870404, 'generation': 32}","{'id': 2276, 'rank': 8, 'fitness': 0.9517644287870404, 'generation': 32}","{'id': 2252, 'rank': 9, 'fitness': 0.9443874286260576, 'generation': 32}","{'id': 2261, 'rank': 10, 'fitness': 0.923583197400311, 'generation': 32}","{'id': 2243, 'rank': 11, 'fitness': 0.9229741186374077, 'generation': 32}","{'id': 2141, 'rank': 12, 'fitness': 0.9201389309077855, 'generation': 32}","{'id': 2181, 'rank': 13, 'fitness': 0.9146671452258017, 'generation': 32}","{'id': 2181, 'rank': 14, 'fitness': 0.9146671452258017, 'generation': 32}","{'id': 2166, 'rank': 15, 'fitness': 0.8712290793758689, 'generation': 32}","{'id': 2254, 'rank': 16, 'fitness': 0.8551464576313802, 'generation': 32}","{'id': 2254, 'rank': 17, 'fitness': 0.8551464576313802, 'generation': 32}","{'id': 2253, 'rank': 18, 'fitness': 0.83664451545486, 'generation': 32}","{'id': 2253, 'rank': 19, 'fitness': 0.83664451545486, 'generation': 32}","{'id': 2170, 'rank': 20, 'fitness': 0.8242354680825177, 'generation': 32}","{'id': 2272, 'rank': 21, 'fitness': 0.7166074401108251, 'generation': 32}","{'id': 2235, 'rank': 22, 'fitness': 0.6256690622953315, 'generation': 32}","{'id': 2196, 'rank': 23, 'fitness': 0.5765260265970009, 'generation': 32}","{'id': 2213, 'rank': 24, 'fitness': 0.3905553196294045, 'generation': 32}","{'id': 2178, 'rank': 25, 'fitness': 0.21832343420266453, 'generation': 32}","{'id': 2178, 'rank': 26, 'fitness': 0.21832343420266453, 'generation': 32}","{'id': 2110, 'rank': 27, 'fitness': 0.20070248501303878, 'generation': 32}","{'id': 2110, 'rank': 28, 'fitness': 0.20070248501303878, 'generation': 32}","{'id': 1941, 'rank': 29, 'fitness': 0.01798620996209155, 'generation': 32}","{'id': 1941, 'rank': 30, 'fitness': 0.01798620996209155, 'generation': 32}"
"{'id': 2250, 'rank': 1, 'fitness': 0.9820137900379085, 'generation': 33}","{'id': 2290, 'rank': 2, 'fitness': 0.981995482867118, 'generation': 33}","{'id': 2330, 'rank': 3, 'fitness': 0.9819716460609925, 'generation': 33}","{'id': 2343, 'rank': 4, 'fitness': 0.9815620609753929, 'generation': 33}","{'id': 2343, 'rank': 5, 'fitness': 0.9815620609753929, 'generation': 33}","{'id': 2346, 'rank': 6, 'fitness': 0.9813896604486767, 'generation': 33}","{'id': 2350, 'rank': 7, 'fitness': 0.9812740715107982, 'generation': 33}","{'id': 2344, 'rank': 8, 'fitness': 0.9806734682578637, 'generation': 33}","{'id': 2329, 'rank': 9, 'fitness': 0.9806196911634557, 'generation': 33}","{'id': 2349, 'rank': 10, 'fitness': 0.9796645617504821, 'generation': 33}","{'id': 2320, 'rank': 11, 'fitness': 0.9793716108531595, 'generation': 33}","{'id': 2320, 'rank': 12, 'fitness': 0.9793716108531595, 'generation': 33}","{'id': 2320, 'rank': 13, 'fitness': 0.9793716108531595, 'generation': 33}","{'id': 2339, 'rank': 14, 'fitness': 0.9792974059784526, 'generation': 33}","{'id': 2341, 'rank': 15, 'fitness': 0.979098658401609, 'generation': 33}","{'id': 2341, 'rank': 16, 'fitness': 0.979098658401609, 'generation': 33}","{'id': 2276, 'rank': 17, 'fitness': 0.9789272402124068, 'generation': 33}","{'id': 2252, 'rank': 18, 'fitness': 0.9781104223523105, 'generation': 33}","{'id': 2252, 'rank': 19, 'fitness': 0.9781104223523105, 'generation': 33}","{'id': 2261, 'rank': 20, 'fitness': 0.9761435941899199, 'generation': 33}","{'id': 2243, 'rank': 21, 'fitness': 0.9760916911335209, 'generation': 33}","{'id': 2181, 'rank': 22, 'fitness': 0.9754088494724614, 'generation': 33}","{'id': 2181, 'rank': 23, 'fitness': 0.9754088494724614, 'generation': 33}","{'id': 2310, 'rank': 24, 'fitness': 0.9682661446902572, 'generation': 33}","{'id': 2317, 'rank': 25, 'fitness': 0.96641217030823, 'generation': 33}","{'id': 2331, 'rank': 26, 'fitness': 0.9649832895370896, 'generation': 33}","{'id': 2235, 'rank': 27, 'fitness': 0.9608075545792489, 'generation': 33}","{'id': 2235, 'rank': 28, 'fitness': 0.9608075545792489, 'generation': 33}","{'id': 2304, 'rank': 29, 'fitness': 0.9203898858763846, 'generation': 33}","{'id': 2323, 'rank': 30, 'fitness': 0.01798620996209155, 'generation': 33}"
"{'id': 2399, 'rank': 1, 'fitness': 0.9820137900379085, 'generation': 34}","{'id': 2380, 'rank': 2, 'fitness': 0.9639534180098577, 'generation': 34}","{'id': 2424, 'rank': 3, 'fitness': 0.956732191640937, 'generation': 34}","{'id': 2382, 'rank': 4, 'fitness': 0.9556265912102402, 'generation': 34}","{'id': 2368, 'rank': 5, 'fitness': 0.921577107990948, 'generation': 34}","{'id': 2439, 'rank': 6, 'fitness': 0.9082892508356599, 'generation': 34}","{'id': 2375, 'rank': 7, 'fitness': 0.9033961281365929, 'generation': 34}","{'id': 2426, 'rank': 8, 'fitness': 0.9004250670845866, 'generation': 34}","{'id': 2426, 'rank': 9, 'fitness': 0.9004250670845866, 'generation': 34}","{'id': 2250, 'rank': 10, 'fitness': 0.8753877987055898, 'generation': 34}","{'id': 2343, 'rank': 11, 'fitness': 0.8350972529160383, 'generation': 34}","{'id': 2388, 'rank': 12, 'fitness': 0.8288020335350209, 'generation': 34}","{'id': 2388, 'rank': 13, 'fitness': 0.8288020335350209, 'generation': 34}","{'id': 2415, 'rank': 14, 'fitness': 0.8282423168633981, 'generation': 34}","{'id': 2346, 'rank': 15, 'fitness': 0.8174793243303827, 'generation': 34}","{'id': 2383, 'rank': 16, 'fitness': 0.8011083058831108, 'generation': 34}","{'id': 2392, 'rank': 17, 'fitness': 0.7892330899758782, 'generation': 34}","{'id': 2353, 'rank': 18, 'fitness': 0.661171380409165, 'generation': 34}","{'id': 2349, 'rank': 19, 'fitness': 0.5813432415584655, 'generation': 34}","{'id': 2341, 'rank': 20, 'fitness': 0.49131571376041966, 'generation': 34}","{'id': 2381, 'rank': 21, 'fitness': 0.48965720495746434, 'generation': 34}","{'id': 2378, 'rank': 22, 'fitness': 0.44772340348759043, 'generation': 34}","{'id': 2419, 'rank': 23, 'fitness': 0.42586866216485053, 'generation': 34}","{'id': 2423, 'rank': 24, 'fitness': 0.29076367395063707, 'generation': 34}","{'id': 2432, 'rank': 25, 'fitness': 0.2200652280855897, 'generation': 34}","{'id': 2414, 'rank': 26, 'fitness': 0.1858565746668625, 'generation': 34}","{'id': 2357, 'rank': 27, 'fitness': 0.123140884691463, 'generation': 34}","{'id': 2365, 'rank': 28, 'fitness': 0.06231827299116682, 'generation': 34}","{'id': 2359, 'rank': 29, 'fitness': 0.04979319870718352, 'generation': 34}","{'id': 2408, 'rank': 30, 'fitness': 0.01798620996209155, 'generation': 34}"
"{'id': 2500, 'rank': 1, 'fitness': 0.9820137900379085, 'generation': 35}","{'id': 2492, 'rank': 2, 'fitness': 0.9774756928407058, 'generation': 35}","{'id': 2492, 'rank': 3, 'fitness': 0.9774756928407058, 'generation': 35}","{'id': 2399, 'rank': 4, 'fitness': 0.9696525537439209, 'generation': 35}","{'id': 2380, 'rank': 5, 'fitness': 0.963773761095173, 'generation': 35}","{'id': 2454, 'rank': 6, 'fitness': 0.9590764594007513, 'generation': 35}","{'id': 2484, 'rank': 7, 'fitness': 0.9581820876370576, 'generation': 35}","{'id': 2484, 'rank': 8, 'fitness': 0.9581820876370576, 'generation': 35}","{'id': 2368, 'rank': 9, 'fitness': 0.9556416302258663, 'generation': 35}","{'id': 2426, 'rank': 10, 'fitness': 0.952702667978139, 'generation': 35}","{'id': 2343, 'rank': 11, 'fitness': 0.9455293012933171, 'generation': 35}","{'id': 2388, 'rank': 12, 'fitness': 0.9449311006140826, 'generation': 35}","{'id': 2415, 'rank': 13, 'fitness': 0.9448784730101136, 'generation': 35}","{'id': 2346, 'rank': 14, 'fitness': 0.9438830224809778, 'generation': 35}","{'id': 2383, 'rank': 15, 'fitness': 0.9424230464422534, 'generation': 35}","{'id': 2464, 'rank': 16, 'fitness': 0.9261139825229954, 'generation': 35}","{'id': 2464, 'rank': 17, 'fitness': 0.9261139825229954, 'generation': 35}","{'id': 2464, 'rank': 18, 'fitness': 0.9261139825229954, 'generation': 35}","{'id': 2464, 'rank': 19, 'fitness': 0.9261139825229954, 'generation': 35}","{'id': 2349, 'rank': 20, 'fitness': 0.9256744400102579, 'generation': 35}","{'id': 2341, 'rank': 21, 'fitness': 0.9190057593492841, 'generation': 35}","{'id': 2381, 'rank': 22, 'fitness': 0.9188789144714541, 'generation': 35}","{'id': 2450, 'rank': 23, 'fitness': 0.8690018083763642, 'generation': 35}","{'id': 2493, 'rank': 24, 'fitness': 0.7476216658833827, 'generation': 35}","{'id': 2495, 'rank': 25, 'fitness': 0.6655465740525708, 'generation': 35}","{'id': 2495, 'rank': 26, 'fitness': 0.6655465740525708, 'generation': 35}","{'id': 2455, 'rank': 27, 'fitness': 0.5739085545882273, 'generation': 35}","{'id': 2457, 'rank': 28, 'fitness': 0.16422625700686938, 'generation': 35}","{'id': 2480, 'rank': 29, 'fitness': 0.10021673074854826, 'generation': 35}","{'id': 2460, 'rank': 30, 'fitness': 0.01798620996209155, 'generation': 35}"
"{'id': 2504, 'rank': 1, 'fitness': 0.9820137900379085, 'generation': 36}","{'id': 2504, 'rank': 2, 'fitness': 0.9820137900379085, 'generation': 36}","{'id': 2578, 'rank': 3, 'fitness': 0.9814237083826968, 'generation': 36}","{'id': 2527, 'rank': 4, 'fitness': 0.8810333999883216, 'generation': 36}","{'id': 2500, 'rank': 5, 'fitness': 0.8675778940324834, 'generation': 36}","{'id': 2492, 'rank': 6, 'fitness': 0.824449441100923, 'generation': 36}","{'id': 2492, 'rank': 7, 'fitness': 0.824449441100923, 'generation': 36}","{'id': 2547, 'rank': 8, 'fitness': 0.8131837583772432, 'generation': 36}","{'id': 2526, 'rank': 9, 'fitness': 0.7680965234097954, 'generation': 36}","{'id': 2542, 'rank': 10, 'fitness': 0.7221859926938018, 'generation': 36}","{'id': 2536, 'rank': 11, 'fitness': 0.6771683606792813, 'generation': 36}","{'id': 2454, 'rank': 12, 'fitness': 0.6577995648786372, 'generation': 36}","{'id': 2484, 'rank': 13, 'fitness': 0.650401774324749, 'generation': 36}","{'id': 2537, 'rank': 14, 'fitness': 0.6448762335995729, 'generation': 36}","{'id': 2535, 'rank': 15, 'fitness': 0.6130152956996363, 'generation': 36}","{'id': 2426, 'rank': 16, 'fitness': 0.6068210958676861, 'generation': 36}","{'id': 2545, 'rank': 17, 'fitness': 0.5957541577208109, 'generation': 36}","{'id': 2415, 'rank': 18, 'fitness': 0.5498481290995452, 'generation': 36}","{'id': 2552, 'rank': 19, 'fitness': 0.5486727354327899, 'generation': 36}","{'id': 2383, 'rank': 20, 'fitness': 0.5332249824499067, 'generation': 36}","{'id': 2512, 'rank': 21, 'fitness': 0.4508486096301287, 'generation': 36}","{'id': 2538, 'rank': 22, 'fitness': 0.4102008952997569, 'generation': 36}","{'id': 2538, 'rank': 23, 'fitness': 0.4102008952997569, 'generation': 36}","{'id': 2541, 'rank': 24, 'fitness': 0.40692635289485996, 'generation': 36}","{'id': 2563, 'rank': 25, 'fitness': 0.3843676697875316, 'generation': 36}","{'id': 2565, 'rank': 26, 'fitness': 0.2413936283532595, 'generation': 36}","{'id': 2565, 'rank': 27, 'fitness': 0.2413936283532595, 'generation': 36}","{'id': 2520, 'rank': 28, 'fitness': 0.14786182205167464, 'generation': 36}","{'id': 2568, 'rank': 29, 'fitness': 0.044072089553742255, 'generation': 36}","{'id': 2510, 'rank': 30, 'fitness': 0.01798620996209155, 'generation': 36}"
"{'id': 2626, 'rank': 1, 'fitness': 0.9820137900379085, 'generation': 37}","{'id': 2626, 'rank': 2, 'fitness': 0.9820137900379085, 'generation': 37}","{'id': 2621, 'rank': 3, 'fitness': 0.9816038180458722, 'generation': 37}","{'id': 2504, 'rank': 4, 'fitness': 0.9811767111812285, 'generation': 37}","{'id': 2504, 'rank': 5, 'fitness': 0.9811767111812285, 'generation': 37}","{'id': 2504, 'rank': 6, 'fitness': 0.9811767111812285, 'generation': 37}","{'id': 2578, 'rank': 7, 'fitness': 0.9810924767907341, 'generation': 37}","{'id': 2578, 'rank': 8, 'fitness': 0.9810924767907341, 'generation': 37}","{'id': 2622, 'rank': 9, 'fitness': 0.9803101444681439, 'generation': 37}","{'id': 2622, 'rank': 10, 'fitness': 0.9803101444681439, 'generation': 37}","{'id': 2527, 'rank': 11, 'fitness': 0.9753295073861328, 'generation': 37}","{'id': 2492, 'rank': 12, 'fitness': 0.9737664098113951, 'generation': 37}","{'id': 2547, 'rank': 13, 'fitness': 0.9734965212408422, 'generation': 37}","{'id': 2633, 'rank': 14, 'fitness': 0.9715265096858905, 'generation': 37}","{'id': 2537, 'rank': 15, 'fitness': 0.9701892650939147, 'generation': 37}","{'id': 2545, 'rank': 16, 'fitness': 0.9693420714826296, 'generation': 37}","{'id': 2552, 'rank': 17, 'fitness': 0.9685403597595716, 'generation': 37}","{'id': 2383, 'rank': 18, 'fitness': 0.9682769405624028, 'generation': 37}","{'id': 2538, 'rank': 19, 'fitness': 0.9660981361547951, 'generation': 37}","{'id': 2538, 'rank': 20, 'fitness': 0.9660981361547951, 'generation': 37}","{'id': 2538, 'rank': 21, 'fitness': 0.9660981361547951, 'generation': 37}","{'id': 2538, 'rank': 22, 'fitness': 0.9660981361547951, 'generation': 37}","{'id': 2541, 'rank': 23, 'fitness': 0.96603665408415, 'generation': 37}","{'id': 2565, 'rank': 24, 'fitness': 0.9623692625528586, 'generation': 37}","{'id': 2568, 'rank': 25, 'fitness': 0.9513954992851006, 'generation': 37}","{'id': 2568, 'rank': 26, 'fitness': 0.9513954992851006, 'generation': 37}","{'id': 2611, 'rank': 27, 'fitness': 0.9272051571883462, 'generation': 37}","{'id': 2604, 'rank': 28, 'fitness': 0.23624778834562732, 'generation': 37}","{'id': 2636, 'rank': 29, 'fitness': 0.04293935713621122, 'generation': 37}","{'id': 2630, 'rank': 30, 'fitness': 0.01798620996209155, 'generation': 37}"
"{'id': 2721, 'rank': 1, 'fitness': 0.9820137900379085, 'generation': 38}","{'id': 2626, 'rank': 2, 'fitness': 0.9816813584985378, 'generation': 38}","{'id': 2723, 'rank': 3, 'fitness': 0.9805315749760743, 'generation': 38}","{'id': 2723, 'rank': 4, 'fitness': 0.9805315749760743, 'generation': 38}","{'id': 2666, 'rank': 5, 'fitness': 0.9799793483176433, 'generation': 38}","{'id': 2666, 'rank': 6, 'fitness': 0.9799793483176433, 'generation': 38}","{'id': 2719, 'rank': 7, 'fitness': 0.9777344390857188, 'generation': 38}","{'id': 2504, 'rank': 8, 'fitness': 0.9748900883223507, 'generation': 38}","{'id': 2578, 'rank': 9, 'fitness': 0.9741035868117879, 'generation': 38}","{'id': 2703, 'rank': 10, 'fitness': 0.9725567058036879, 'generation': 38}","{'id': 2702, 'rank': 11, 'fitness': 0.9711071502455878, 'generation': 38}","{'id': 2622, 'rank': 12, 'fitness': 0.9657727442992392, 'generation': 38}","{'id': 2622, 'rank': 13, 'fitness': 0.9657727442992392, 'generation': 38}","{'id': 2669, 'rank': 14, 'fitness': 0.9597151387705698, 'generation': 38}","{'id': 2645, 'rank': 15, 'fitness': 0.9590770737712084, 'generation': 38}","{'id': 2654, 'rank': 16, 'fitness': 0.9420621133720561, 'generation': 38}","{'id': 2694, 'rank': 17, 'fitness': 0.9409578438890702, 'generation': 38}","{'id': 2694, 'rank': 18, 'fitness': 0.9409578438890702, 'generation': 38}","{'id': 2653, 'rank': 19, 'fitness': 0.9276342114272911, 'generation': 38}","{'id': 2660, 'rank': 20, 'fitness': 0.8007669872412816, 'generation': 38}","{'id': 2641, 'rank': 21, 'fitness': 0.7511449663926877, 'generation': 38}","{'id': 2709, 'rank': 22, 'fitness': 0.6576061499217662, 'generation': 38}","{'id': 2537, 'rank': 23, 'fitness': 0.5946612268684027, 'generation': 38}","{'id': 2651, 'rank': 24, 'fitness': 0.5819672477096728, 'generation': 38}","{'id': 2672, 'rank': 25, 'fitness': 0.4735509570623343, 'generation': 38}","{'id': 2692, 'rank': 26, 'fitness': 0.4685990370586948, 'generation': 38}","{'id': 2729, 'rank': 27, 'fitness': 0.3626932736840782, 'generation': 38}","{'id': 2699, 'rank': 28, 'fitness': 0.3589360564067459, 'generation': 38}","{'id': 2711, 'rank': 29, 'fitness': 0.33727437703131957, 'generation': 38}","{'id': 2696, 'rank': 30, 'fitness': 0.01798620996209155, 'generation': 38}"
"{'id': 2766, 'rank': 1, 'fitness': 0.9820137900379085, 'generation': 39}","{'id': 2785, 'rank': 2, 'fitness': 0.980920239114305, 'generation': 39}","{'id': 2732, 'rank': 3, 'fitness': 0.9808880138295977, 'generation': 39}","{'id': 2731, 'rank': 4, 'fitness': 0.9807435886277787, 'generation': 39}","{'id': 2773, 'rank': 5, 'fitness': 0.9805418438499343, 'generation': 39}","{'id': 2783, 'rank': 6, 'fitness': 0.9804520438536257, 'generation': 39}","{'id': 2769, 'rank': 7, 'fitness': 0.9802605162082807, 'generation': 39}","{'id': 2744, 'rank': 8, 'fitness': 0.9801859977689544, 'generation': 39}","{'id': 2743, 'rank': 9, 'fitness': 0.9799436692943901, 'generation': 39}","{'id': 2767, 'rank': 10, 'fitness': 0.9798964690684604, 'generation': 39}","{'id': 2779, 'rank': 11, 'fitness': 0.97978017924813, 'generation': 39}","{'id': 2779, 'rank': 12, 'fitness': 0.97978017924813, 'generation': 39}","{'id': 2779, 'rank': 13, 'fitness': 0.97978017924813, 'generation': 39}","{'id': 2733, 'rank': 14, 'fitness': 0.9797359835197382, 'generation': 39}","{'id': 2742, 'rank': 15, 'fitness': 0.9796441372361882, 'generation': 39}","{'id': 2800, 'rank': 16, 'fitness': 0.9794454257005418, 'generation': 39}","{'id': 2719, 'rank': 17, 'fitness': 0.9793609366672678, 'generation': 39}","{'id': 2803, 'rank': 18, 'fitness': 0.9784809641906931, 'generation': 39}","{'id': 2702, 'rank': 19, 'fitness': 0.9783290066054966, 'generation': 39}","{'id': 2622, 'rank': 20, 'fitness': 0.9776266573962733, 'generation': 39}","{'id': 2622, 'rank': 21, 'fitness': 0.9776266573962733, 'generation': 39}","{'id': 2788, 'rank': 22, 'fitness': 0.9775196355802533, 'generation': 39}","{'id': 2756, 'rank': 23, 'fitness': 0.9762516651404844, 'generation': 39}","{'id': 2694, 'rank': 24, 'fitness': 0.9751747822220367, 'generation': 39}","{'id': 2796, 'rank': 25, 'fitness': 0.9743545980402405, 'generation': 39}","{'id': 2799, 'rank': 26, 'fitness': 0.9742601095364356, 'generation': 39}","{'id': 2755, 'rank': 27, 'fitness': 0.9723734455431201, 'generation': 39}","{'id': 2747, 'rank': 28, 'fitness': 0.9698840556558685, 'generation': 39}","{'id': 2781, 'rank': 29, 'fitness': 0.7629687472654809, 'generation': 39}","{'id': 2791, 'rank': 30, 'fitness': 0.01798620996209155, 'generation': 39}"
"{'id': 2852, 'rank': 1, 'fitness': 0.9820137900379085, 'generation': 40}","{'id': 2882, 'rank': 2, 'fitness': 0.9724112757708756, 'generation': 40}","{'id': 2826, 'rank': 3, 'fitness': 0.9677476174192287, 'generation': 40}","{'id': 2872, 'rank': 4, 'fitness': 0.9486200580123607, 'generation': 40}","{'id': 2827, 'rank': 5, 'fitness': 0.9446904043659454, 'generation': 40}","{'id': 2827, 'rank': 6, 'fitness': 0.9446904043659454, 'generation': 40}","{'id': 2827, 'rank': 7, 'fitness': 0.9446904043659454, 'generation': 40}","{'id': 2818, 'rank': 8, 'fitness': 0.9170805659032557, 'generation': 40}","{'id': 2732, 'rank': 9, 'fitness': 0.91391103829054, 'generation': 40}","{'id': 2816, 'rank': 10, 'fitness': 0.9132611192043094, 'generation': 40}","{'id': 2843, 'rank': 11, 'fitness': 0.8866839014721863, 'generation': 40}","{'id': 2870, 'rank': 12, 'fitness': 0.8762949775206207, 'generation': 40}","{'id': 2870, 'rank': 13, 'fitness': 0.8762949775206207, 'generation': 40}","{'id': 2744, 'rank': 14, 'fitness': 0.850913688541453, 'generation': 40}","{'id': 2767, 'rank': 15, 'fitness': 0.8163935205940557, 'generation': 40}","{'id': 2767, 'rank': 16, 'fitness': 0.8163935205940557, 'generation': 40}","{'id': 2894, 'rank': 17, 'fitness': 0.8157016714149827, 'generation': 40}","{'id': 2779, 'rank': 18, 'fitness': 0.8010398202655468, 'generation': 40}","{'id': 2779, 'rank': 19, 'fitness': 0.8010398202655468, 'generation': 40}","{'id': 2779, 'rank': 20, 'fitness': 0.8010398202655468, 'generation': 40}","{'id': 2839, 'rank': 21, 'fitness': 0.7873449055097529, 'generation': 40}","{'id': 2853, 'rank': 22, 'fitness': 0.7653839959949992, 'generation': 40}","{'id': 2800, 'rank': 23, 'fitness': 0.7521408700962033, 'generation': 40}","{'id': 2901, 'rank': 24, 'fitness': 0.7375042040208687, 'generation': 40}","{'id': 2876, 'rank': 25, 'fitness': 0.6701016395746114, 'generation': 40}","{'id': 2889, 'rank': 26, 'fitness': 0.6674488121009599, 'generation': 40}","{'id': 2873, 'rank': 27, 'fitness': 0.4373245626033173, 'generation': 40}","{'id': 2622, 'rank': 28, 'fitness': 0.41302151981275037, 'generation': 40}","{'id': 2788, 'rank': 29, 'fitness': 0.3932118882686619, 'generation': 40}","{'id': 2755, 'rank': 30, 'fitness': 0.01798620996209155, 'generation': 40}"
"{'id': 2942, 'rank': 1, 'fitness': 0.9820137900379085, 'generation': 41}","{'id': 2942, 'rank': 2, 'fitness': 0.9820137900379085, 'generation': 41}","{'id': 2953, 'rank': 3, 'fitness': 0.9799590502030352, 'generation': 41}","{'id': 2944, 'rank': 4, 'fitness': 0.9788487467662774, 'generation': 41}","{'id': 2882, 'rank': 5, 'fitness': 0.9770448700202554, 'generation': 41}","{'id': 2872, 'rank': 6, 'fitness': 0.9745184904328927, 'generation': 41}","{'id': 2827, 'rank': 7, 'fitness': 0.9741966265031246, 'generation': 41}","{'id': 2827, 'rank': 8, 'fitness': 0.9741966265031246, 'generation': 41}","{'id': 2818, 'rank': 9, 'fitness': 0.9723258745870733, 'generation': 41}","{'id': 2732, 'rank': 10, 'fitness': 0.9721428425243814, 'generation': 41}","{'id': 2946, 'rank': 11, 'fitness': 0.9708623159710097, 'generation': 41}","{'id': 2744, 'rank': 12, 'fitness': 0.9692228464419391, 'generation': 41}","{'id': 2767, 'rank': 13, 'fitness': 0.9679661658242107, 'generation': 41}","{'id': 2779, 'rank': 14, 'fitness': 0.9674527304183348, 'generation': 41}","{'id': 2779, 'rank': 15, 'fitness': 0.9674527304183348, 'generation': 41}","{'id': 2839, 'rank': 16, 'fitness': 0.9670131815013946, 'generation': 41}","{'id': 2876, 'rank': 17, 'fitness': 0.9636928743288427, 'generation': 41}","{'id': 2889, 'rank': 18, 'fitness': 0.9636234709083752, 'generation': 41}","{'id': 2969, 'rank': 19, 'fitness': 0.9605125295249684, 'generation': 41}","{'id': 2622, 'rank': 20, 'fitness': 0.9570298379252785, 'generation': 41}","{'id': 2788, 'rank': 21, 'fitness': 0.9564659839733101, 'generation': 41}","{'id': 2957, 'rank': 22, 'fitness': 0.9415666311813857, 'generation': 41}","{'id': 2928, 'rank': 23, 'fitness': 0.9219043488814441, 'generation': 41}","{'id': 2914, 'rank': 24, 'fitness': 0.9083991565670011, 'generation': 41}","{'id': 2958, 'rank': 25, 'fitness': 0.8619072347502947, 'generation': 41}","{'id': 2962, 'rank': 26, 'fitness': 0.8525119628300317, 'generation': 41}","{'id': 2955, 'rank': 27, 'fitness': 0.7772979243578062, 'generation': 41}","{'id': 2916, 'rank': 28, 'fitness': 0.28491967510157545, 'generation': 41}","{'id': 2965, 'rank': 29, 'fitness': 0.020253184524933188, 'generation': 41}","{'id': 2919, 'rank': 30, 'fitness': 0.01798620996209155, 'generation': 41}"
"{'id': 3002, 'rank': 1, 'fitness': 0.9820137900379085, 'generation': 42}","{'id': 3004, 'rank': 2, 'fitness': 0.9804912712852927, 'generation': 42}","{'id': 2972, 'rank': 3, 'fitness': 0.9523867137457965, 'generation': 42}","{'id': 2942, 'rank': 4, 'fitness': 0.9495737616344746, 'generation': 42}","{'id': 2942, 'rank': 5, 'fitness': 0.9495737616344746, 'generation': 42}","{'id': 3034, 'rank': 6, 'fitness': 0.9271551065178657, 'generation': 42}","{'id': 3003, 'rank': 7, 'fitness': 0.9132001058679902, 'generation': 42}","{'id': 3003, 'rank': 8, 'fitness': 0.9132001058679902, 'generation': 42}","{'id': 3047, 'rank': 9, 'fitness': 0.899368113498916, 'generation': 42}","{'id': 2993, 'rank': 10, 'fitness': 0.8940057284952683, 'generation': 42}","{'id': 3011, 'rank': 11, 'fitness': 0.8935729537152861, 'generation': 42}","{'id': 3011, 'rank': 12, 'fitness': 0.8935729537152861, 'generation': 42}","{'id': 2984, 'rank': 13, 'fitness': 0.8307409205323301, 'generation': 42}","{'id': 2872, 'rank': 14, 'fitness': 0.8216364976263171, 'generation': 42}","{'id': 2996, 'rank': 15, 'fitness': 0.8205821012396417, 'generation': 42}","{'id': 2999, 'rank': 16, 'fitness': 0.7765026875850474, 'generation': 42}","{'id': 2732, 'rank': 17, 'fitness': 0.7622912793470938, 'generation': 42}","{'id': 2946, 'rank': 18, 'fitness': 0.7275685706288122, 'generation': 42}","{'id': 2946, 'rank': 19, 'fitness': 0.7275685706288122, 'generation': 42}","{'id': 3032, 'rank': 20, 'fitness': 0.6817356366652065, 'generation': 42}","{'id': 3032, 'rank': 21, 'fitness': 0.6817356366652065, 'generation': 42}","{'id': 2982, 'rank': 22, 'fitness': 0.6578766592327555, 'generation': 42}","{'id': 2982, 'rank': 23, 'fitness': 0.6578766592327555, 'generation': 42}","{'id': 2839, 'rank': 24, 'fitness': 0.6167762114520045, 'generation': 42}","{'id': 3008, 'rank': 25, 'fitness': 0.4990397357495317, 'generation': 42}","{'id': 3014, 'rank': 26, 'fitness': 0.44978526131129004, 'generation': 42}","{'id': 3020, 'rank': 27, 'fitness': 0.4046999630117952, 'generation': 42}","{'id': 3012, 'rank': 28, 'fitness': 0.19318621907073924, 'generation': 42}","{'id': 3029, 'rank': 29, 'fitness': 0.09402072195045857, 'generation': 42}","{'id': 3058, 'rank': 30, 'fitness': 0.01798620996209155, 'generation': 42}"
"{'id': 3102, 'rank': 1, 'fitness': 0.9820137900379085, 'generation': 43}","{'id': 3103, 'rank': 2, 'fitness': 0.9807292604163103, 'generation': 43}","{'id': 3002, 'rank': 3, 'fitness': 0.9785070656152695, 'generation': 43}","{'id': 3004, 'rank': 4, 'fitness': 0.9783143226188196, 'generation': 43}","{'id': 3004, 'rank': 5, 'fitness': 0.9783143226188196, 'generation': 43}","{'id': 3091, 'rank': 6, 'fitness': 0.9777193883249023, 'generation': 43}","{'id': 3091, 'rank': 7, 'fitness': 0.9777193883249023, 'generation': 43}","{'id': 3090, 'rank': 8, 'fitness': 0.9775597037474897, 'generation': 43}","{'id': 3034, 'rank': 9, 'fitness': 0.9748601962084178, 'generation': 43}","{'id': 3089, 'rank': 10, 'fitness': 0.9746785689377706, 'generation': 43}","{'id': 2993, 'rank': 11, 'fitness': 0.9737247734018198, 'generation': 43}","{'id': 3011, 'rank': 12, 'fitness': 0.9737119177763434, 'generation': 43}","{'id': 3011, 'rank': 13, 'fitness': 0.9737119177763434, 'generation': 43}","{'id': 2996, 'rank': 14, 'fitness': 0.9719430699263245, 'generation': 43}","{'id': 3068, 'rank': 15, 'fitness': 0.9718680268629012, 'generation': 43}","{'id': 2732, 'rank': 16, 'fitness': 0.9708563680191262, 'generation': 43}","{'id': 2732, 'rank': 17, 'fitness': 0.9708563680191262, 'generation': 43}","{'id': 3032, 'rank': 18, 'fitness': 0.9695715811473398, 'generation': 43}","{'id': 3032, 'rank': 19, 'fitness': 0.9695715811473398, 'generation': 43}","{'id': 2982, 'rank': 20, 'fitness': 0.9692187967395843, 'generation': 43}","{'id': 3083, 'rank': 21, 'fitness': 0.9691751156640008, 'generation': 43}","{'id': 2839, 'rank': 22, 'fitness': 0.9686283566317115, 'generation': 43}","{'id': 3072, 'rank': 23, 'fitness': 0.9678646410143893, 'generation': 43}","{'id': 3096, 'rank': 24, 'fitness': 0.9674788883993166, 'generation': 43}","{'id': 3096, 'rank': 25, 'fitness': 0.9674788883993166, 'generation': 43}","{'id': 3014, 'rank': 26, 'fitness': 0.9662789435046076, 'generation': 43}","{'id': 3014, 'rank': 27, 'fitness': 0.9662789435046076, 'generation': 43}","{'id': 3029, 'rank': 28, 'fitness': 0.9580289940311142, 'generation': 43}","{'id': 3064, 'rank': 29, 'fitness': 0.01798620996209155, 'generation': 43}","{'id': 3064, 'rank': 30, 'fitness': 0.01798620996209155, 'generation': 43}"
"{'id': 3133, 'rank': 1, 'fitness': 0.9820137900379085, 'generation': 44}","{'id': 3196, 'rank': 2, 'fitness': 0.9805616266078931, 'generation': 44}","{'id': 3130, 'rank': 3, 'fitness': 0.9791816647371152, 'generation': 44}","{'id': 3130, 'rank': 4, 'fitness': 0.9791816647371152, 'generation': 44}","{'id': 3122, 'rank': 5, 'fitness': 0.9725537128891583, 'generation': 44}","{'id': 3126, 'rank': 6, 'fitness': 0.9694115409821056, 'generation': 44}","{'id': 3134, 'rank': 7, 'fitness': 0.9613135675677158, 'generation': 44}","{'id': 3134, 'rank': 8, 'fitness': 0.9613135675677158, 'generation': 44}","{'id': 3002, 'rank': 9, 'fitness': 0.9553378807722983, 'generation': 44}","{'id': 3175, 'rank': 10, 'fitness': 0.9544062688412622, 'generation': 44}","{'id': 3201, 'rank': 11, 'fitness': 0.9435507503937405, 'generation': 44}","{'id': 3151, 'rank': 12, 'fitness': 0.9133944666747477, 'generation': 44}","{'id': 3157, 'rank': 13, 'fitness': 0.8993659880031195, 'generation': 44}","{'id': 3176, 'rank': 14, 'fitness': 0.875031951032154, 'generation': 44}","{'id': 3176, 'rank': 15, 'fitness': 0.875031951032154, 'generation': 44}","{'id': 3159, 'rank': 16, 'fitness': 0.8624319147282017, 'generation': 44}","{'id': 3205, 'rank': 17, 'fitness': 0.8042721751850803, 'generation': 44}","{'id': 2993, 'rank': 18, 'fitness': 0.8009559109027151, 'generation': 44}","{'id': 3011, 'rank': 19, 'fitness': 0.8003049767507627, 'generation': 44}","{'id': 3204, 'rank': 20, 'fitness': 0.7183048241793994, 'generation': 44}","{'id': 3187, 'rank': 21, 'fitness': 0.70588928201371, 'generation': 44}","{'id': 3137, 'rank': 22, 'fitness': 0.6659900446307695, 'generation': 44}","{'id': 3125, 'rank': 23, 'fitness': 0.5878704385055884, 'generation': 44}","{'id': 3156, 'rank': 24, 'fitness': 0.5823507239378964, 'generation': 44}","{'id': 2839, 'rank': 25, 'fitness': 0.47765751541708107, 'generation': 44}","{'id': 3155, 'rank': 26, 'fitness': 0.27571591428880626, 'generation': 44}","{'id': 3190, 'rank': 27, 'fitness': 0.2662521385551729, 'generation': 44}","{'id': 3138, 'rank': 28, 'fitness': 0.23733047745864183, 'generation': 44}","{'id': 3029, 'rank': 29, 'fitness': 0.07299011495131286, 'generation': 44}","{'id': 3198, 'rank': 30, 'fitness': 0.01798620996209155, 'generation': 44}"
"{'id': 3241, 'rank': 1, 'fitness': 0.9820137900379085, 'generation': 45}","{'id': 3224, 'rank': 2, 'fitness': 0.9818918936037239, 'generation': 45}","{'id': 3224, 'rank': 3, 'fitness': 0.9818918936037239, 'generation': 45}","{'id': 3222, 'rank': 4, 'fitness': 0.9817460261112512, 'generation': 45}","{'id': 3130, 'rank': 5, 'fitness': 0.9815571609181284, 'generation': 45}","{'id': 3264, 'rank': 6, 'fitness': 0.981510413403365, 'generation': 45}","{'id': 3209, 'rank': 7, 'fitness': 0.98148526130754, 'generation': 45}","{'id': 3210, 'rank': 8, 'fitness': 0.9814402695510023, 'generation': 45}","{'id': 3210, 'rank': 9, 'fitness': 0.9814402695510023, 'generation': 45}","{'id': 3230, 'rank': 10, 'fitness': 0.9814190189914287, 'generation': 45}","{'id': 3248, 'rank': 11, 'fitness': 0.9813954304873782, 'generation': 45}","{'id': 3233, 'rank': 12, 'fitness': 0.9813795207245899, 'generation': 45}","{'id': 3261, 'rank': 13, 'fitness': 0.98125093114509, 'generation': 45}","{'id': 3261, 'rank': 14, 'fitness': 0.98125093114509, 'generation': 45}","{'id': 3261, 'rank': 15, 'fitness': 0.98125093114509, 'generation': 45}","{'id': 3175, 'rank': 16, 'fitness': 0.9811744905320126, 'generation': 45}","{'id': 3242, 'rank': 17, 'fitness': 0.9811695903436961, 'generation': 45}","{'id': 3201, 'rank': 18, 'fitness': 0.9810667546446552, 'generation': 45}","{'id': 3263, 'rank': 19, 'fitness': 0.9810633262359102, 'generation': 45}","{'id': 3231, 'rank': 20, 'fitness': 0.9810483396830405, 'generation': 45}","{'id': 3262, 'rank': 21, 'fitness': 0.9809098300180953, 'generation': 45}","{'id': 3157, 'rank': 22, 'fitness': 0.9807637803553328, 'generation': 45}","{'id': 3229, 'rank': 23, 'fitness': 0.9806606297900676, 'generation': 45}","{'id': 3159, 'rank': 24, 'fitness': 0.9805901045197424, 'generation': 45}","{'id': 3267, 'rank': 25, 'fitness': 0.9805593922623284, 'generation': 45}","{'id': 3137, 'rank': 26, 'fitness': 0.9800184170990061, 'generation': 45}","{'id': 3156, 'rank': 27, 'fitness': 0.9798365615348126, 'generation': 45}","{'id': 3268, 'rank': 28, 'fitness': 0.9731559056240715, 'generation': 45}","{'id': 3221, 'rank': 29, 'fitness': 0.9724431768357874, 'generation': 45}","{'id': 3214, 'rank': 30, 'fitness': 0.01798620996209155, 'generation': 45}"
"{'id': 3325, 'rank': 1, 'fitness': 0.9820137900379085, 'generation': 46}","{'id': 3348, 'rank': 2, 'fitness': 0.9603167093572489, 'generation': 46}","{'id': 3348, 'rank': 3, 'fitness': 0.9603167093572489, 'generation': 46}","{'id': 3369, 'rank': 4, 'fitness': 0.9599162919578728, 'generation': 46}","{'id': 3276, 'rank': 5, 'fitness': 0.9427339843916173, 'generation': 46}","{'id': 3224, 'rank': 6, 'fitness': 0.9394109860240464, 'generation': 46}","{'id': 3333, 'rank': 7, 'fitness': 0.9339523540701076, 'generation': 46}","{'id': 3351, 'rank': 8, 'fitness': 0.9031595666917469, 'generation': 46}","{'id': 3316, 'rank': 9, 'fitness': 0.861932750878921, 'generation': 46}","{'id': 3350, 'rank': 10, 'fitness': 0.7792870826094274, 'generation': 46}","{'id': 3264, 'rank': 11, 'fitness': 0.7657202986729554, 'generation': 46}","{'id': 3248, 'rank': 12, 'fitness': 0.6728775909608316, 'generation': 46}","{'id': 3290, 'rank': 13, 'fitness': 0.6683942446867748, 'generation': 46}","{'id': 3290, 'rank': 14, 'fitness': 0.6683942446867748, 'generation': 46}","{'id': 3367, 'rank': 15, 'fitness': 0.6625690638443648, 'generation': 46}","{'id': 3306, 'rank': 16, 'fitness': 0.5790738729503228, 'generation': 46}","{'id': 3313, 'rank': 17, 'fitness': 0.5557460606199559, 'generation': 46}","{'id': 3337, 'rank': 18, 'fitness': 0.5542052409520624, 'generation': 46}","{'id': 3175, 'rank': 19, 'fitness': 0.45990177142759003, 'generation': 46}","{'id': 3311, 'rank': 20, 'fitness': 0.4559299301690702, 'generation': 46}","{'id': 3242, 'rank': 21, 'fitness': 0.4550755297305641, 'generation': 46}","{'id': 3242, 'rank': 22, 'fitness': 0.4550755297305641, 'generation': 46}","{'id': 3302, 'rank': 23, 'fitness': 0.41544977026496155, 'generation': 46}","{'id': 3302, 'rank': 24, 'fitness': 0.41544977026496155, 'generation': 46}","{'id': 3358, 'rank': 25, 'fitness': 0.29555434164675687, 'generation': 46}","{'id': 3345, 'rank': 26, 'fitness': 0.2620144147097323, 'generation': 46}","{'id': 3262, 'rank': 27, 'fitness': 0.23077068672263878, 'generation': 46}","{'id': 3295, 'rank': 28, 'fitness': 0.13742099719526502, 'generation': 46}","{'id': 3279, 'rank': 29, 'fitness': 0.12148175417412255, 'generation': 46}","{'id': 3320, 'rank': 30, 'fitness': 0.01798620996209155, 'generation': 46}"
"{'id': 3381, 'rank': 1, 'fitness': 0.9820137900379085, 'generation': 47}","{'id': 3381, 'rank': 2, 'fitness': 0.9820137900379085, 'generation': 47}","{'id': 3382, 'rank': 3, 'fitness': 0.9792911747607215, 'generation': 47}","{'id': 3400, 'rank': 4, 'fitness': 0.9779418581607808, 'generation': 47}","{'id': 3400, 'rank': 5, 'fitness': 0.9779418581607808, 'generation': 47}","{'id': 3325, 'rank': 6, 'fitness': 0.977940959936743, 'generation': 47}","{'id': 3383, 'rank': 7, 'fitness': 0.9772593459110781, 'generation': 47}","{'id': 3348, 'rank': 8, 'fitness': 0.97721102069247, 'generation': 47}","{'id': 3348, 'rank': 9, 'fitness': 0.97721102069247, 'generation': 47}","{'id': 3399, 'rank': 10, 'fitness': 0.9768242080634488, 'generation': 47}","{'id': 3333, 'rank': 11, 'fitness': 0.9767161468923242, 'generation': 47}","{'id': 3397, 'rank': 12, 'fitness': 0.9763089354316867, 'generation': 47}","{'id': 3316, 'rank': 13, 'fitness': 0.9759428840745528, 'generation': 47}","{'id': 3264, 'rank': 14, 'fitness': 0.9753131455974825, 'generation': 47}","{'id': 3248, 'rank': 15, 'fitness': 0.9748526885439279, 'generation': 47}","{'id': 3290, 'rank': 16, 'fitness': 0.9748323153174001, 'generation': 47}","{'id': 3337, 'rank': 17, 'fitness': 0.9743424837132026, 'generation': 47}","{'id': 3242, 'rank': 18, 'fitness': 0.9739322529444454, 'generation': 47}","{'id': 3427, 'rank': 19, 'fitness': 0.9738317350731748, 'generation': 47}","{'id': 3302, 'rank': 20, 'fitness': 0.9737641280398217, 'generation': 47}","{'id': 3302, 'rank': 21, 'fitness': 0.9737641280398217, 'generation': 47}","{'id': 3302, 'rank': 22, 'fitness': 0.9737641280398217, 'generation': 47}","{'id': 3358, 'rank': 23, 'fitness': 0.9732073505010754, 'generation': 47}","{'id': 3395, 'rank': 24, 'fitness': 0.9729194024316494, 'generation': 47}","{'id': 3421, 'rank': 25, 'fitness': 0.9523918711374263, 'generation': 47}","{'id': 3424, 'rank': 26, 'fitness': 0.9523751036905902, 'generation': 47}","{'id': 3422, 'rank': 27, 'fitness': 0.9398262188815245, 'generation': 47}","{'id': 3376, 'rank': 28, 'fitness': 0.7057951514452907, 'generation': 47}","{'id': 3374, 'rank': 29, 'fitness': 0.5642207796445186, 'generation': 47}","{'id': 3394, 'rank': 30, 'fitness': 0.01798620996209155, 'generation': 47}"
"{'id': 3503, 'rank': 1, 'fitness': 0.9820137900379085, 'generation': 48}","{'id': 3503, 'rank': 2, 'fitness': 0.9820137900379085, 'generation': 48}","{'id': 3502, 'rank': 3, 'fitness': 0.9809253713639741, 'generation': 48}","{'id': 3506, 'rank': 4, 'fitness': 0.9806768014107579, 'generation': 48}","{'id': 3466, 'rank': 5, 'fitness': 0.9796706596412317, 'generation': 48}","{'id': 3449, 'rank': 6, 'fitness': 0.9790693126249778, 'generation': 48}","{'id': 3441, 'rank': 7, 'fitness': 0.9764258728215555, 'generation': 48}","{'id': 3473, 'rank': 8, 'fitness': 0.9759895838726396, 'generation': 48}","{'id': 3473, 'rank': 9, 'fitness': 0.9759895838726396, 'generation': 48}","{'id': 3496, 'rank': 10, 'fitness': 0.9740767541175377, 'generation': 48}","{'id': 3496, 'rank': 11, 'fitness': 0.9740767541175377, 'generation': 48}","{'id': 3496, 'rank': 12, 'fitness': 0.9740767541175377, 'generation': 48}","{'id': 3460, 'rank': 13, 'fitness': 0.9720068981812909, 'generation': 48}","{'id': 3467, 'rank': 14, 'fitness': 0.9714211442351177, 'generation': 48}","{'id': 3467, 'rank': 15, 'fitness': 0.9714211442351177, 'generation': 48}","{'id': 3383, 'rank': 16, 'fitness': 0.9710824750128022, 'generation': 48}","{'id': 3383, 'rank': 17, 'fitness': 0.9710824750128022, 'generation': 48}","{'id': 3348, 'rank': 18, 'fitness': 0.9709513157566513, 'generation': 48}","{'id': 3434, 'rank': 19, 'fitness': 0.9703164478981268, 'generation': 48}","{'id': 3399, 'rank': 20, 'fitness': 0.9698905242489951, 'generation': 48}","{'id': 3399, 'rank': 21, 'fitness': 0.9698905242489951, 'generation': 48}","{'id': 3333, 'rank': 22, 'fitness': 0.9695907035288249, 'generation': 48}","{'id': 3397, 'rank': 23, 'fitness': 0.9684472614261498, 'generation': 48}","{'id': 3497, 'rank': 24, 'fitness': 0.9669034088936019, 'generation': 48}","{'id': 3485, 'rank': 25, 'fitness': 0.9653213584062608, 'generation': 48}","{'id': 3480, 'rank': 26, 'fitness': 0.9645471889359509, 'generation': 48}","{'id': 3242, 'rank': 27, 'fitness': 0.9613465232087879, 'generation': 48}","{'id': 3302, 'rank': 28, 'fitness': 0.9608167792808071, 'generation': 48}","{'id': 3477, 'rank': 29, 'fitness': 0.7451691317797403, 'generation': 48}","{'id': 3374, 'rank': 30, 'fitness': 0.01798620996209155, 'generation': 48}"
"{'id': 3545, 'rank': 1, 'fitness': 0.9820137900379085, 'generation': 49}","{'id': 3503, 'rank': 2, 'fitness': 0.9718434391568088, 'generation': 49}","{'id': 3546, 'rank': 3, 'fitness': 0.9554595885448043, 'generation': 49}","{'id': 3502, 'rank': 4, 'fitness': 0.9523386121194055, 'generation': 49}","{'id': 3502, 'rank': 5, 'fitness': 0.9523386121194055, 'generation': 49}","{'id': 3550, 'rank': 6, 'fitness': 0.9357535757147418, 'generation': 49}","{'id': 3550, 'rank': 7, 'fitness': 0.9357535757147418, 'generation': 49}","{'id': 3536, 'rank': 8, 'fitness': 0.8893083703864713, 'generation': 49}","{'id': 3536, 'rank': 9, 'fitness': 0.8893083703864713, 'generation': 49}","{'id': 3565, 'rank': 10, 'fitness': 0.8401470858060547, 'generation': 49}","{'id': 3565, 'rank': 11, 'fitness': 0.8401470858060547, 'generation': 49}","{'id': 3520, 'rank': 12, 'fitness': 0.6273444766909181, 'generation': 49}","{'id': 3520, 'rank': 13, 'fitness': 0.6273444766909181, 'generation': 49}","{'id': 3561, 'rank': 14, 'fitness': 0.599535296154015, 'generation': 49}","{'id': 3544, 'rank': 15, 'fitness': 0.496782047588063, 'generation': 49}","{'id': 3554, 'rank': 16, 'fitness': 0.4077739069656504, 'generation': 49}","{'id': 3555, 'rank': 17, 'fitness': 0.398502316535869, 'generation': 49}","{'id': 3383, 'rank': 18, 'fitness': 0.28973840818288576, 'generation': 49}","{'id': 3383, 'rank': 19, 'fitness': 0.28973840818288576, 'generation': 49}","{'id': 3348, 'rank': 20, 'fitness': 0.2810599212061976, 'generation': 49}","{'id': 3348, 'rank': 21, 'fitness': 0.2810599212061976, 'generation': 49}","{'id': 3518, 'rank': 22, 'fitness': 0.22774447257068176, 'generation': 49}","{'id': 3535, 'rank': 23, 'fitness': 0.2198008306612223, 'generation': 49}","{'id': 3519, 'rank': 24, 'fitness': 0.20330665220868138, 'generation': 49}","{'id': 3519, 'rank': 25, 'fitness': 0.20330665220868138, 'generation': 49}","{'id': 3333, 'rank': 26, 'fitness': 0.20262072711060553, 'generation': 49}","{'id': 3557, 'rank': 27, 'fitness': 0.13994076226050378, 'generation': 49}","{'id': 3568, 'rank': 28, 'fitness': 0.07325305501236667, 'generation': 49}","{'id': 3508, 'rank': 29, 'fitness': 0.051629738300649985, 'generation': 49}","{'id': 3537, 'rank': 30, 'fitness': 0.01798620996209155, 'generation': 49}"
"{'id': 3625, 'rank': 1, 'fitness': 0.9820137900379085, 'generation': 50}","{'id': 3626, 'rank': 2, 'fitness': 0.9819525614224445, 'generation': 50}","{'id': 3626, 'rank': 3, 'fitness': 0.9819525614224445, 'generation': 50}","{'id': 3626, 'rank': 4, 'fitness': 0.9819525614224445, 'generation': 50}","{'id': 3623, 'rank': 5, 'fitness': 0.9818127851117942, 'generation': 50}","{'id': 3587, 'rank': 6, 'fitness': 0.9816427545284232, 'generation': 50}","{'id': 3536, 'rank': 7, 'fitness': 0.9811710223222652, 'generation': 50}","{'id': 3536, 'rank': 8, 'fitness': 0.9811710223222652, 'generation': 50}","{'id': 3536, 'rank': 9, 'fitness': 0.9811710223222652, 'generation': 50}","{'id': 3536, 'rank': 10, 'fitness': 0.9811710223222652, 'generation': 50}","{'id': 3565, 'rank': 11, 'fitness': 0.9810118296687353, 'generation': 50}","{'id': 3565, 'rank': 12, 'fitness': 0.9810118296687353, 'generation': 50}","{'id': 3565, 'rank': 13, 'fitness': 0.9810118296687353, 'generation': 50}","{'id': 3619, 'rank': 14, 'fitness': 0.9806519513578991, 'generation': 50}","{'id': 3588, 'rank': 15, 'fitness': 0.9805898258407044, 'generation': 50}","{'id': 3520, 'rank': 16, 'fitness': 0.9805782093711911, 'generation': 50}","{'id': 3520, 'rank': 17, 'fitness': 0.9805782093711911, 'generation': 50}","{'id': 3519, 'rank': 18, 'fitness': 0.9798381910867018, 'generation': 50}","{'id': 3557, 'rank': 19, 'fitness': 0.9796576274974992, 'generation': 50}","{'id': 3582, 'rank': 20, 'fitness': 0.9794074639817227, 'generation': 50}","{'id': 3583, 'rank': 21, 'fitness': 0.9786561351055378, 'generation': 50}","{'id': 3600, 'rank': 22, 'fitness': 0.9672945554186954, 'generation': 50}","{'id': 3606, 'rank': 23, 'fitness': 0.651575471733539, 'generation': 50}","{'id': 3631, 'rank': 24, 'fitness': 0.6223868103730913, 'generation': 50}","{'id': 3591, 'rank': 25, 'fitness': 0.3332253739852341, 'generation': 50}","{'id': 3602, 'rank': 26, 'fitness': 0.24028944601677987, 'generation': 50}","{'id': 3575, 'rank': 27, 'fitness': 0.1606567166158694, 'generation': 50}","{'id': 3592, 'rank': 28, 'fitness': 0.08245876810742014, 'generation': 50}","{'id': 3612, 'rank': 29, 'fitness': 0.04282642292149774, 'generation': 50}","{'id': 3610, 'rank': 30, 'fitness': 0.01798620996209155, 'generation': 50}"
"{'id': 3704, 'rank': 1, 'fitness': 0.9820137900379085, 'generation': 51}","{'id': 3675, 'rank': 2, 'fitness': 0.9819861645250694, 'generation': 51}","{'id': 3675, 'rank': 3, 'fitness': 0.9819861645250694, 'generation': 51}","{'id': 3625, 'rank': 4, 'fitness': 0.9819791981451667, 'generation': 51}","{'id': 3639, 'rank': 5, 'fitness': 0.9819756871353313, 'generation': 51}","{'id': 3626, 'rank': 6, 'fitness': 0.9819191653167296, 'generation': 51}","{'id': 3670, 'rank': 7, 'fitness': 0.9812693637465011, 'generation': 51}","{'id': 3670, 'rank': 8, 'fitness': 0.9812693637465011, 'generation': 51}","{'id': 3669, 'rank': 9, 'fitness': 0.9812426747357057, 'generation': 51}","{'id': 3687, 'rank': 10, 'fitness': 0.9812127067289973, 'generation': 51}","{'id': 3650, 'rank': 11, 'fitness': 0.9810896525979693, 'generation': 51}","{'id': 3644, 'rank': 12, 'fitness': 0.981080449259089, 'generation': 51}","{'id': 3644, 'rank': 13, 'fitness': 0.981080449259089, 'generation': 51}","{'id': 3647, 'rank': 14, 'fitness': 0.9810069728315853, 'generation': 51}","{'id': 3565, 'rank': 15, 'fitness': 0.9809973348794007, 'generation': 51}","{'id': 3565, 'rank': 16, 'fitness': 0.9809973348794007, 'generation': 51}","{'id': 3701, 'rank': 17, 'fitness': 0.9809300050419606, 'generation': 51}","{'id': 3694, 'rank': 18, 'fitness': 0.9808116422230576, 'generation': 51}","{'id': 3691, 'rank': 19, 'fitness': 0.9800104826261787, 'generation': 51}","{'id': 3692, 'rank': 20, 'fitness': 0.979875531254546, 'generation': 51}","{'id': 3519, 'rank': 21, 'fitness': 0.9798486133211399, 'generation': 51}","{'id': 3643, 'rank': 22, 'fitness': 0.979766839981711, 'generation': 51}","{'id': 3666, 'rank': 23, 'fitness': 0.9797524993915696, 'generation': 51}","{'id': 3664, 'rank': 24, 'fitness': 0.9797248470566597, 'generation': 51}","{'id': 3664, 'rank': 25, 'fitness': 0.9797248470566597, 'generation': 51}","{'id': 3557, 'rank': 26, 'fitness': 0.9796720093391339, 'generation': 51}","{'id': 3642, 'rank': 27, 'fitness': 0.9796573587555969, 'generation': 51}","{'id': 3679, 'rank': 28, 'fitness': 0.45761444664552947, 'generation': 51}","{'id': 3592, 'rank': 29, 'fitness': 0.09325164985465928, 'generation': 51}","{'id': 3696, 'rank': 30, 'fitness': 0.01798620996209155, 'generation': 51}"
"{'id': 3734, 'rank': 1, 'fitness': 0.9820137900379085, 'generation': 52}","{'id': 3735, 'rank': 2, 'fitness': 0.9766290995722188, 'generation': 52}","{'id': 3751, 'rank': 3, 'fitness': 0.9508748190218539, 'generation': 52}","{'id': 3716, 'rank': 4, 'fitness': 0.9304005350644384, 'generation': 52}","{'id': 3716, 'rank': 5, 'fitness': 0.9304005350644384, 'generation': 52}","{'id': 3716, 'rank': 6, 'fitness': 0.9304005350644384, 'generation': 52}","{'id': 3704, 'rank': 7, 'fitness': 0.9246074899297156, 'generation': 52}","{'id': 3711, 'rank': 8, 'fitness': 0.9226786322769926, 'generation': 52}","{'id': 3675, 'rank': 9, 'fitness': 0.918761922695303, 'generation': 52}","{'id': 3749, 'rank': 10, 'fitness': 0.8405295484490862, 'generation': 52}","{'id': 3710, 'rank': 11, 'fitness': 0.7828078252354067, 'generation': 52}","{'id': 3753, 'rank': 12, 'fitness': 0.7741628824390987, 'generation': 52}","{'id': 3762, 'rank': 13, 'fitness': 0.6598308808656801, 'generation': 52}","{'id': 3762, 'rank': 14, 'fitness': 0.6598308808656801, 'generation': 52}","{'id': 3670, 'rank': 15, 'fitness': 0.5902515950395236, 'generation': 52}","{'id': 3687, 'rank': 16, 'fitness': 0.5511811926996202, 'generation': 52}","{'id': 3687, 'rank': 17, 'fitness': 0.5511811926996202, 'generation': 52}","{'id': 3644, 'rank': 18, 'fitness': 0.4587940159412134, 'generation': 52}","{'id': 3720, 'rank': 19, 'fitness': 0.4460409643270731, 'generation': 52}","{'id': 3783, 'rank': 20, 'fitness': 0.40830916926476735, 'generation': 52}","{'id': 3772, 'rank': 21, 'fitness': 0.3638656621533276, 'generation': 52}","{'id': 3722, 'rank': 22, 'fitness': 0.29260110639814363, 'generation': 52}","{'id': 3759, 'rank': 23, 'fitness': 0.26690802709718947, 'generation': 52}","{'id': 3792, 'rank': 24, 'fitness': 0.09987183659777044, 'generation': 52}","{'id': 3789, 'rank': 25, 'fitness': 0.051147755498792136, 'generation': 52}","{'id': 3766, 'rank': 26, 'fitness': 0.0380537366627447, 'generation': 52}","{'id': 3785, 'rank': 27, 'fitness': 0.035291371809268, 'generation': 52}","{'id': 3664, 'rank': 28, 'fitness': 0.02137006200171193, 'generation': 52}","{'id': 3664, 'rank': 29, 'fitness': 0.02137006200171193, 'generation': 52}","{'id': 3642, 'rank': 30, 'fitness': 0.01798620996209155, 'generation': 52}"
"{'id': 3801, 'rank': 1, 'fitness': 0.9820137900379085, 'generation': 53}","{'id': 3816, 'rank': 2, 'fitness': 0.9811393346899545, 'generation': 53}","{'id': 3735, 'rank': 3, 'fitness': 0.9808143868801469, 'generation': 53}","{'id': 3751, 'rank': 4, 'fitness': 0.9802703787545767, 'generation': 53}","{'id': 3812, 'rank': 5, 'fitness': 0.9802629525222653, 'generation': 53}","{'id': 3716, 'rank': 6, 'fitness': 0.9800033747087904, 'generation': 53}","{'id': 3716, 'rank': 7, 'fitness': 0.9800033747087904, 'generation': 53}","{'id': 3716, 'rank': 8, 'fitness': 0.9800033747087904, 'generation': 53}","{'id': 3711, 'rank': 9, 'fitness': 0.9799207615683745, 'generation': 53}","{'id': 3675, 'rank': 10, 'fitness': 0.9798815986455164, 'generation': 53}","{'id': 3753, 'rank': 11, 'fitness': 0.9789909489599978, 'generation': 53}","{'id': 3798, 'rank': 12, 'fitness': 0.978703381089894, 'generation': 53}","{'id': 3762, 'rank': 13, 'fitness': 0.9785525918261738, 'generation': 53}","{'id': 3687, 'rank': 14, 'fitness': 0.9781942479865733, 'generation': 53}","{'id': 3835, 'rank': 15, 'fitness': 0.9780953825246814, 'generation': 53}","{'id': 3644, 'rank': 16, 'fitness': 0.9778993879403655, 'generation': 53}","{'id': 3783, 'rank': 17, 'fitness': 0.9777340189586505, 'generation': 53}","{'id': 3772, 'rank': 18, 'fitness': 0.9775821393092047, 'generation': 53}","{'id': 3759, 'rank': 19, 'fitness': 0.9772123769449337, 'generation': 53}","{'id': 3803, 'rank': 20, 'fitness': 0.9768803835678121, 'generation': 53}","{'id': 3803, 'rank': 21, 'fitness': 0.9768803835678121, 'generation': 53}","{'id': 3829, 'rank': 22, 'fitness': 0.9764746926429251, 'generation': 53}","{'id': 3799, 'rank': 23, 'fitness': 0.976168568093901, 'generation': 53}","{'id': 3799, 'rank': 24, 'fitness': 0.976168568093901, 'generation': 53}","{'id': 3797, 'rank': 25, 'fitness': 0.9730293511476293, 'generation': 53}","{'id': 3800, 'rank': 26, 'fitness': 0.9725081987599486, 'generation': 53}","{'id': 3794, 'rank': 27, 'fitness': 0.9251856257340525, 'generation': 53}","{'id': 3809, 'rank': 28, 'fitness': 0.8325837713527156, 'generation': 53}","{'id': 3820, 'rank': 29, 'fitness': 0.1406811510800579, 'generation': 53}","{'id': 3819, 'rank': 30, 'fitness': 0.01798620996209155, 'generation': 53}"
"{'id': 3914, 'rank': 1, 'fitness': 0.9820137900379085, 'generation': 54}","{'id': 3868, 'rank': 2, 'fitness': 0.9376856182041691, 'generation': 54}","{'id': 3852, 'rank': 3, 'fitness': 0.9071723447890307, 'generation': 54}","{'id': 3866, 'rank': 4, 'fitness': 0.9022971529245492, 'generation': 54}","{'id': 3866, 'rank': 5, 'fitness': 0.9022971529245492, 'generation': 54}","{'id': 3873, 'rank': 6, 'fitness': 0.8508753353976746, 'generation': 54}","{'id': 3867, 'rank': 7, 'fitness': 0.8508534270922359, 'generation': 54}","{'id': 3871, 'rank': 8, 'fitness': 0.8304686244806029, 'generation': 54}","{'id': 3716, 'rank': 9, 'fitness': 0.8031267690458931, 'generation': 54}","{'id': 3716, 'rank': 10, 'fitness': 0.8031267690458931, 'generation': 54}","{'id': 3716, 'rank': 11, 'fitness': 0.8031267690458931, 'generation': 54}","{'id': 3716, 'rank': 12, 'fitness': 0.8031267690458931, 'generation': 54}","{'id': 3872, 'rank': 13, 'fitness': 0.706575908145072, 'generation': 54}","{'id': 3910, 'rank': 14, 'fitness': 0.6466904080824303, 'generation': 54}","{'id': 3753, 'rank': 15, 'fitness': 0.5642937370396717, 'generation': 54}","{'id': 3851, 'rank': 16, 'fitness': 0.522052400418873, 'generation': 54}","{'id': 3875, 'rank': 17, 'fitness': 0.5020122741227658, 'generation': 54}","{'id': 3798, 'rank': 18, 'fitness': 0.4856486382133002, 'generation': 54}","{'id': 3908, 'rank': 19, 'fitness': 0.3724345252850745, 'generation': 54}","{'id': 3863, 'rank': 20, 'fitness': 0.3508768932147788, 'generation': 54}","{'id': 3863, 'rank': 21, 'fitness': 0.3508768932147788, 'generation': 54}","{'id': 3887, 'rank': 22, 'fitness': 0.2911535670696556, 'generation': 54}","{'id': 3858, 'rank': 23, 'fitness': 0.28871120071942435, 'generation': 54}","{'id': 3859, 'rank': 24, 'fitness': 0.27776005445248886, 'generation': 54}","{'id': 3783, 'rank': 25, 'fitness': 0.2510918041162018, 'generation': 54}","{'id': 3829, 'rank': 26, 'fitness': 0.08517792291616322, 'generation': 54}","{'id': 3799, 'rank': 27, 'fitness': 0.06444651471193119, 'generation': 54}","{'id': 3904, 'rank': 28, 'fitness': 0.04240107776400159, 'generation': 54}","{'id': 3861, 'rank': 29, 'fitness': 0.040146349166473194, 'generation': 54}","{'id': 3862, 'rank': 30, 'fitness': 0.01798620996209155, 'generation': 54}"
"{'id': 3914, 'rank': 1, 'fitness': 0.9820137900379085, 'generation': 55}","{'id': 3936, 'rank': 2, 'fitness': 0.9815214749914778, 'generation': 55}","{'id': 3852, 'rank': 3, 'fitness': 0.9804581107014481, 'generation': 55}","{'id': 3852, 'rank': 4, 'fitness': 0.9804581107014481, 'generation': 55}","{'id': 3867, 'rank': 5, 'fitness': 0.9799448209359936, 'generation': 55}","{'id': 3716, 'rank': 6, 'fitness': 0.9796183781491629, 'generation': 55}","{'id': 3716, 'rank': 7, 'fitness': 0.9796183781491629, 'generation': 55}","{'id': 3716, 'rank': 8, 'fitness': 0.9796183781491629, 'generation': 55}","{'id': 3910, 'rank': 9, 'fitness': 0.9788170374333421, 'generation': 55}","{'id': 3910, 'rank': 10, 'fitness': 0.9788170374333421, 'generation': 55}","{'id': 3910, 'rank': 11, 'fitness': 0.9788170374333421, 'generation': 55}","{'id': 3753, 'rank': 12, 'fitness': 0.9784617091253351, 'generation': 55}","{'id': 3851, 'rank': 13, 'fitness': 0.9782845990803275, 'generation': 55}","{'id': 3863, 'rank': 14, 'fitness': 0.9775379839701304, 'generation': 55}","{'id': 3858, 'rank': 15, 'fitness': 0.9772268070568226, 'generation': 55}","{'id': 3859, 'rank': 16, 'fitness': 0.9771677356745562, 'generation': 55}","{'id': 3783, 'rank': 17, 'fitness': 0.9770168335277936, 'generation': 55}","{'id': 3783, 'rank': 18, 'fitness': 0.9770168335277936, 'generation': 55}","{'id': 3972, 'rank': 19, 'fitness': 0.9763737362341529, 'generation': 55}","{'id': 3861, 'rank': 20, 'fitness': 0.9746045080015517, 'generation': 55}","{'id': 3952, 'rank': 21, 'fitness': 0.9707082698359277, 'generation': 55}","{'id': 3960, 'rank': 22, 'fitness': 0.9704100991552267, 'generation': 55}","{'id': 3969, 'rank': 23, 'fitness': 0.9700755217990296, 'generation': 55}","{'id': 3969, 'rank': 24, 'fitness': 0.9700755217990296, 'generation': 55}","{'id': 3930, 'rank': 25, 'fitness': 0.968155003076001, 'generation': 55}","{'id': 3926, 'rank': 26, 'fitness': 0.9481495729264919, 'generation': 55}","{'id': 3948, 'rank': 27, 'fitness': 0.9464072106048327, 'generation': 55}","{'id': 3925, 'rank': 28, 'fitness': 0.6814617451080445, 'generation': 55}","{'id': 3963, 'rank': 29, 'fitness': 0.22543021605795388, 'generation': 55}","{'id': 3958, 'rank': 30, 'fitness': 0.01798620996209155, 'generation': 55}"
"{'id': 3914, 'rank': 1, 'fitness': 0.9820137900379085, 'generation': 56}","{'id': 3936, 'rank': 2, 'fitness': 0.9786224428506216, 'generation': 56}","{'id': 3936, 'rank': 3, 'fitness': 0.9786224428506216, 'generation': 56}","{'id': 4038, 'rank': 4, 'fitness': 0.9761894577409167, 'generation': 56}","{'id': 4034, 'rank': 5, 'fitness': 0.9753593538407039, 'generation': 56}","{'id': 3979, 'rank': 6, 'fitness': 0.975335297415429, 'generation': 56}","{'id': 4018, 'rank': 7, 'fitness': 0.9674636778504692, 'generation': 56}","{'id': 3987, 'rank': 8, 'fitness': 0.9634835570592803, 'generation': 56}","{'id': 3988, 'rank': 9, 'fitness': 0.95834352126644, 'generation': 56}","{'id': 3998, 'rank': 10, 'fitness': 0.9567057122629936, 'generation': 56}","{'id': 3998, 'rank': 11, 'fitness': 0.9567057122629936, 'generation': 56}","{'id': 3989, 'rank': 12, 'fitness': 0.9544842782083418, 'generation': 56}","{'id': 4042, 'rank': 13, 'fitness': 0.9540758081131979, 'generation': 56}","{'id': 4023, 'rank': 14, 'fitness': 0.9493314065734033, 'generation': 56}","{'id': 4020, 'rank': 15, 'fitness': 0.9486437057003136, 'generation': 56}","{'id': 3982, 'rank': 16, 'fitness': 0.9432280164140341, 'generation': 56}","{'id': 4027, 'rank': 17, 'fitness': 0.9381078402089821, 'generation': 56}","{'id': 4017, 'rank': 18, 'fitness': 0.9381053215139017, 'generation': 56}","{'id': 4017, 'rank': 19, 'fitness': 0.9381053215139017, 'generation': 56}","{'id': 4028, 'rank': 20, 'fitness': 0.9299284370521631, 'generation': 56}","{'id': 4029, 'rank': 21, 'fitness': 0.9250981730774199, 'generation': 56}","{'id': 3858, 'rank': 22, 'fitness': 0.9210753322521146, 'generation': 56}","{'id': 3985, 'rank': 23, 'fitness': 0.9191636409567172, 'generation': 56}","{'id': 4010, 'rank': 24, 'fitness': 0.8935911482018233, 'generation': 56}","{'id': 3978, 'rank': 25, 'fitness': 0.7841482376993666, 'generation': 56}","{'id': 3975, 'rank': 26, 'fitness': 0.7821088203884449, 'generation': 56}","{'id': 4009, 'rank': 27, 'fitness': 0.696853479787159, 'generation': 56}","{'id': 3969, 'rank': 28, 'fitness': 0.6593954666392619, 'generation': 56}","{'id': 3930, 'rank': 29, 'fitness': 0.5620384978869355, 'generation': 56}","{'id': 4015, 'rank': 30, 'fitness': 0.01798620996209155, 'generation': 56}"
"{'id': 4122, 'rank': 1, 'fitness': 0.9820137900379085, 'generation': 57}","{'id': 4058, 'rank': 2, 'fitness': 0.9797431198512516, 'generation': 57}","{'id': 4058, 'rank': 3, 'fitness': 0.9797431198512516, 'generation': 57}","{'id': 4058, 'rank': 4, 'fitness': 0.9797431198512516, 'generation': 57}","{'id': 4124, 'rank': 5, 'fitness': 0.9766730682045374, 'generation': 57}","{'id': 4089, 'rank': 6, 'fitness': 0.9670125842758258, 'generation': 57}","{'id': 3936, 'rank': 7, 'fitness': 0.965957222657092, 'generation': 57}","{'id': 4140, 'rank': 8, 'fitness': 0.9651439344067703, 'generation': 57}","{'id': 4060, 'rank': 9, 'fitness': 0.9585552230454522, 'generation': 57}","{'id': 4102, 'rank': 10, 'fitness': 0.9364568060527223, 'generation': 57}","{'id': 4102, 'rank': 11, 'fitness': 0.9364568060527223, 'generation': 57}","{'id': 4102, 'rank': 12, 'fitness': 0.9364568060527223, 'generation': 57}","{'id': 4134, 'rank': 13, 'fitness': 0.9319462902263975, 'generation': 57}","{'id': 4059, 'rank': 14, 'fitness': 0.9250424285667666, 'generation': 57}","{'id': 4018, 'rank': 15, 'fitness': 0.9110888058945937, 'generation': 57}","{'id': 3987, 'rank': 16, 'fitness': 0.8854273401258564, 'generation': 57}","{'id': 4057, 'rank': 17, 'fitness': 0.8829606170169407, 'generation': 57}","{'id': 4057, 'rank': 18, 'fitness': 0.8829606170169407, 'generation': 57}","{'id': 4056, 'rank': 19, 'fitness': 0.855146962850005, 'generation': 57}","{'id': 3989, 'rank': 20, 'fitness': 0.8179786452053441, 'generation': 57}","{'id': 4136, 'rank': 21, 'fitness': 0.7726576261381701, 'generation': 57}","{'id': 4132, 'rank': 22, 'fitness': 0.751012779488899, 'generation': 57}","{'id': 4094, 'rank': 23, 'fitness': 0.6014920381050294, 'generation': 57}","{'id': 4092, 'rank': 24, 'fitness': 0.5859361520362235, 'generation': 57}","{'id': 4092, 'rank': 25, 'fitness': 0.5859361520362235, 'generation': 57}","{'id': 4116, 'rank': 26, 'fitness': 0.5258313516270828, 'generation': 57}","{'id': 4114, 'rank': 27, 'fitness': 0.21588160758765795, 'generation': 57}","{'id': 4114, 'rank': 28, 'fitness': 0.21588160758765795, 'generation': 57}","{'id': 4052, 'rank': 29, 'fitness': 0.19091102186720588, 'generation': 57}","{'id': 4054, 'rank': 30, 'fitness': 0.01798620996209155, 'generation': 57}"
"{'id': 4146, 'rank': 1, 'fitness': 0.9820137900379085, 'generation': 58}","{'id': 4122, 'rank': 2, 'fitness': 0.9805828505791802, 'generation': 58}","{'id': 4058, 'rank': 3, 'fitness': 0.979339049760787, 'generation': 58}","{'id': 4058, 'rank': 4, 'fitness': 0.979339049760787, 'generation': 58}","{'id': 4212, 'rank': 5, 'fitness': 0.9779659268662518, 'generation': 58}","{'id': 4213, 'rank': 6, 'fitness': 0.9764079618482449, 'generation': 58}","{'id': 4213, 'rank': 7, 'fitness': 0.9764079618482449, 'generation': 58}","{'id': 4147, 'rank': 8, 'fitness': 0.9760974836594964, 'generation': 58}","{'id': 4177, 'rank': 9, 'fitness': 0.9754931181838151, 'generation': 58}","{'id': 4140, 'rank': 10, 'fitness': 0.972537235315668, 'generation': 58}","{'id': 4188, 'rank': 11, 'fitness': 0.9709885991524786, 'generation': 58}","{'id': 4188, 'rank': 12, 'fitness': 0.9709885991524786, 'generation': 58}","{'id': 4188, 'rank': 13, 'fitness': 0.9709885991524786, 'generation': 58}","{'id': 4145, 'rank': 14, 'fitness': 0.9684680960487029, 'generation': 58}","{'id': 4102, 'rank': 15, 'fitness': 0.9622178337164082, 'generation': 58}","{'id': 4102, 'rank': 16, 'fitness': 0.9622178337164082, 'generation': 58}","{'id': 4134, 'rank': 17, 'fitness': 0.9607978243028488, 'generation': 58}","{'id': 4134, 'rank': 18, 'fitness': 0.9607978243028488, 'generation': 58}","{'id': 4176, 'rank': 19, 'fitness': 0.9586150076051716, 'generation': 58}","{'id': 4168, 'rank': 20, 'fitness': 0.9567598304946566, 'generation': 58}","{'id': 4057, 'rank': 21, 'fitness': 0.9472185998671481, 'generation': 58}","{'id': 4136, 'rank': 22, 'fitness': 0.9220508762009716, 'generation': 58}","{'id': 4094, 'rank': 23, 'fitness': 0.8855672331757947, 'generation': 58}","{'id': 4156, 'rank': 24, 'fitness': 0.8226895943768538, 'generation': 58}","{'id': 4154, 'rank': 25, 'fitness': 0.8057037792070709, 'generation': 58}","{'id': 4164, 'rank': 26, 'fitness': 0.7570177124221299, 'generation': 58}","{'id': 4207, 'rank': 27, 'fitness': 0.623878157209309, 'generation': 58}","{'id': 4193, 'rank': 28, 'fitness': 0.2856376836927329, 'generation': 58}","{'id': 4193, 'rank': 29, 'fitness': 0.2856376836927329, 'generation': 58}","{'id': 4143, 'rank': 30, 'fitness': 0.01798620996209155, 'generation': 58}"
"{'id': 4231, 'rank': 1, 'fitness': 0.9820137900379085, 'generation': 59}","{'id': 4224, 'rank': 2, 'fitness': 0.9663847069392133, 'generation': 59}","{'id': 4224, 'rank': 3, 'fitness': 0.9663847069392133, 'generation': 59}","{'id': 4280, 'rank': 4, 'fitness': 0.9478738998109084, 'generation': 59}","{'id': 4220, 'rank': 5, 'fitness': 0.939459837185863, 'generation': 59}","{'id': 4282, 'rank': 6, 'fitness': 0.9345870500183737, 'generation': 59}","{'id': 4282, 'rank': 7, 'fitness': 0.9345870500183737, 'generation': 59}","{'id': 4257, 'rank': 8, 'fitness': 0.9291634603007863, 'generation': 59}","{'id': 4213, 'rank': 9, 'fitness': 0.8951860857170333, 'generation': 59}","{'id': 4213, 'rank': 10, 'fitness': 0.8951860857170333, 'generation': 59}","{'id': 4253, 'rank': 11, 'fitness': 0.8799011305452781, 'generation': 59}","{'id': 4228, 'rank': 12, 'fitness': 0.837082089656679, 'generation': 59}","{'id': 4237, 'rank': 13, 'fitness': 0.8034225173335497, 'generation': 59}","{'id': 4238, 'rank': 14, 'fitness': 0.7726149983513455, 'generation': 59}","{'id': 4232, 'rank': 15, 'fitness': 0.7657096143161485, 'generation': 59}","{'id': 4232, 'rank': 16, 'fitness': 0.7657096143161485, 'generation': 59}","{'id': 4256, 'rank': 17, 'fitness': 0.7437503082761772, 'generation': 59}","{'id': 4243, 'rank': 18, 'fitness': 0.7213130324102179, 'generation': 59}","{'id': 4227, 'rank': 19, 'fitness': 0.6372147014247682, 'generation': 59}","{'id': 4274, 'rank': 20, 'fitness': 0.6010451440145905, 'generation': 59}","{'id': 4222, 'rank': 21, 'fitness': 0.5897267653479235, 'generation': 59}","{'id': 4284, 'rank': 22, 'fitness': 0.5121249358068033, 'generation': 59}","{'id': 4275, 'rank': 23, 'fitness': 0.34730593020051126, 'generation': 59}","{'id': 4275, 'rank': 24, 'fitness': 0.34730593020051126, 'generation': 59}","{'id': 4134, 'rank': 25, 'fitness': 0.3354180083342232, 'generation': 59}","{'id': 4134, 'rank': 26, 'fitness': 0.3354180083342232, 'generation': 59}","{'id': 4134, 'rank': 27, 'fitness': 0.3354180083342232, 'generation': 59}","{'id': 4261, 'rank': 28, 'fitness': 0.0907696253576008, 'generation': 59}","{'id': 4270, 'rank': 29, 'fitness': 0.07622175723260471, 'generation': 59}","{'id': 4216, 'rank': 30, 'fitness': 0.01798620996209155, 'generation': 59}"
"{'id': 4347, 'rank': 1, 'fitness': 0.9820137900379085, 'generation': 60}","{'id': 4282, 'rank': 2, 'fitness': 0.9819531639899732, 'generation': 60}","{'id': 4282, 'rank': 3, 'fitness': 0.9819531639899732, 'generation': 60}","{'id': 4282, 'rank': 4, 'fitness': 0.9819531639899732, 'generation': 60}","{'id': 4213, 'rank': 5, 'fitness': 0.9817096040120621, 'generation': 60}","{'id': 4213, 'rank': 6, 'fitness': 0.9817096040120621, 'generation': 60}","{'id': 4253, 'rank': 7, 'fitness': 0.9816363926037034, 'generation': 60}","{'id': 4228, 'rank': 8, 'fitness': 0.9814658941068464, 'generation': 60}","{'id': 4237, 'rank': 9, 'fitness': 0.9813551027125738, 'generation': 60}","{'id': 4237, 'rank': 10, 'fitness': 0.9813551027125738, 'generation': 60}","{'id': 4237, 'rank': 11, 'fitness': 0.9813551027125738, 'generation': 60}","{'id': 4232, 'rank': 12, 'fitness': 0.9812462349145827, 'generation': 60}","{'id': 4339, 'rank': 13, 'fitness': 0.9810282222890232, 'generation': 60}","{'id': 4339, 'rank': 14, 'fitness': 0.9810282222890232, 'generation': 60}","{'id': 4227, 'rank': 15, 'fitness': 0.9809405999728421, 'generation': 60}","{'id': 4222, 'rank': 16, 'fitness': 0.9808408931416186, 'generation': 60}","{'id': 4284, 'rank': 17, 'fitness': 0.9806835192176622, 'generation': 60}","{'id': 4275, 'rank': 18, 'fitness': 0.9803390162083339, 'generation': 60}","{'id': 4275, 'rank': 19, 'fitness': 0.9803390162083339, 'generation': 60}","{'id': 4134, 'rank': 20, 'fitness': 0.9803119525751132, 'generation': 60}","{'id': 4289, 'rank': 21, 'fitness': 0.979539005638307, 'generation': 60}","{'id': 4353, 'rank': 22, 'fitness': 0.9794753103585874, 'generation': 60}","{'id': 4270, 'rank': 23, 'fitness': 0.9793626873099264, 'generation': 60}","{'id': 4216, 'rank': 24, 'fitness': 0.9785397713546398, 'generation': 60}","{'id': 4350, 'rank': 25, 'fitness': 0.9763445438018483, 'generation': 60}","{'id': 4312, 'rank': 26, 'fitness': 0.9667085421523065, 'generation': 60}","{'id': 4316, 'rank': 27, 'fitness': 0.8670323951006635, 'generation': 60}","{'id': 4316, 'rank': 28, 'fitness': 0.8670323951006635, 'generation': 60}","{'id': 4364, 'rank': 29, 'fitness': 0.04352577660582441, 'generation': 60}","{'id': 4362, 'rank': 30, 'fitness': 0.01798620996209155, 'generation': 60}"
"{'id': 4393, 'rank': 1, 'fitness': 0.9820137900379085, 'generation': 61}","{'id': 4393, 'rank': 2, 'fitness': 0.9820137900379085, 'generation': 61}","{'id': 4414, 'rank': 3, 'fitness': 0.9809086412580553, 'generation': 61}","{'id': 4398, 'rank': 4, 'fitness': 0.9800049244736683, 'generation': 61}","{'id': 4347, 'rank': 5, 'fitness': 0.9796569224322272, 'generation': 61}","{'id': 4282, 'rank': 6, 'fitness': 0.9794365583187107, 'generation': 61}","{'id': 4282, 'rank': 7, 'fitness': 0.9794365583187107, 'generation': 61}","{'id': 4412, 'rank': 8, 'fitness': 0.9788837869738805, 'generation': 61}","{'id': 4213, 'rank': 9, 'fitness': 0.9785350912122783, 'generation': 61}","{'id': 4253, 'rank': 10, 'fitness': 0.9782590231771695, 'generation': 61}","{'id': 4400, 'rank': 11, 'fitness': 0.9782475626738263, 'generation': 61}","{'id': 4377, 'rank': 12, 'fitness': 0.9782003967825947, 'generation': 61}","{'id': 4391, 'rank': 13, 'fitness': 0.9781942217491477, 'generation': 61}","{'id': 4391, 'rank': 14, 'fitness': 0.9781942217491477, 'generation': 61}","{'id': 4228, 'rank': 15, 'fitness': 0.9776068899807047, 'generation': 61}","{'id': 4416, 'rank': 16, 'fitness': 0.9773619435348051, 'generation': 61}","{'id': 4415, 'rank': 17, 'fitness': 0.9762490013951464, 'generation': 61}","{'id': 4339, 'rank': 18, 'fitness': 0.975873146760561, 'generation': 61}","{'id': 4222, 'rank': 19, 'fitness': 0.9751044647962008, 'generation': 61}","{'id': 4396, 'rank': 20, 'fitness': 0.9750756229233795, 'generation': 61}","{'id': 4375, 'rank': 21, 'fitness': 0.9742581840796454, 'generation': 61}","{'id': 4275, 'rank': 22, 'fitness': 0.9729649879472517, 'generation': 61}","{'id': 4275, 'rank': 23, 'fitness': 0.9729649879472517, 'generation': 61}","{'id': 4374, 'rank': 24, 'fitness': 0.972581178137325, 'generation': 61}","{'id': 4390, 'rank': 25, 'fitness': 0.9697646626862011, 'generation': 61}","{'id': 4424, 'rank': 26, 'fitness': 0.9649737567787935, 'generation': 61}","{'id': 4386, 'rank': 27, 'fitness': 0.9607902902416949, 'generation': 61}","{'id': 4350, 'rank': 28, 'fitness': 0.9514983540110522, 'generation': 61}","{'id': 4369, 'rank': 29, 'fitness': 0.947400632404502, 'generation': 61}","{'id': 4383, 'rank': 30, 'fitness': 0.01798620996209155, 'generation': 61}"
"{'id': 4475, 'rank': 1, 'fitness': 0.9820137900379085, 'generation': 62}","{'id': 4475, 'rank': 2, 'fitness': 0.9820137900379085, 'generation': 62}","{'id': 4474, 'rank': 3, 'fitness': 0.9716379586793839, 'generation': 62}","{'id': 4471, 'rank': 4, 'fitness': 0.9678634916367078, 'generation': 62}","{'id': 4453, 'rank': 5, 'fitness': 0.9620408215836919, 'generation': 62}","{'id': 4493, 'rank': 6, 'fitness': 0.9571615000326882, 'generation': 62}","{'id': 4479, 'rank': 7, 'fitness': 0.9407524279015587, 'generation': 62}","{'id': 4494, 'rank': 8, 'fitness': 0.9325734664749998, 'generation': 62}","{'id': 4282, 'rank': 9, 'fitness': 0.9321150567884646, 'generation': 62}","{'id': 4412, 'rank': 10, 'fitness': 0.9239526081395013, 'generation': 62}","{'id': 4213, 'rank': 11, 'fitness': 0.918469632640857, 'generation': 62}","{'id': 4495, 'rank': 12, 'fitness': 0.9132803422639209, 'generation': 62}","{'id': 4377, 'rank': 13, 'fitness': 0.9129594952178481, 'generation': 62}","{'id': 4377, 'rank': 14, 'fitness': 0.9129594952178481, 'generation': 62}","{'id': 4377, 'rank': 15, 'fitness': 0.9129594952178481, 'generation': 62}","{'id': 4391, 'rank': 16, 'fitness': 0.9128555394159963, 'generation': 62}","{'id': 4468, 'rank': 17, 'fitness': 0.9098069420575174, 'generation': 62}","{'id': 4468, 'rank': 18, 'fitness': 0.9098069420575174, 'generation': 62}","{'id': 4442, 'rank': 19, 'fitness': 0.9018662144230726, 'generation': 62}","{'id': 4513, 'rank': 20, 'fitness': 0.8911087941794813, 'generation': 62}","{'id': 4503, 'rank': 21, 'fitness': 0.8798825748517679, 'generation': 62}","{'id': 4339, 'rank': 22, 'fitness': 0.8677836779880229, 'generation': 62}","{'id': 4486, 'rank': 23, 'fitness': 0.8550983247566241, 'generation': 62}","{'id': 4484, 'rank': 24, 'fitness': 0.8474404544881593, 'generation': 62}","{'id': 4505, 'rank': 25, 'fitness': 0.8428157551131679, 'generation': 62}","{'id': 4485, 'rank': 26, 'fitness': 0.8344322075134656, 'generation': 62}","{'id': 4517, 'rank': 27, 'fitness': 0.8280671239343511, 'generation': 62}","{'id': 4424, 'rank': 28, 'fitness': 0.5367842135519763, 'generation': 62}","{'id': 4350, 'rank': 29, 'fitness': 0.2000455782120753, 'generation': 62}","{'id': 4507, 'rank': 30, 'fitness': 0.01798620996209155, 'generation': 62}"
"{'id': 4529, 'rank': 1, 'fitness': 0.9820137900379085, 'generation': 63}","{'id': 4608, 'rank': 2, 'fitness': 0.9774532809882439, 'generation': 63}","{'id': 4608, 'rank': 3, 'fitness': 0.9774532809882439, 'generation': 63}","{'id': 4475, 'rank': 4, 'fitness': 0.9675300873399824, 'generation': 63}","{'id': 4593, 'rank': 5, 'fitness': 0.9623888740697184, 'generation': 63}","{'id': 4607, 'rank': 6, 'fitness': 0.9456525204572328, 'generation': 63}","{'id': 4607, 'rank': 7, 'fitness': 0.9456525204572328, 'generation': 63}","{'id': 4471, 'rank': 8, 'fitness': 0.9384337399326579, 'generation': 63}","{'id': 4471, 'rank': 9, 'fitness': 0.9384337399326579, 'generation': 63}","{'id': 4594, 'rank': 10, 'fitness': 0.9342299579065445, 'generation': 63}","{'id': 4479, 'rank': 11, 'fitness': 0.8810892652227114, 'generation': 63}","{'id': 4563, 'rank': 12, 'fitness': 0.8359479533899469, 'generation': 63}","{'id': 4543, 'rank': 13, 'fitness': 0.8357984382336421, 'generation': 63}","{'id': 4213, 'rank': 14, 'fitness': 0.8342488083929619, 'generation': 63}","{'id': 4602, 'rank': 15, 'fitness': 0.8306429609224675, 'generation': 63}","{'id': 4377, 'rank': 16, 'fitness': 0.8228202697036149, 'generation': 63}","{'id': 4377, 'rank': 17, 'fitness': 0.8228202697036149, 'generation': 63}","{'id': 4604, 'rank': 18, 'fitness': 0.8118495217557545, 'generation': 63}","{'id': 4513, 'rank': 19, 'fitness': 0.7783196747072662, 'generation': 63}","{'id': 4548, 'rank': 20, 'fitness': 0.6941549896427903, 'generation': 63}","{'id': 4484, 'rank': 21, 'fitness': 0.6940921823924089, 'generation': 63}","{'id': 4531, 'rank': 22, 'fitness': 0.5647649650618116, 'generation': 63}","{'id': 4572, 'rank': 23, 'fitness': 0.5632466734836503, 'generation': 63}","{'id': 4570, 'rank': 24, 'fitness': 0.46117683151378136, 'generation': 63}","{'id': 4599, 'rank': 25, 'fitness': 0.41845466265991904, 'generation': 63}","{'id': 4599, 'rank': 26, 'fitness': 0.41845466265991904, 'generation': 63}","{'id': 4596, 'rank': 27, 'fitness': 0.27254852339715396, 'generation': 63}","{'id': 4590, 'rank': 28, 'fitness': 0.2698860134444162, 'generation': 63}","{'id': 4586, 'rank': 29, 'fitness': 0.06280149318262318, 'generation': 63}","{'id': 4552, 'rank': 30, 'fitness': 0.01798620996209155, 'generation': 63}"
"{'id': 4630, 'rank': 1, 'fitness': 0.9820137900379085, 'generation': 64}","{'id': 4630, 'rank': 2, 'fitness': 0.9820137900379085, 'generation': 64}","{'id': 4529, 'rank': 3, 'fitness': 0.9819454989865347, 'generation': 64}","{'id': 4631, 'rank': 4, 'fitness': 0.9818831820407231, 'generation': 64}","{'id': 4608, 'rank': 5, 'fitness': 0.9818184347834709, 'generation': 64}","{'id': 4608, 'rank': 6, 'fitness': 0.9818184347834709, 'generation': 64}","{'id': 4632, 'rank': 7, 'fitness': 0.9817727655091293, 'generation': 64}","{'id': 4676, 'rank': 8, 'fitness': 0.9816314762778746, 'generation': 64}","{'id': 4618, 'rank': 9, 'fitness': 0.9815115144670808, 'generation': 64}","{'id': 4617, 'rank': 10, 'fitness': 0.9814901591158777, 'generation': 64}","{'id': 4607, 'rank': 11, 'fitness': 0.9813068391443156, 'generation': 64}","{'id': 4607, 'rank': 12, 'fitness': 0.9813068391443156, 'generation': 64}","{'id': 4607, 'rank': 13, 'fitness': 0.9813068391443156, 'generation': 64}","{'id': 4663, 'rank': 14, 'fitness': 0.9808463148671915, 'generation': 64}","{'id': 4659, 'rank': 15, 'fitness': 0.9805450015511237, 'generation': 64}","{'id': 4484, 'rank': 16, 'fitness': 0.9801137396640436, 'generation': 64}","{'id': 4664, 'rank': 17, 'fitness': 0.9798641572512148, 'generation': 64}","{'id': 4642, 'rank': 18, 'fitness': 0.9797786351210198, 'generation': 64}","{'id': 4655, 'rank': 19, 'fitness': 0.9795289495776922, 'generation': 64}","{'id': 4655, 'rank': 20, 'fitness': 0.9795289495776922, 'generation': 64}","{'id': 4655, 'rank': 21, 'fitness': 0.9795289495776922, 'generation': 64}","{'id': 4596, 'rank': 22, 'fitness': 0.9789970041573921, 'generation': 64}","{'id': 4552, 'rank': 23, 'fitness': 0.9769865009522374, 'generation': 64}","{'id': 4648, 'rank': 24, 'fitness': 0.970874402185194, 'generation': 64}","{'id': 4644, 'rank': 25, 'fitness': 0.9616941588984089, 'generation': 64}","{'id': 4650, 'rank': 26, 'fitness': 0.9610093047682409, 'generation': 64}","{'id': 4650, 'rank': 27, 'fitness': 0.9610093047682409, 'generation': 64}","{'id': 4660, 'rank': 28, 'fitness': 0.95543672130157, 'generation': 64}","{'id': 4673, 'rank': 29, 'fitness': 0.02616211308800115, 'generation': 64}","{'id': 4675, 'rank': 30, 'fitness': 0.01798620996209155, 'generation': 64}"
"{'id': 4678, 'rank': 1, 'fitness': 0.9820137900379085, 'generation': 65}","{'id': 4726, 'rank': 2, 'fitness': 0.9796845287356436, 'generation': 65}","{'id': 4723, 'rank': 3, 'fitness': 0.9782523131032561, 'generation': 65}","{'id': 4720, 'rank': 4, 'fitness': 0.9778969670960374, 'generation': 65}","{'id': 4709, 'rank': 5, 'fitness': 0.9775260599783987, 'generation': 65}","{'id': 4529, 'rank': 6, 'fitness': 0.9774360973011651, 'generation': 65}","{'id': 4749, 'rank': 7, 'fitness': 0.9771538893217303, 'generation': 65}","{'id': 4687, 'rank': 8, 'fitness': 0.9769725819161604, 'generation': 65}","{'id': 4631, 'rank': 9, 'fitness': 0.9767291959757662, 'generation': 65}","{'id': 4724, 'rank': 10, 'fitness': 0.9765189263762228, 'generation': 65}","{'id': 4686, 'rank': 11, 'fitness': 0.9760425569973394, 'generation': 65}","{'id': 4608, 'rank': 12, 'fitness': 0.9759744777093224, 'generation': 65}","{'id': 4632, 'rank': 13, 'fitness': 0.9754294792521336, 'generation': 65}","{'id': 4679, 'rank': 14, 'fitness': 0.973249576287826, 'generation': 65}","{'id': 4719, 'rank': 15, 'fitness': 0.9724623821068707, 'generation': 65}","{'id': 4721, 'rank': 16, 'fitness': 0.970561646148088, 'generation': 65}","{'id': 4714, 'rank': 17, 'fitness': 0.9700689922441608, 'generation': 65}","{'id': 4701, 'rank': 18, 'fitness': 0.9669392917711347, 'generation': 65}","{'id': 4697, 'rank': 19, 'fitness': 0.9667779349785329, 'generation': 65}","{'id': 4699, 'rank': 20, 'fitness': 0.9660552421675513, 'generation': 65}","{'id': 4695, 'rank': 21, 'fitness': 0.962333176235288, 'generation': 65}","{'id': 4663, 'rank': 22, 'fitness': 0.9618297311901782, 'generation': 65}","{'id': 4710, 'rank': 23, 'fitness': 0.9580323416710615, 'generation': 65}","{'id': 4706, 'rank': 24, 'fitness': 0.9572211053688395, 'generation': 65}","{'id': 4712, 'rank': 25, 'fitness': 0.9544102332430178, 'generation': 65}","{'id': 4729, 'rank': 26, 'fitness': 0.9521173748068852, 'generation': 65}","{'id': 4737, 'rank': 27, 'fitness': 0.9377220047774504, 'generation': 65}","{'id': 4711, 'rank': 28, 'fitness': 0.9316468451063776, 'generation': 65}","{'id': 4692, 'rank': 29, 'fitness': 0.9067305203090801, 'generation': 65}","{'id': 4736, 'rank': 30, 'fitness': 0.01798620996209155, 'generation': 65}"
"{'id': 4839, 'rank': 1, 'fitness': 0.9820137900379085, 'generation': 66}","{'id': 4726, 'rank': 2, 'fitness': 0.9783132900477804, 'generation': 66}","{'id': 4842, 'rank': 3, 'fitness': 0.9702742106827473, 'generation': 66}","{'id': 4804, 'rank': 4, 'fitness': 0.96392363927075, 'generation': 66}","{'id': 4723, 'rank': 5, 'fitness': 0.9638193397211865, 'generation': 66}","{'id': 4802, 'rank': 6, 'fitness': 0.9540545686146927, 'generation': 66}","{'id': 4631, 'rank': 7, 'fitness': 0.9403737507816934, 'generation': 66}","{'id': 4784, 'rank': 8, 'fitness': 0.9377181997784154, 'generation': 66}","{'id': 4811, 'rank': 9, 'fitness': 0.9280281347015282, 'generation': 66}","{'id': 4777, 'rank': 10, 'fitness': 0.9199891430526206, 'generation': 66}","{'id': 4777, 'rank': 11, 'fitness': 0.9199891430526206, 'generation': 66}","{'id': 4803, 'rank': 12, 'fitness': 0.9178578569731175, 'generation': 66}","{'id': 4821, 'rank': 13, 'fitness': 0.8711535053145352, 'generation': 66}","{'id': 4821, 'rank': 14, 'fitness': 0.8711535053145352, 'generation': 66}","{'id': 4818, 'rank': 15, 'fitness': 0.8504049103110062, 'generation': 66}","{'id': 4806, 'rank': 16, 'fitness': 0.8495036210828543, 'generation': 66}","{'id': 4679, 'rank': 17, 'fitness': 0.8424187330210736, 'generation': 66}","{'id': 4824, 'rank': 18, 'fitness': 0.7780564990921152, 'generation': 66}","{'id': 4823, 'rank': 19, 'fitness': 0.7216832562332394, 'generation': 66}","{'id': 4817, 'rank': 20, 'fitness': 0.7005255613636701, 'generation': 66}","{'id': 4769, 'rank': 21, 'fitness': 0.6388332767847318, 'generation': 66}","{'id': 4834, 'rank': 22, 'fitness': 0.36182920046808575, 'generation': 66}","{'id': 4695, 'rank': 23, 'fitness': 0.2690221092235907, 'generation': 66}","{'id': 4695, 'rank': 24, 'fitness': 0.2690221092235907, 'generation': 66}","{'id': 4663, 'rank': 25, 'fitness': 0.24898107409156295, 'generation': 66}","{'id': 4774, 'rank': 26, 'fitness': 0.1745219771004778, 'generation': 66}","{'id': 4774, 'rank': 27, 'fitness': 0.1745219771004778, 'generation': 66}","{'id': 4838, 'rank': 28, 'fitness': 0.09417193811576141, 'generation': 66}","{'id': 4798, 'rank': 29, 'fitness': 0.08174284991606046, 'generation': 66}","{'id': 4832, 'rank': 30, 'fitness': 0.01798620996209155, 'generation': 66}"
"{'id': 4891, 'rank': 1, 'fitness': 0.9820137900379085, 'generation': 67}","{'id': 4891, 'rank': 2, 'fitness': 0.9820137900379085, 'generation': 67}","{'id': 4883, 'rank': 3, 'fitness': 0.9819945573370845, 'generation': 67}","{'id': 4890, 'rank': 4, 'fitness': 0.9819752736459045, 'generation': 67}","{'id': 4726, 'rank': 5, 'fitness': 0.9818615306303621, 'generation': 67}","{'id': 4872, 'rank': 6, 'fitness': 0.9818467629410397, 'generation': 67}","{'id': 4895, 'rank': 7, 'fitness': 0.9818350292530146, 'generation': 67}","{'id': 4881, 'rank': 8, 'fitness': 0.9817929216166292, 'generation': 67}","{'id': 4804, 'rank': 9, 'fitness': 0.9817617584896925, 'generation': 67}","{'id': 4802, 'rank': 10, 'fitness': 0.9817135417517795, 'generation': 67}","{'id': 4811, 'rank': 11, 'fitness': 0.9816220710175191, 'generation': 67}","{'id': 4821, 'rank': 12, 'fitness': 0.9814974191733585, 'generation': 67}","{'id': 4806, 'rank': 13, 'fitness': 0.9814624229805683, 'generation': 67}","{'id': 4853, 'rank': 14, 'fitness': 0.9813498823447787, 'generation': 67}","{'id': 4853, 'rank': 15, 'fitness': 0.9813498823447787, 'generation': 67}","{'id': 4823, 'rank': 16, 'fitness': 0.9813108440918363, 'generation': 67}","{'id': 4823, 'rank': 17, 'fitness': 0.9813108440918363, 'generation': 67}","{'id': 4817, 'rank': 18, 'fitness': 0.9812906777488721, 'generation': 67}","{'id': 4769, 'rank': 19, 'fitness': 0.9812358604802829, 'generation': 67}","{'id': 4887, 'rank': 20, 'fitness': 0.9810665381501831, 'generation': 67}","{'id': 4854, 'rank': 21, 'fitness': 0.9809602589298769, 'generation': 67}","{'id': 4854, 'rank': 22, 'fitness': 0.9809602589298769, 'generation': 67}","{'id': 4847, 'rank': 23, 'fitness': 0.9809019769793577, 'generation': 67}","{'id': 4774, 'rank': 24, 'fitness': 0.9808140634903539, 'generation': 67}","{'id': 4864, 'rank': 25, 'fitness': 0.9803197106304185, 'generation': 67}","{'id': 4855, 'rank': 26, 'fitness': 0.980172117330328, 'generation': 67}","{'id': 4844, 'rank': 27, 'fitness': 0.9796032691581122, 'generation': 67}","{'id': 4851, 'rank': 28, 'fitness': 0.977519826603853, 'generation': 67}","{'id': 4866, 'rank': 29, 'fitness': 0.9741452944529054, 'generation': 67}","{'id': 4880, 'rank': 30, 'fitness': 0.01798620996209155, 'generation': 67}"
"{'id': 4934, 'rank': 1, 'fitness': 0.9820137900379085, 'generation': 68}","{'id': 4890, 'rank': 2, 'fitness': 0.9667059416983759, 'generation': 68}","{'id': 4953, 'rank': 3, 'fitness': 0.9600146493843773, 'generation': 68}","{'id': 4990, 'rank': 4, 'fitness': 0.9572140438917836, 'generation': 68}","{'id': 4978, 'rank': 5, 'fitness': 0.9569263623898954, 'generation': 68}","{'id': 4958, 'rank': 6, 'fitness': 0.9433395801315568, 'generation': 68}","{'id': 4957, 'rank': 7, 'fitness': 0.9313757941125416, 'generation': 68}","{'id': 4939, 'rank': 8, 'fitness': 0.9284859422407825, 'generation': 68}","{'id': 4937, 'rank': 9, 'fitness': 0.9205762958289758, 'generation': 68}","{'id': 4933, 'rank': 10, 'fitness': 0.9203404986626262, 'generation': 68}","{'id': 4988, 'rank': 11, 'fitness': 0.9111723373573729, 'generation': 68}","{'id': 4917, 'rank': 12, 'fitness': 0.901798687455488, 'generation': 68}","{'id': 4908, 'rank': 13, 'fitness': 0.8836469778846511, 'generation': 68}","{'id': 4956, 'rank': 14, 'fitness': 0.8811887032770798, 'generation': 68}","{'id': 4811, 'rank': 15, 'fitness': 0.8760899383790488, 'generation': 68}","{'id': 4897, 'rank': 16, 'fitness': 0.8737181807839922, 'generation': 68}","{'id': 4949, 'rank': 17, 'fitness': 0.8343509604544845, 'generation': 68}","{'id': 4821, 'rank': 18, 'fitness': 0.8121027672428032, 'generation': 68}","{'id': 4977, 'rank': 19, 'fitness': 0.802232061649329, 'generation': 68}","{'id': 4922, 'rank': 20, 'fitness': 0.7455632976939844, 'generation': 68}","{'id': 4948, 'rank': 21, 'fitness': 0.7207050915726458, 'generation': 68}","{'id': 4948, 'rank': 22, 'fitness': 0.7207050915726458, 'generation': 68}","{'id': 4950, 'rank': 23, 'fitness': 0.6528369544665875, 'generation': 68}","{'id': 4925, 'rank': 24, 'fitness': 0.568370379416649, 'generation': 68}","{'id': 4901, 'rank': 25, 'fitness': 0.4041403599786673, 'generation': 68}","{'id': 4854, 'rank': 26, 'fitness': 0.3496309397600712, 'generation': 68}","{'id': 4984, 'rank': 27, 'fitness': 0.3297575601231268, 'generation': 68}","{'id': 4960, 'rank': 28, 'fitness': 0.24725836105675836, 'generation': 68}","{'id': 4774, 'rank': 29, 'fitness': 0.23541635861868077, 'generation': 68}","{'id': 4929, 'rank': 30, 'fitness': 0.01798620996209155, 'generation': 68}"
"{'id': 5025, 'rank': 1, 'fitness': 0.9820137900379085, 'generation': 69}","{'id': 4934, 'rank': 2, 'fitness': 0.9806621883787202, 'generation': 69}","{'id': 4890, 'rank': 3, 'fitness': 0.9795435675823185, 'generation': 69}","{'id': 4978, 'rank': 4, 'fitness': 0.9790504547765513, 'generation': 69}","{'id': 4995, 'rank': 5, 'fitness': 0.978909915065125, 'generation': 69}","{'id': 4995, 'rank': 6, 'fitness': 0.978909915065125, 'generation': 69}","{'id': 4994, 'rank': 7, 'fitness': 0.9783280976048071, 'generation': 69}","{'id': 5034, 'rank': 8, 'fitness': 0.9778586457274959, 'generation': 69}","{'id': 4937, 'rank': 9, 'fitness': 0.9778030186439768, 'generation': 69}","{'id': 4933, 'rank': 10, 'fitness': 0.977796666552546, 'generation': 69}","{'id': 5040, 'rank': 11, 'fitness': 0.9776852867542168, 'generation': 69}","{'id': 4917, 'rank': 12, 'fitness': 0.977339195129159, 'generation': 69}","{'id': 4811, 'rank': 13, 'fitness': 0.9768070540544014, 'generation': 69}","{'id': 4977, 'rank': 14, 'fitness': 0.9756354214549756, 'generation': 69}","{'id': 4948, 'rank': 15, 'fitness': 0.9746391101572689, 'generation': 69}","{'id': 4948, 'rank': 16, 'fitness': 0.9746391101572689, 'generation': 69}","{'id': 5039, 'rank': 17, 'fitness': 0.9737465198642701, 'generation': 69}","{'id': 5037, 'rank': 18, 'fitness': 0.973124480520572, 'generation': 69}","{'id': 5017, 'rank': 19, 'fitness': 0.9722563212160602, 'generation': 69}","{'id': 4901, 'rank': 20, 'fitness': 0.9714588540064433, 'generation': 69}","{'id': 4960, 'rank': 21, 'fitness': 0.9695744600061994, 'generation': 69}","{'id': 5015, 'rank': 22, 'fitness': 0.9619727118992774, 'generation': 69}","{'id': 5015, 'rank': 23, 'fitness': 0.9619727118992774, 'generation': 69}","{'id': 5011, 'rank': 24, 'fitness': 0.9581344368423252, 'generation': 69}","{'id': 5011, 'rank': 25, 'fitness': 0.9581344368423252, 'generation': 69}","{'id': 5058, 'rank': 26, 'fitness': 0.9500365981638841, 'generation': 69}","{'id': 5059, 'rank': 27, 'fitness': 0.9449048955016275, 'generation': 69}","{'id': 5009, 'rank': 28, 'fitness': 0.9334555629735037, 'generation': 69}","{'id': 5020, 'rank': 29, 'fitness': 0.7729378300343113, 'generation': 69}","{'id': 5045, 'rank': 30, 'fitness': 0.01798620996209155, 'generation': 69}"
"{'id': 5113, 'rank': 1, 'fitness': 0.9820137900379085, 'generation': 70}","{'id': 5113, 'rank': 2, 'fitness': 0.9820137900379085, 'generation': 70}","{'id': 4934, 'rank': 3, 'fitness': 0.9752283791601992, 'generation': 70}","{'id': 4934, 'rank': 4, 'fitness': 0.9752283791601992, 'generation': 70}","{'id': 5123, 'rank': 5, 'fitness': 0.9651571844825027, 'generation': 70}","{'id': 4890, 'rank': 6, 'fitness': 0.9543472620326583, 'generation': 70}","{'id': 5112, 'rank': 7, 'fitness': 0.95284179197536, 'generation': 70}","{'id': 4978, 'rank': 8, 'fitness': 0.9411226883541514, 'generation': 70}","{'id': 4995, 'rank': 9, 'fitness': 0.9368061386211517, 'generation': 70}","{'id': 5110, 'rank': 10, 'fitness': 0.9303201524997984, 'generation': 70}","{'id': 4994, 'rank': 11, 'fitness': 0.9160211332056465, 'generation': 70}","{'id': 4994, 'rank': 12, 'fitness': 0.9160211332056465, 'generation': 70}","{'id': 5086, 'rank': 13, 'fitness': 0.8862960827311226, 'generation': 70}","{'id': 5086, 'rank': 14, 'fitness': 0.8862960827311226, 'generation': 70}","{'id': 4811, 'rank': 15, 'fitness': 0.8353393588456487, 'generation': 70}","{'id': 5092, 'rank': 16, 'fitness': 0.8286151876737088, 'generation': 70}","{'id': 5142, 'rank': 17, 'fitness': 0.8002491774291196, 'generation': 70}","{'id': 5116, 'rank': 18, 'fitness': 0.7436186545777249, 'generation': 70}","{'id': 5073, 'rank': 19, 'fitness': 0.7377726343041269, 'generation': 70}","{'id': 5146, 'rank': 20, 'fitness': 0.7059724842625252, 'generation': 70}","{'id': 5106, 'rank': 21, 'fitness': 0.6519715773333475, 'generation': 70}","{'id': 4901, 'rank': 22, 'fitness': 0.32610323639959915, 'generation': 70}","{'id': 5140, 'rank': 23, 'fitness': 0.27569304557711233, 'generation': 70}","{'id': 5120, 'rank': 24, 'fitness': 0.2247228870642617, 'generation': 70}","{'id': 5120, 'rank': 25, 'fitness': 0.2247228870642617, 'generation': 70}","{'id': 5143, 'rank': 26, 'fitness': 0.10238642293257838, 'generation': 70}","{'id': 5143, 'rank': 27, 'fitness': 0.10238642293257838, 'generation': 70}","{'id': 5107, 'rank': 28, 'fitness': 0.07647453350532324, 'generation': 70}","{'id': 5074, 'rank': 29, 'fitness': 0.023791228976319856, 'generation': 70}","{'id': 5015, 'rank': 30, 'fitness': 0.01798620996209155, 'generation': 70}"
"{'id': 5150, 'rank': 1, 'fitness': 0.9820137900379085, 'generation': 71}","{'id': 5113, 'rank': 2, 'fitness': 0.9812005226451955, 'generation': 71}","{'id': 5113, 'rank': 3, 'fitness': 0.9812005226451955, 'generation': 71}","{'id': 5174, 'rank': 4, 'fitness': 0.9806859037230031, 'generation': 71}","{'id': 5174, 'rank': 5, 'fitness': 0.9806859037230031, 'generation': 71}","{'id': 4934, 'rank': 6, 'fitness': 0.9798175942725051, 'generation': 71}","{'id': 5175, 'rank': 7, 'fitness': 0.9779589044306232, 'generation': 71}","{'id': 5162, 'rank': 8, 'fitness': 0.9770476024924442, 'generation': 71}","{'id': 5112, 'rank': 9, 'fitness': 0.9766811257902546, 'generation': 71}","{'id': 5172, 'rank': 10, 'fitness': 0.9741205856058703, 'generation': 71}","{'id': 5199, 'rank': 11, 'fitness': 0.9733476267017047, 'generation': 71}","{'id': 4811, 'rank': 12, 'fitness': 0.9685978163503596, 'generation': 71}","{'id': 4811, 'rank': 13, 'fitness': 0.9685978163503596, 'generation': 71}","{'id': 4811, 'rank': 14, 'fitness': 0.9685978163503596, 'generation': 71}","{'id': 4811, 'rank': 15, 'fitness': 0.9685978163503596, 'generation': 71}","{'id': 4811, 'rank': 16, 'fitness': 0.9685978163503596, 'generation': 71}","{'id': 5192, 'rank': 17, 'fitness': 0.9663258145208815, 'generation': 71}","{'id': 5192, 'rank': 18, 'fitness': 0.9663258145208815, 'generation': 71}","{'id': 5116, 'rank': 19, 'fitness': 0.9646070744644988, 'generation': 71}","{'id': 5073, 'rank': 20, 'fitness': 0.9643763135295601, 'generation': 71}","{'id': 5073, 'rank': 21, 'fitness': 0.9643763135295601, 'generation': 71}","{'id': 5073, 'rank': 22, 'fitness': 0.9643763135295601, 'generation': 71}","{'id': 4901, 'rank': 23, 'fitness': 0.948279921732699, 'generation': 71}","{'id': 5120, 'rank': 24, 'fitness': 0.9424243565653829, 'generation': 71}","{'id': 5120, 'rank': 25, 'fitness': 0.9424243565653829, 'generation': 71}","{'id': 5143, 'rank': 26, 'fitness': 0.9301439744490907, 'generation': 71}","{'id': 5015, 'rank': 27, 'fitness': 0.8988054692958437, 'generation': 71}","{'id': 5157, 'rank': 28, 'fitness': 0.8723935912856726, 'generation': 71}","{'id': 5151, 'rank': 29, 'fitness': 0.7763034891856786, 'generation': 71}","{'id': 5183, 'rank': 30, 'fitness': 0.01798620996209155, 'generation': 71}"
"{'id': 5256, 'rank': 1, 'fitness': 0.9820137900379085, 'generation': 72}","{'id': 4934, 'rank': 2, 'fitness': 0.9783486292257102, 'generation': 72}","{'id': 4934, 'rank': 3, 'fitness': 0.9783486292257102, 'generation': 72}","{'id': 5215, 'rank': 4, 'fitness': 0.9736836430228724, 'generation': 72}","{'id': 5221, 'rank': 5, 'fitness': 0.9718269959771768, 'generation': 72}","{'id': 5270, 'rank': 6, 'fitness': 0.9682806447124169, 'generation': 72}","{'id': 5299, 'rank': 7, 'fitness': 0.9670258053743626, 'generation': 72}","{'id': 5291, 'rank': 8, 'fitness': 0.9665198676772013, 'generation': 72}","{'id': 5291, 'rank': 9, 'fitness': 0.9665198676772013, 'generation': 72}","{'id': 5175, 'rank': 10, 'fitness': 0.9607402485821741, 'generation': 72}","{'id': 5175, 'rank': 11, 'fitness': 0.9607402485821741, 'generation': 72}","{'id': 5300, 'rank': 12, 'fitness': 0.9259944375033488, 'generation': 72}","{'id': 5300, 'rank': 13, 'fitness': 0.9259944375033488, 'generation': 72}","{'id': 5280, 'rank': 14, 'fitness': 0.9233335773502184, 'generation': 72}","{'id': 5252, 'rank': 15, 'fitness': 0.9156634667087968, 'generation': 72}","{'id': 5267, 'rank': 16, 'fitness': 0.9049338171223273, 'generation': 72}","{'id': 5234, 'rank': 17, 'fitness': 0.9048038144188393, 'generation': 72}","{'id': 5172, 'rank': 18, 'fitness': 0.8886165298830888, 'generation': 72}","{'id': 5259, 'rank': 19, 'fitness': 0.7893250765177575, 'generation': 72}","{'id': 5281, 'rank': 20, 'fitness': 0.7735365468981499, 'generation': 72}","{'id': 5192, 'rank': 21, 'fitness': 0.5566928968454867, 'generation': 72}","{'id': 5244, 'rank': 22, 'fitness': 0.49109457867454315, 'generation': 72}","{'id': 5116, 'rank': 23, 'fitness': 0.4691350845635657, 'generation': 72}","{'id': 5276, 'rank': 24, 'fitness': 0.34070524236978705, 'generation': 72}","{'id': 5279, 'rank': 25, 'fitness': 0.2746745835564856, 'generation': 72}","{'id': 5306, 'rank': 26, 'fitness': 0.2152191164689508, 'generation': 72}","{'id': 5306, 'rank': 27, 'fitness': 0.2152191164689508, 'generation': 72}","{'id': 5302, 'rank': 28, 'fitness': 0.06251319143763479, 'generation': 72}","{'id': 4901, 'rank': 29, 'fitness': 0.05598911621302061, 'generation': 72}","{'id': 5274, 'rank': 30, 'fitness': 0.01798620996209155, 'generation': 72}"
"{'id': 5358, 'rank': 1, 'fitness': 0.9820137900379085, 'generation': 73}","{'id': 5362, 'rank': 2, 'fitness': 0.9819961211731962, 'generation': 73}","{'id': 4934, 'rank': 3, 'fitness': 0.9819663233513347, 'generation': 73}","{'id': 4934, 'rank': 4, 'fitness': 0.9819663233513347, 'generation': 73}","{'id': 5337, 'rank': 5, 'fitness': 0.9819360166897595, 'generation': 73}","{'id': 5215, 'rank': 6, 'fitness': 0.9818889764209928, 'generation': 73}","{'id': 5221, 'rank': 7, 'fitness': 0.9818617828483813, 'generation': 73}","{'id': 5221, 'rank': 8, 'fitness': 0.9818617828483813, 'generation': 73}","{'id': 5291, 'rank': 9, 'fitness': 0.9817925093586355, 'generation': 73}","{'id': 5291, 'rank': 10, 'fitness': 0.9817925093586355, 'generation': 73}","{'id': 5291, 'rank': 11, 'fitness': 0.9817925093586355, 'generation': 73}","{'id': 5291, 'rank': 12, 'fitness': 0.9817925093586355, 'generation': 73}","{'id': 5175, 'rank': 13, 'fitness': 0.9817279904796841, 'generation': 73}","{'id': 5175, 'rank': 14, 'fitness': 0.9817279904796841, 'generation': 73}","{'id': 5175, 'rank': 15, 'fitness': 0.9817279904796841, 'generation': 73}","{'id': 5312, 'rank': 16, 'fitness': 0.9816433313185196, 'generation': 73}","{'id': 5327, 'rank': 17, 'fitness': 0.9816289584752447, 'generation': 73}","{'id': 5300, 'rank': 18, 'fitness': 0.9814637791170917, 'generation': 73}","{'id': 5300, 'rank': 19, 'fitness': 0.9814637791170917, 'generation': 73}","{'id': 5331, 'rank': 20, 'fitness': 0.9814565780787399, 'generation': 73}","{'id': 5280, 'rank': 21, 'fitness': 0.9814486197711094, 'generation': 73}","{'id': 5252, 'rank': 22, 'fitness': 0.9814074100751393, 'generation': 73}","{'id': 5172, 'rank': 23, 'fitness': 0.9812844155329533, 'generation': 73}","{'id': 5313, 'rank': 24, 'fitness': 0.9812585352094401, 'generation': 73}","{'id': 5368, 'rank': 25, 'fitness': 0.9807925322105208, 'generation': 73}","{'id': 5332, 'rank': 26, 'fitness': 0.9802078870242241, 'generation': 73}","{'id': 5332, 'rank': 27, 'fitness': 0.9802078870242241, 'generation': 73}","{'id': 5323, 'rank': 28, 'fitness': 0.9791738224952569, 'generation': 73}","{'id': 5324, 'rank': 29, 'fitness': 0.9787036098604196, 'generation': 73}","{'id': 5347, 'rank': 30, 'fitness': 0.01798620996209155, 'generation': 73}"
"{'id': 5403, 'rank': 1, 'fitness': 0.9820137900379085, 'generation': 74}","{'id': 5398, 'rank': 2, 'fitness': 0.9501802890235838, 'generation': 74}","{'id': 5432, 'rank': 3, 'fitness': 0.9266307603930244, 'generation': 74}","{'id': 5435, 'rank': 4, 'fitness': 0.9162656718233568, 'generation': 74}","{'id': 5435, 'rank': 5, 'fitness': 0.9162656718233568, 'generation': 74}","{'id': 5337, 'rank': 6, 'fitness': 0.9121510109217001, 'generation': 74}","{'id': 5416, 'rank': 7, 'fitness': 0.8966760403770412, 'generation': 74}","{'id': 5431, 'rank': 8, 'fitness': 0.8924485801959119, 'generation': 74}","{'id': 5438, 'rank': 9, 'fitness': 0.8914443176120801, 'generation': 74}","{'id': 5215, 'rank': 10, 'fitness': 0.8868405721252705, 'generation': 74}","{'id': 5215, 'rank': 11, 'fitness': 0.8868405721252705, 'generation': 74}","{'id': 5447, 'rank': 12, 'fitness': 0.8593341634040595, 'generation': 74}","{'id': 5447, 'rank': 13, 'fitness': 0.8593341634040595, 'generation': 74}","{'id': 5291, 'rank': 14, 'fitness': 0.8152052774023659, 'generation': 74}","{'id': 5291, 'rank': 15, 'fitness': 0.8152052774023659, 'generation': 74}","{'id': 5291, 'rank': 16, 'fitness': 0.8152052774023659, 'generation': 74}","{'id': 5291, 'rank': 17, 'fitness': 0.8152052774023659, 'generation': 74}","{'id': 5383, 'rank': 18, 'fitness': 0.7991847987098954, 'generation': 74}","{'id': 5175, 'rank': 19, 'fitness': 0.750542559994092, 'generation': 74}","{'id': 5376, 'rank': 20, 'fitness': 0.715556264160678, 'generation': 74}","{'id': 5439, 'rank': 21, 'fitness': 0.638279200425715, 'generation': 74}","{'id': 5405, 'rank': 22, 'fitness': 0.6175020248696047, 'generation': 74}","{'id': 5453, 'rank': 23, 'fitness': 0.5242349845226972, 'generation': 74}","{'id': 5443, 'rank': 24, 'fitness': 0.5132806028745829, 'generation': 74}","{'id': 5444, 'rank': 25, 'fitness': 0.44164521216708563, 'generation': 74}","{'id': 5378, 'rank': 26, 'fitness': 0.43020575897375907, 'generation': 74}","{'id': 5378, 'rank': 27, 'fitness': 0.43020575897375907, 'generation': 74}","{'id': 5280, 'rank': 28, 'fitness': 0.368097106750231, 'generation': 74}","{'id': 5417, 'rank': 29, 'fitness': 0.24636630295195044, 'generation': 74}","{'id': 5451, 'rank': 30, 'fitness': 0.01798620996209155, 'generation': 74}"
"{'id': 5513, 'rank': 1, 'fitness': 0.9820137900379085, 'generation': 75}","{'id': 5403, 'rank': 2, 'fitness': 0.9814814519787448, 'generation': 75}","{'id': 5398, 'rank': 3, 'fitness': 0.9812555780472727, 'generation': 75}","{'id': 5398, 'rank': 4, 'fitness': 0.9812555780472727, 'generation': 75}","{'id': 5398, 'rank': 5, 'fitness': 0.9812555780472727, 'generation': 75}","{'id': 5398, 'rank': 6, 'fitness': 0.9812555780472727, 'generation': 75}","{'id': 5435, 'rank': 7, 'fitness': 0.9811351732705644, 'generation': 75}","{'id': 5337, 'rank': 8, 'fitness': 0.9811237627366962, 'generation': 75}","{'id': 5416, 'rank': 9, 'fitness': 0.9810847071844926, 'generation': 75}","{'id': 5215, 'rank': 10, 'fitness': 0.9810624707159787, 'generation': 75}","{'id': 5291, 'rank': 11, 'fitness': 0.9809366572072065, 'generation': 75}","{'id': 5175, 'rank': 12, 'fitness': 0.9808524212349052, 'generation': 75}","{'id': 5175, 'rank': 13, 'fitness': 0.9808524212349052, 'generation': 75}","{'id': 5376, 'rank': 14, 'fitness': 0.9808128987188289, 'generation': 75}","{'id': 5453, 'rank': 15, 'fitness': 0.9806295749551318, 'generation': 75}","{'id': 5378, 'rank': 16, 'fitness': 0.9805450528434386, 'generation': 75}","{'id': 5471, 'rank': 17, 'fitness': 0.9802504986683276, 'generation': 75}","{'id': 5528, 'rank': 18, 'fitness': 0.9779341168966772, 'generation': 75}","{'id': 5510, 'rank': 19, 'fitness': 0.9757015616586313, 'generation': 75}","{'id': 5477, 'rank': 20, 'fitness': 0.9711879586561887, 'generation': 75}","{'id': 5477, 'rank': 21, 'fitness': 0.9711879586561887, 'generation': 75}","{'id': 5486, 'rank': 22, 'fitness': 0.9707193242384067, 'generation': 75}","{'id': 5475, 'rank': 23, 'fitness': 0.970576285437743, 'generation': 75}","{'id': 5504, 'rank': 24, 'fitness': 0.9606601732865518, 'generation': 75}","{'id': 5508, 'rank': 25, 'fitness': 0.9596223124388246, 'generation': 75}","{'id': 5505, 'rank': 26, 'fitness': 0.9574699986183015, 'generation': 75}","{'id': 5494, 'rank': 27, 'fitness': 0.9497997477387053, 'generation': 75}","{'id': 5461, 'rank': 28, 'fitness': 0.8133159537225978, 'generation': 75}","{'id': 5517, 'rank': 29, 'fitness': 0.7073144231864401, 'generation': 75}","{'id': 5459, 'rank': 30, 'fitness': 0.01798620996209155, 'generation': 75}"
"{'id': 5592, 'rank': 1, 'fitness': 0.9820137900379085, 'generation': 76}","{'id': 5592, 'rank': 2, 'fitness': 0.9820137900379085, 'generation': 76}","{'id': 5542, 'rank': 3, 'fitness': 0.9818662743056089, 'generation': 76}","{'id': 5542, 'rank': 4, 'fitness': 0.9818662743056089, 'generation': 76}","{'id': 5403, 'rank': 5, 'fitness': 0.9817707049601221, 'generation': 76}","{'id': 5543, 'rank': 6, 'fitness': 0.9817480151501641, 'generation': 76}","{'id': 5548, 'rank': 7, 'fitness': 0.9816664744896368, 'generation': 76}","{'id': 5548, 'rank': 8, 'fitness': 0.9816664744896368, 'generation': 76}","{'id': 5568, 'rank': 9, 'fitness': 0.9816076796371401, 'generation': 76}","{'id': 5569, 'rank': 10, 'fitness': 0.9815200777868798, 'generation': 76}","{'id': 5398, 'rank': 11, 'fitness': 0.9814439330498484, 'generation': 76}","{'id': 5416, 'rank': 12, 'fitness': 0.9811955349581851, 'generation': 76}","{'id': 5215, 'rank': 13, 'fitness': 0.9811631337918701, 'generation': 76}","{'id': 5591, 'rank': 14, 'fitness': 0.9810833817047162, 'generation': 76}","{'id': 5601, 'rank': 15, 'fitness': 0.9809489761407231, 'generation': 76}","{'id': 5547, 'rank': 16, 'fitness': 0.9809041246474055, 'generation': 76}","{'id': 5575, 'rank': 17, 'fitness': 0.9806210024169587, 'generation': 76}","{'id': 5550, 'rank': 18, 'fitness': 0.9805535843837023, 'generation': 76}","{'id': 5453, 'rank': 19, 'fitness': 0.9805289079259869, 'generation': 76}","{'id': 5530, 'rank': 20, 'fitness': 0.9803016219992426, 'generation': 76}","{'id': 5471, 'rank': 21, 'fitness': 0.9799681973048826, 'generation': 76}","{'id': 5528, 'rank': 22, 'fitness': 0.976437201729431, 'generation': 76}","{'id': 5510, 'rank': 23, 'fitness': 0.9728719070068272, 'generation': 76}","{'id': 5586, 'rank': 24, 'fitness': 0.9656363992469554, 'generation': 76}","{'id': 5477, 'rank': 25, 'fitness': 0.9652180449566212, 'generation': 76}","{'id': 5475, 'rank': 26, 'fitness': 0.9641378914107593, 'generation': 76}","{'id': 5588, 'rank': 27, 'fitness': 0.9617816424343142, 'generation': 76}","{'id': 5588, 'rank': 28, 'fitness': 0.9617816424343142, 'generation': 76}","{'id': 5599, 'rank': 29, 'fitness': 0.9209592360786256, 'generation': 76}","{'id': 5533, 'rank': 30, 'fitness': 0.01798620996209155, 'generation': 76}"
"{'id': 5611, 'rank': 1, 'fitness': 0.9820137900379085, 'generation': 77}","{'id': 5612, 'rank': 2, 'fitness': 0.9810305892848685, 'generation': 77}","{'id': 5612, 'rank': 3, 'fitness': 0.9810305892848685, 'generation': 77}","{'id': 5681, 'rank': 4, 'fitness': 0.980688589542534, 'generation': 77}","{'id': 5681, 'rank': 5, 'fitness': 0.980688589542534, 'generation': 77}","{'id': 5681, 'rank': 6, 'fitness': 0.980688589542534, 'generation': 77}","{'id': 5636, 'rank': 7, 'fitness': 0.9798947890494485, 'generation': 77}","{'id': 5699, 'rank': 8, 'fitness': 0.9797868859047032, 'generation': 77}","{'id': 5699, 'rank': 9, 'fitness': 0.9797868859047032, 'generation': 77}","{'id': 5592, 'rank': 10, 'fitness': 0.9789324974480698, 'generation': 77}","{'id': 5615, 'rank': 11, 'fitness': 0.9771625431367381, 'generation': 77}","{'id': 5685, 'rank': 12, 'fitness': 0.9742784547803947, 'generation': 77}","{'id': 5649, 'rank': 13, 'fitness': 0.9709564139311486, 'generation': 77}","{'id': 5682, 'rank': 14, 'fitness': 0.9705428325676073, 'generation': 77}","{'id': 5682, 'rank': 15, 'fitness': 0.9705428325676073, 'generation': 77}","{'id': 5664, 'rank': 16, 'fitness': 0.9701881889111273, 'generation': 77}","{'id': 5673, 'rank': 17, 'fitness': 0.9698659353965897, 'generation': 77}","{'id': 5654, 'rank': 18, 'fitness': 0.9698235562266693, 'generation': 77}","{'id': 5650, 'rank': 19, 'fitness': 0.9689862425519421, 'generation': 77}","{'id': 5416, 'rank': 20, 'fitness': 0.9688372810060624, 'generation': 77}","{'id': 5416, 'rank': 21, 'fitness': 0.9688372810060624, 'generation': 77}","{'id': 5656, 'rank': 22, 'fitness': 0.9687203010335967, 'generation': 77}","{'id': 5632, 'rank': 23, 'fitness': 0.9663800072805704, 'generation': 77}","{'id': 5657, 'rank': 24, 'fitness': 0.9655738390255482, 'generation': 77}","{'id': 5675, 'rank': 25, 'fitness': 0.9597541961416284, 'generation': 77}","{'id': 5675, 'rank': 26, 'fitness': 0.9597541961416284, 'generation': 77}","{'id': 5616, 'rank': 27, 'fitness': 0.9403913220344124, 'generation': 77}","{'id': 5690, 'rank': 28, 'fitness': 0.08942446419076705, 'generation': 77}","{'id': 5588, 'rank': 29, 'fitness': 0.0461461596887105, 'generation': 77}","{'id': 5679, 'rank': 30, 'fitness': 0.01798620996209155, 'generation': 77}"
"{'id': 5728, 'rank': 1, 'fitness': 0.9820137900379085, 'generation': 78}","{'id': 5712, 'rank': 2, 'fitness': 0.9339285133092238, 'generation': 78}","{'id': 5779, 'rank': 3, 'fitness': 0.8345143420801294, 'generation': 78}","{'id': 5779, 'rank': 4, 'fitness': 0.8345143420801294, 'generation': 78}","{'id': 5720, 'rank': 5, 'fitness': 0.8255924043955396, 'generation': 78}","{'id': 5720, 'rank': 6, 'fitness': 0.8255924043955396, 'generation': 78}","{'id': 5711, 'rank': 7, 'fitness': 0.7815792405475618, 'generation': 78}","{'id': 5778, 'rank': 8, 'fitness': 0.7438276567969151, 'generation': 78}","{'id': 5681, 'rank': 9, 'fitness': 0.7286121293740311, 'generation': 78}","{'id': 5699, 'rank': 10, 'fitness': 0.6941720819527291, 'generation': 78}","{'id': 5699, 'rank': 11, 'fitness': 0.6941720819527291, 'generation': 78}","{'id': 5592, 'rank': 12, 'fitness': 0.6608865984291956, 'generation': 78}","{'id': 5719, 'rank': 13, 'fitness': 0.6525465921987217, 'generation': 78}","{'id': 5757, 'rank': 14, 'fitness': 0.6291577150121869, 'generation': 78}","{'id': 5615, 'rank': 15, 'fitness': 0.5914095295757476, 'generation': 78}","{'id': 5723, 'rank': 16, 'fitness': 0.5127539200490375, 'generation': 78}","{'id': 5754, 'rank': 17, 'fitness': 0.49069391384263744, 'generation': 78}","{'id': 5763, 'rank': 18, 'fitness': 0.46790967430783725, 'generation': 78}","{'id': 5664, 'rank': 19, 'fitness': 0.35043216424111856, 'generation': 78}","{'id': 5673, 'rank': 20, 'fitness': 0.34138860403896076, 'generation': 78}","{'id': 5673, 'rank': 21, 'fitness': 0.34138860403896076, 'generation': 78}","{'id': 5416, 'rank': 22, 'fitness': 0.3138909377545536, 'generation': 78}","{'id': 5748, 'rank': 23, 'fitness': 0.310599482221724, 'generation': 78}","{'id': 5717, 'rank': 24, 'fitness': 0.21228355510005492, 'generation': 78}","{'id': 5705, 'rank': 25, 'fitness': 0.2092428901791326, 'generation': 78}","{'id': 5706, 'rank': 26, 'fitness': 0.1556594061384926, 'generation': 78}","{'id': 5701, 'rank': 27, 'fitness': 0.10740403662749898, 'generation': 78}","{'id': 5737, 'rank': 28, 'fitness': 0.10697885058265166, 'generation': 78}","{'id': 5702, 'rank': 29, 'fitness': 0.07436613411706439, 'generation': 78}","{'id': 5762, 'rank': 30, 'fitness': 0.01798620996209155, 'generation': 78}"
"{'id': 5728, 'rank': 1, 'fitness': 0.9820137900379085, 'generation': 79}","{'id': 5820, 'rank': 2, 'fitness': 0.9819153537990042, 'generation': 79}","{'id': 5818, 'rank': 3, 'fitness': 0.9816719982077539, 'generation': 79}","{'id': 5779, 'rank': 4, 'fitness': 0.9815646704154086, 'generation': 79}","{'id': 5699, 'rank': 5, 'fitness': 0.9814117134444011, 'generation': 79}","{'id': 5757, 'rank': 6, 'fitness': 0.9813556277448716, 'generation': 79}","{'id': 5664, 'rank': 7, 'fitness': 0.9811332561687165, 'generation': 79}","{'id': 5673, 'rank': 8, 'fitness': 0.9811254514150498, 'generation': 79}","{'id': 5416, 'rank': 9, 'fitness': 0.9811010478141976, 'generation': 79}","{'id': 5416, 'rank': 10, 'fitness': 0.9811010478141976, 'generation': 79}","{'id': 5706, 'rank': 11, 'fitness': 0.9809224985610241, 'generation': 79}","{'id': 5706, 'rank': 12, 'fitness': 0.9809224985610241, 'generation': 79}","{'id': 5701, 'rank': 13, 'fitness': 0.9808381150398888, 'generation': 79}","{'id': 5737, 'rank': 14, 'fitness': 0.9808372344059789, 'generation': 79}","{'id': 5702, 'rank': 15, 'fitness': 0.9807578856910883, 'generation': 79}","{'id': 5762, 'rank': 16, 'fitness': 0.9804614091475539, 'generation': 79}","{'id': 5805, 'rank': 17, 'fitness': 0.9786349910622908, 'generation': 79}","{'id': 5806, 'rank': 18, 'fitness': 0.9780765644816776, 'generation': 79}","{'id': 5814, 'rank': 19, 'fitness': 0.9714200021227761, 'generation': 79}","{'id': 5809, 'rank': 20, 'fitness': 0.9708010600315538, 'generation': 79}","{'id': 5801, 'rank': 21, 'fitness': 0.9664080947325202, 'generation': 79}","{'id': 5801, 'rank': 22, 'fitness': 0.9664080947325202, 'generation': 79}","{'id': 5789, 'rank': 23, 'fitness': 0.9587820077345226, 'generation': 79}","{'id': 5791, 'rank': 24, 'fitness': 0.9523314420147189, 'generation': 79}","{'id': 5832, 'rank': 25, 'fitness': 0.8989024312588919, 'generation': 79}","{'id': 5833, 'rank': 26, 'fitness': 0.8899072173052012, 'generation': 79}","{'id': 5827, 'rank': 27, 'fitness': 0.19912753183699622, 'generation': 79}","{'id': 5828, 'rank': 28, 'fitness': 0.1777575597603785, 'generation': 79}","{'id': 5793, 'rank': 29, 'fitness': 0.05223640868730872, 'generation': 79}","{'id': 5825, 'rank': 30, 'fitness': 0.01798620996209155, 'generation': 79}"
"{'id': 5890, 'rank': 1, 'fitness': 0.9820137900379085, 'generation': 80}","{'id': 5890, 'rank': 2, 'fitness': 0.9820137900379085, 'generation': 80}","{'id': 5844, 'rank': 3, 'fitness': 0.9809726571214341, 'generation': 80}","{'id': 5892, 'rank': 4, 'fitness': 0.9802431652613356, 'generation': 80}","{'id': 5889, 'rank': 5, 'fitness': 0.9800468587053326, 'generation': 80}","{'id': 5889, 'rank': 6, 'fitness': 0.9800468587053326, 'generation': 80}","{'id': 5779, 'rank': 7, 'fitness': 0.9781547731531484, 'generation': 80}","{'id': 5874, 'rank': 8, 'fitness': 0.9770367934052335, 'generation': 80}","{'id': 5874, 'rank': 9, 'fitness': 0.9770367934052335, 'generation': 80}","{'id': 5845, 'rank': 10, 'fitness': 0.9768630001261043, 'generation': 80}","{'id': 5699, 'rank': 11, 'fitness': 0.9767253569030283, 'generation': 80}","{'id': 5699, 'rank': 12, 'fitness': 0.9767253569030283, 'generation': 80}","{'id': 5699, 'rank': 13, 'fitness': 0.9767253569030283, 'generation': 80}","{'id': 5894, 'rank': 14, 'fitness': 0.974903424687523, 'generation': 80}","{'id': 5887, 'rank': 15, 'fitness': 0.9723232719766132, 'generation': 80}","{'id': 5870, 'rank': 16, 'fitness': 0.9722862728684631, 'generation': 80}","{'id': 5879, 'rank': 17, 'fitness': 0.9718047842467346, 'generation': 80}","{'id': 5706, 'rank': 18, 'fitness': 0.9716095939792824, 'generation': 80}","{'id': 5706, 'rank': 19, 'fitness': 0.9716095939792824, 'generation': 80}","{'id': 5871, 'rank': 20, 'fitness': 0.9710861017739204, 'generation': 80}","{'id': 5860, 'rank': 21, 'fitness': 0.9708877899489254, 'generation': 80}","{'id': 5762, 'rank': 22, 'fitness': 0.9659515827110111, 'generation': 80}","{'id': 5905, 'rank': 23, 'fitness': 0.9230651927724274, 'generation': 80}","{'id': 5809, 'rank': 24, 'fitness': 0.5435465843174149, 'generation': 80}","{'id': 5906, 'rank': 25, 'fitness': 0.4932952226876192, 'generation': 80}","{'id': 5849, 'rank': 26, 'fitness': 0.4162828920402739, 'generation': 80}","{'id': 5865, 'rank': 27, 'fitness': 0.3614349262929396, 'generation': 80}","{'id': 5862, 'rank': 28, 'fitness': 0.3171261999828548, 'generation': 80}","{'id': 5876, 'rank': 29, 'fitness': 0.10373194896233873, 'generation': 80}","{'id': 5882, 'rank': 30, 'fitness': 0.01798620996209155, 'generation': 80}"
"{'id': 5940, 'rank': 1, 'fitness': 0.9820137900379085, 'generation': 81}","{'id': 5890, 'rank': 2, 'fitness': 0.9819513982763415, 'generation': 81}","{'id': 5941, 'rank': 3, 'fitness': 0.9819182802440055, 'generation': 81}","{'id': 5941, 'rank': 4, 'fitness': 0.9819182802440055, 'generation': 81}","{'id': 5921, 'rank': 5, 'fitness': 0.9818282079016611, 'generation': 81}","{'id': 5892, 'rank': 6, 'fitness': 0.9817325402608563, 'generation': 81}","{'id': 5962, 'rank': 7, 'fitness': 0.9816706519112018, 'generation': 81}","{'id': 5962, 'rank': 8, 'fitness': 0.9816706519112018, 'generation': 81}","{'id': 5955, 'rank': 9, 'fitness': 0.9816619726128901, 'generation': 81}","{'id': 5979, 'rank': 10, 'fitness': 0.9816434351269381, 'generation': 81}","{'id': 5939, 'rank': 11, 'fitness': 0.9816137290032748, 'generation': 81}","{'id': 5991, 'rank': 12, 'fitness': 0.9814743788260518, 'generation': 81}","{'id': 5956, 'rank': 13, 'fitness': 0.9814610636025126, 'generation': 81}","{'id': 5956, 'rank': 14, 'fitness': 0.9814610636025126, 'generation': 81}","{'id': 5981, 'rank': 15, 'fitness': 0.9814319538785508, 'generation': 81}","{'id': 5981, 'rank': 16, 'fitness': 0.9814319538785508, 'generation': 81}","{'id': 5874, 'rank': 17, 'fitness': 0.9813756448453881, 'generation': 81}","{'id': 5874, 'rank': 18, 'fitness': 0.9813756448453881, 'generation': 81}","{'id': 5699, 'rank': 19, 'fitness': 0.9813432852075259, 'generation': 81}","{'id': 5982, 'rank': 20, 'fitness': 0.9812860129068527, 'generation': 81}","{'id': 5960, 'rank': 21, 'fitness': 0.9812661093189048, 'generation': 81}","{'id': 5969, 'rank': 22, 'fitness': 0.9809322232384565, 'generation': 81}","{'id': 5887, 'rank': 23, 'fitness': 0.9809212225878128, 'generation': 81}","{'id': 5966, 'rank': 24, 'fitness': 0.9808892346658934, 'generation': 81}","{'id': 5871, 'rank': 25, 'fitness': 0.9808128824318343, 'generation': 81}","{'id': 5871, 'rank': 26, 'fitness': 0.9808128824318343, 'generation': 81}","{'id': 5860, 'rank': 27, 'fitness': 0.9807958812717186, 'generation': 81}","{'id': 5929, 'rank': 28, 'fitness': 0.9806180757058681, 'generation': 81}","{'id': 5935, 'rank': 29, 'fitness': 0.9774681485337242, 'generation': 81}","{'id': 5912, 'rank': 30, 'fitness': 0.01798620996209155, 'generation': 81}"
"{'id': 6042, 'rank': 1, 'fitness': 0.9820137900379085, 'generation': 82}","{'id': 6042, 'rank': 2, 'fitness': 0.9820137900379085, 'generation': 82}","{'id': 6070, 'rank': 3, 'fitness': 0.9767603923518224, 'generation': 82}","{'id': 6070, 'rank': 4, 'fitness': 0.9767603923518224, 'generation': 82}","{'id': 6052, 'rank': 5, 'fitness': 0.9642548718115379, 'generation': 82}","{'id': 5921, 'rank': 6, 'fitness': 0.9622511274120744, 'generation': 82}","{'id': 6029, 'rank': 7, 'fitness': 0.9621889517297952, 'generation': 82}","{'id': 6046, 'rank': 8, 'fitness': 0.9524905064828466, 'generation': 82}","{'id': 5892, 'rank': 9, 'fitness': 0.937533823545756, 'generation': 82}","{'id': 5962, 'rank': 10, 'fitness': 0.9143083671179577, 'generation': 82}","{'id': 5979, 'rank': 11, 'fitness': 0.9018289607283754, 'generation': 82}","{'id': 6039, 'rank': 12, 'fitness': 0.9003821925467205, 'generation': 82}","{'id': 6039, 'rank': 13, 'fitness': 0.9003821925467205, 'generation': 82}","{'id': 6039, 'rank': 14, 'fitness': 0.9003821925467205, 'generation': 82}","{'id': 6049, 'rank': 15, 'fitness': 0.8857892567128158, 'generation': 82}","{'id': 6055, 'rank': 16, 'fitness': 0.8524022027206456, 'generation': 82}","{'id': 6066, 'rank': 17, 'fitness': 0.8316537296594362, 'generation': 82}","{'id': 5956, 'rank': 18, 'fitness': 0.7721002793994665, 'generation': 82}","{'id': 6007, 'rank': 19, 'fitness': 0.7529378860692407, 'generation': 82}","{'id': 5981, 'rank': 20, 'fitness': 0.7430498219902812, 'generation': 82}","{'id': 6051, 'rank': 21, 'fitness': 0.7418452346667077, 'generation': 82}","{'id': 5874, 'rank': 22, 'fitness': 0.6805511667049099, 'generation': 82}","{'id': 6065, 'rank': 23, 'fitness': 0.6312678490733943, 'generation': 82}","{'id': 6031, 'rank': 24, 'fitness': 0.5993474577052177, 'generation': 82}","{'id': 5982, 'rank': 25, 'fitness': 0.5675250437685632, 'generation': 82}","{'id': 6023, 'rank': 26, 'fitness': 0.26506656575561893, 'generation': 82}","{'id': 6063, 'rank': 27, 'fitness': 0.24216556145768636, 'generation': 82}","{'id': 6063, 'rank': 28, 'fitness': 0.24216556145768636, 'generation': 82}","{'id': 6035, 'rank': 29, 'fitness': 0.01798620996209155, 'generation': 82}","{'id': 6035, 'rank': 30, 'fitness': 0.01798620996209155, 'generation': 82}"
"{'id': 6116, 'rank': 1, 'fitness': 0.9820137900379085, 'generation': 83}","{'id': 6113, 'rank': 2, 'fitness': 0.9819302870868927, 'generation': 83}","{'id': 6042, 'rank': 3, 'fitness': 0.9818349908478696, 'generation': 83}","{'id': 6042, 'rank': 4, 'fitness': 0.9818349908478696, 'generation': 83}","{'id': 6088, 'rank': 5, 'fitness': 0.9817834384504311, 'generation': 83}","{'id': 6115, 'rank': 6, 'fitness': 0.9817779139540143, 'generation': 83}","{'id': 6115, 'rank': 7, 'fitness': 0.9817779139540143, 'generation': 83}","{'id': 5921, 'rank': 8, 'fitness': 0.9817314826219778, 'generation': 83}","{'id': 6046, 'rank': 9, 'fitness': 0.9816987250396016, 'generation': 83}","{'id': 6137, 'rank': 10, 'fitness': 0.9816970599239836, 'generation': 83}","{'id': 6118, 'rank': 11, 'fitness': 0.9816906817263455, 'generation': 83}","{'id': 5892, 'rank': 12, 'fitness': 0.9816591592852916, 'generation': 83}","{'id': 5979, 'rank': 13, 'fitness': 0.9815918798434794, 'generation': 83}","{'id': 6039, 'rank': 14, 'fitness': 0.9815896506836594, 'generation': 83}","{'id': 6117, 'rank': 15, 'fitness': 0.9815842035375562, 'generation': 83}","{'id': 6117, 'rank': 16, 'fitness': 0.9815842035375562, 'generation': 83}","{'id': 6123, 'rank': 17, 'fitness': 0.9815834011128775, 'generation': 83}","{'id': 6055, 'rank': 18, 'fitness': 0.9815280462228145, 'generation': 83}","{'id': 6127, 'rank': 19, 'fitness': 0.9815256993033298, 'generation': 83}","{'id': 5956, 'rank': 20, 'fitness': 0.9814544256363376, 'generation': 83}","{'id': 6007, 'rank': 21, 'fitness': 0.9814397785669907, 'generation': 83}","{'id': 5981, 'rank': 22, 'fitness': 0.9814325159674644, 'generation': 83}","{'id': 6031, 'rank': 23, 'fitness': 0.9813410306805843, 'generation': 83}","{'id': 6063, 'rank': 24, 'fitness': 0.9811250524775558, 'generation': 83}","{'id': 6129, 'rank': 25, 'fitness': 0.980941919784168, 'generation': 83}","{'id': 6035, 'rank': 26, 'fitness': 0.9807185055944748, 'generation': 83}","{'id': 6104, 'rank': 27, 'fitness': 0.9794807787645586, 'generation': 83}","{'id': 6122, 'rank': 28, 'fitness': 0.973321178376332, 'generation': 83}","{'id': 6084, 'rank': 29, 'fitness': 0.9438190784635201, 'generation': 83}","{'id': 6080, 'rank': 30, 'fitness': 0.01798620996209155, 'generation': 83}"
"{'id': 6116, 'rank': 1, 'fitness': 0.9820137900379085, 'generation': 84}","{'id': 6193, 'rank': 2, 'fitness': 0.9778480515769112, 'generation': 84}","{'id': 6176, 'rank': 3, 'fitness': 0.9640841391828727, 'generation': 84}","{'id': 6042, 'rank': 4, 'fitness': 0.9559367804373993, 'generation': 84}","{'id': 6196, 'rank': 5, 'fitness': 0.9497667773388795, 'generation': 84}","{'id': 6115, 'rank': 6, 'fitness': 0.9418226631420539, 'generation': 84}","{'id': 6205, 'rank': 7, 'fitness': 0.9354320769264485, 'generation': 84}","{'id': 6221, 'rank': 8, 'fitness': 0.9349441070571997, 'generation': 84}","{'id': 6209, 'rank': 9, 'fitness': 0.9190386120210817, 'generation': 84}","{'id': 6046, 'rank': 10, 'fitness': 0.9152623795144659, 'generation': 84}","{'id': 6137, 'rank': 11, 'fitness': 0.9146015474784097, 'generation': 84}","{'id': 6208, 'rank': 12, 'fitness': 0.9005051972548703, 'generation': 84}","{'id': 6145, 'rank': 13, 'fitness': 0.8976508885388752, 'generation': 84}","{'id': 6151, 'rank': 14, 'fitness': 0.8913978938610139, 'generation': 84}","{'id': 6191, 'rank': 15, 'fitness': 0.8904436396135436, 'generation': 84}","{'id': 6191, 'rank': 16, 'fitness': 0.8904436396135436, 'generation': 84}","{'id': 6152, 'rank': 17, 'fitness': 0.872382979938222, 'generation': 84}","{'id': 6217, 'rank': 18, 'fitness': 0.8712752553811224, 'generation': 84}","{'id': 6117, 'rank': 19, 'fitness': 0.8578387485988275, 'generation': 84}","{'id': 6219, 'rank': 20, 'fitness': 0.8561669429000045, 'generation': 84}","{'id': 6168, 'rank': 21, 'fitness': 0.8539298823211698, 'generation': 84}","{'id': 6189, 'rank': 22, 'fitness': 0.8194716957084602, 'generation': 84}","{'id': 6173, 'rank': 23, 'fitness': 0.7887189745962564, 'generation': 84}","{'id': 6216, 'rank': 24, 'fitness': 0.7127186629663411, 'generation': 84}","{'id': 6216, 'rank': 25, 'fitness': 0.7127186629663411, 'generation': 84}","{'id': 6225, 'rank': 26, 'fitness': 0.711418078500895, 'generation': 84}","{'id': 6220, 'rank': 27, 'fitness': 0.5662027473227407, 'generation': 84}","{'id': 6211, 'rank': 28, 'fitness': 0.5553493060677815, 'generation': 84}","{'id': 6147, 'rank': 29, 'fitness': 0.540937442445693, 'generation': 84}","{'id': 6160, 'rank': 30, 'fitness': 0.01798620996209155, 'generation': 84}"
"{'id': 6116, 'rank': 1, 'fitness': 0.9820137900379085, 'generation': 85}","{'id': 6176, 'rank': 2, 'fitness': 0.981460056585345, 'generation': 85}","{'id': 6115, 'rank': 3, 'fitness': 0.9810555107790665, 'generation': 85}","{'id': 6250, 'rank': 4, 'fitness': 0.9807721262890945, 'generation': 85}","{'id': 6250, 'rank': 5, 'fitness': 0.9807721262890945, 'generation': 85}","{'id': 6046, 'rank': 6, 'fitness': 0.9807255476725989, 'generation': 85}","{'id': 6137, 'rank': 7, 'fitness': 0.9807185645401972, 'generation': 85}","{'id': 6137, 'rank': 8, 'fitness': 0.9807185645401972, 'generation': 85}","{'id': 6191, 'rank': 9, 'fitness': 0.9804903112658412, 'generation': 85}","{'id': 6152, 'rank': 10, 'fitness': 0.9803457562661807, 'generation': 85}","{'id': 6173, 'rank': 11, 'fitness': 0.9798322122734027, 'generation': 85}","{'id': 6216, 'rank': 12, 'fitness': 0.9794779552879034, 'generation': 85}","{'id': 6299, 'rank': 13, 'fitness': 0.9776125939954855, 'generation': 85}","{'id': 6241, 'rank': 14, 'fitness': 0.9772260907195948, 'generation': 85}","{'id': 6257, 'rank': 15, 'fitness': 0.9760369322943905, 'generation': 85}","{'id': 6262, 'rank': 16, 'fitness': 0.9739661836636803, 'generation': 85}","{'id': 6262, 'rank': 17, 'fitness': 0.9739661836636803, 'generation': 85}","{'id': 6262, 'rank': 18, 'fitness': 0.9739661836636803, 'generation': 85}","{'id': 6264, 'rank': 19, 'fitness': 0.9721428155152686, 'generation': 85}","{'id': 6254, 'rank': 20, 'fitness': 0.9632037056300928, 'generation': 85}","{'id': 6298, 'rank': 21, 'fitness': 0.9608252710889864, 'generation': 85}","{'id': 6298, 'rank': 22, 'fitness': 0.9608252710889864, 'generation': 85}","{'id': 6246, 'rank': 23, 'fitness': 0.9538716888875413, 'generation': 85}","{'id': 6274, 'rank': 24, 'fitness': 0.9504221618281069, 'generation': 85}","{'id': 6280, 'rank': 25, 'fitness': 0.9411108275591883, 'generation': 85}","{'id': 6280, 'rank': 26, 'fitness': 0.9411108275591883, 'generation': 85}","{'id': 6275, 'rank': 27, 'fitness': 0.9282279882983688, 'generation': 85}","{'id': 6273, 'rank': 28, 'fitness': 0.6682055169910381, 'generation': 85}","{'id': 6287, 'rank': 29, 'fitness': 0.36116073745056776, 'generation': 85}","{'id': 6286, 'rank': 30, 'fitness': 0.01798620996209155, 'generation': 85}"
"{'id': 6325, 'rank': 1, 'fitness': 0.9820137900379085, 'generation': 86}","{'id': 6386, 'rank': 2, 'fitness': 0.9820062895857768, 'generation': 86}","{'id': 6386, 'rank': 3, 'fitness': 0.9820062895857768, 'generation': 86}","{'id': 6385, 'rank': 4, 'fitness': 0.9817469823265714, 'generation': 86}","{'id': 6366, 'rank': 5, 'fitness': 0.9782188061311012, 'generation': 86}","{'id': 6372, 'rank': 6, 'fitness': 0.9779609918091592, 'generation': 86}","{'id': 6152, 'rank': 7, 'fitness': 0.9774297736751778, 'generation': 86}","{'id': 6312, 'rank': 8, 'fitness': 0.974098746174505, 'generation': 86}","{'id': 6329, 'rank': 9, 'fitness': 0.9740567948904982, 'generation': 86}","{'id': 6348, 'rank': 10, 'fitness': 0.9735853403612965, 'generation': 86}","{'id': 6348, 'rank': 11, 'fitness': 0.9735853403612965, 'generation': 86}","{'id': 6342, 'rank': 12, 'fitness': 0.97331762936626, 'generation': 86}","{'id': 6371, 'rank': 13, 'fitness': 0.9725953297679101, 'generation': 86}","{'id': 6311, 'rank': 14, 'fitness': 0.9725906978047678, 'generation': 86}","{'id': 6314, 'rank': 15, 'fitness': 0.95649380877296, 'generation': 86}","{'id': 6314, 'rank': 16, 'fitness': 0.95649380877296, 'generation': 86}","{'id': 6314, 'rank': 17, 'fitness': 0.95649380877296, 'generation': 86}","{'id': 6340, 'rank': 18, 'fitness': 0.9238505238667929, 'generation': 86}","{'id': 6337, 'rank': 19, 'fitness': 0.9084563669018907, 'generation': 86}","{'id': 6337, 'rank': 20, 'fitness': 0.9084563669018907, 'generation': 86}","{'id': 6382, 'rank': 21, 'fitness': 0.8890313414036941, 'generation': 86}","{'id': 6358, 'rank': 22, 'fitness': 0.8750839189454298, 'generation': 86}","{'id': 6339, 'rank': 23, 'fitness': 0.8711841259999837, 'generation': 86}","{'id': 6264, 'rank': 24, 'fitness': 0.8672328306149563, 'generation': 86}","{'id': 6352, 'rank': 25, 'fitness': 0.6783947280330602, 'generation': 86}","{'id': 6298, 'rank': 26, 'fitness': 0.5023040722637304, 'generation': 86}","{'id': 6351, 'rank': 27, 'fitness': 0.2814622284101469, 'generation': 86}","{'id': 6275, 'rank': 28, 'fitness': 0.03293144404046067, 'generation': 86}","{'id': 6275, 'rank': 29, 'fitness': 0.03293144404046067, 'generation': 86}","{'id': 6369, 'rank': 30, 'fitness': 0.01798620996209155, 'generation': 86}"
"{'id': 6390, 'rank': 1, 'fitness': 0.9820137900379085, 'generation': 87}","{'id': 6445, 'rank': 2, 'fitness': 0.9819713977855729, 'generation': 87}","{'id': 6440, 'rank': 3, 'fitness': 0.9815681507691363, 'generation': 87}","{'id': 6446, 'rank': 4, 'fitness': 0.9814975272166, 'generation': 87}","{'id': 6446, 'rank': 5, 'fitness': 0.9814975272166, 'generation': 87}","{'id': 6372, 'rank': 6, 'fitness': 0.9814479765681718, 'generation': 87}","{'id': 6391, 'rank': 7, 'fitness': 0.9814180645031874, 'generation': 87}","{'id': 6391, 'rank': 8, 'fitness': 0.9814180645031874, 'generation': 87}","{'id': 6152, 'rank': 9, 'fitness': 0.9814089091342606, 'generation': 87}","{'id': 6457, 'rank': 10, 'fitness': 0.981383411129366, 'generation': 87}","{'id': 6393, 'rank': 11, 'fitness': 0.981371833217046, 'generation': 87}","{'id': 6393, 'rank': 12, 'fitness': 0.981371833217046, 'generation': 87}","{'id': 6393, 'rank': 13, 'fitness': 0.981371833217046, 'generation': 87}","{'id': 6392, 'rank': 14, 'fitness': 0.9812943789351434, 'generation': 87}","{'id': 6312, 'rank': 15, 'fitness': 0.9811810790122142, 'generation': 87}","{'id': 6329, 'rank': 16, 'fitness': 0.9811783796121211, 'generation': 87}","{'id': 6311, 'rank': 17, 'fitness': 0.9810863888411407, 'generation': 87}","{'id': 6311, 'rank': 18, 'fitness': 0.9810863888411407, 'generation': 87}","{'id': 6432, 'rank': 19, 'fitness': 0.9810790063476844, 'generation': 87}","{'id': 6404, 'rank': 20, 'fitness': 0.9810058694086854, 'generation': 87}","{'id': 6404, 'rank': 21, 'fitness': 0.9810058694086854, 'generation': 87}","{'id': 6428, 'rank': 22, 'fitness': 0.9809097433372574, 'generation': 87}","{'id': 6425, 'rank': 23, 'fitness': 0.9805487649766473, 'generation': 87}","{'id': 6425, 'rank': 24, 'fitness': 0.9805487649766473, 'generation': 87}","{'id': 6314, 'rank': 25, 'fitness': 0.9802887752003651, 'generation': 87}","{'id': 6424, 'rank': 26, 'fitness': 0.9799626031235578, 'generation': 87}","{'id': 6424, 'rank': 27, 'fitness': 0.9799626031235578, 'generation': 87}","{'id': 6406, 'rank': 28, 'fitness': 0.9787856756255995, 'generation': 87}","{'id': 6358, 'rank': 29, 'fitness': 0.9782474136235211, 'generation': 87}","{'id': 6417, 'rank': 30, 'fitness': 0.01798620996209155, 'generation': 87}"
"{'id': 6477, 'rank': 1, 'fitness': 0.9820137900379085, 'generation': 88}","{'id': 6478, 'rank': 2, 'fitness': 0.9778111530343025, 'generation': 88}","{'id': 6478, 'rank': 3, 'fitness': 0.9778111530343025, 'generation': 88}","{'id': 6478, 'rank': 4, 'fitness': 0.9778111530343025, 'generation': 88}","{'id': 6390, 'rank': 5, 'fitness': 0.9665351745164503, 'generation': 88}","{'id': 6479, 'rank': 6, 'fitness': 0.9483924069931123, 'generation': 88}","{'id': 6480, 'rank': 7, 'fitness': 0.9403893410861011, 'generation': 88}","{'id': 6536, 'rank': 8, 'fitness': 0.8808441862507077, 'generation': 88}","{'id': 6508, 'rank': 9, 'fitness': 0.8409403548615537, 'generation': 88}","{'id': 6484, 'rank': 10, 'fitness': 0.8387419140792061, 'generation': 88}","{'id': 6474, 'rank': 11, 'fitness': 0.8204901447813385, 'generation': 88}","{'id': 6500, 'rank': 12, 'fitness': 0.8193271622624991, 'generation': 88}","{'id': 6446, 'rank': 13, 'fitness': 0.793001594446493, 'generation': 88}","{'id': 6152, 'rank': 14, 'fitness': 0.731437379278064, 'generation': 88}","{'id': 6457, 'rank': 15, 'fitness': 0.7117818310892596, 'generation': 88}","{'id': 6393, 'rank': 16, 'fitness': 0.7025886643620867, 'generation': 88}","{'id': 6541, 'rank': 17, 'fitness': 0.6291456559306597, 'generation': 88}","{'id': 6541, 'rank': 18, 'fitness': 0.6291456559306597, 'generation': 88}","{'id': 6535, 'rank': 19, 'fitness': 0.605990957035071, 'generation': 88}","{'id': 6312, 'rank': 20, 'fitness': 0.5329606704694971, 'generation': 88}","{'id': 6329, 'rank': 21, 'fitness': 0.530409782744873, 'generation': 88}","{'id': 6472, 'rank': 22, 'fitness': 0.4417263083370537, 'generation': 88}","{'id': 6507, 'rank': 23, 'fitness': 0.4142446546353383, 'generation': 88}","{'id': 6494, 'rank': 24, 'fitness': 0.3560275685888751, 'generation': 88}","{'id': 6514, 'rank': 25, 'fitness': 0.3352061243441872, 'generation': 88}","{'id': 6428, 'rank': 26, 'fitness': 0.2909872742560271, 'generation': 88}","{'id': 6512, 'rank': 27, 'fitness': 0.17789069041073735, 'generation': 88}","{'id': 6504, 'rank': 28, 'fitness': 0.10985728718468474, 'generation': 88}","{'id': 6488, 'rank': 29, 'fitness': 0.08908908294704132, 'generation': 88}","{'id': 6490, 'rank': 30, 'fitness': 0.01798620996209155, 'generation': 88}"
"{'id': 6477, 'rank': 1, 'fitness': 0.9820137900379085, 'generation': 89}","{'id': 6478, 'rank': 2, 'fitness': 0.9819723872098747, 'generation': 89}","{'id': 6478, 'rank': 3, 'fitness': 0.9819723872098747, 'generation': 89}","{'id': 6478, 'rank': 4, 'fitness': 0.9819723872098747, 'generation': 89}","{'id': 6478, 'rank': 5, 'fitness': 0.9819723872098747, 'generation': 89}","{'id': 6600, 'rank': 6, 'fitness': 0.9819657853058879, 'generation': 89}","{'id': 6390, 'rank': 7, 'fitness': 0.9818904748095283, 'generation': 89}","{'id': 6479, 'rank': 8, 'fitness': 0.9818024153713654, 'generation': 89}","{'id': 6561, 'rank': 9, 'fitness': 0.9817051648894326, 'generation': 89}","{'id': 6561, 'rank': 10, 'fitness': 0.9817051648894326, 'generation': 89}","{'id': 6484, 'rank': 11, 'fitness': 0.9815543476479471, 'generation': 89}","{'id': 6474, 'rank': 12, 'fitness': 0.9815287638251445, 'generation': 89}","{'id': 6446, 'rank': 13, 'fitness': 0.9814937528916284, 'generation': 89}","{'id': 6152, 'rank': 14, 'fitness': 0.9814259118705712, 'generation': 89}","{'id': 6152, 'rank': 15, 'fitness': 0.9814259118705712, 'generation': 89}","{'id': 6393, 'rank': 16, 'fitness': 0.9813975506891273, 'generation': 89}","{'id': 6541, 'rank': 17, 'fitness': 0.9813313826581127, 'generation': 89}","{'id': 6535, 'rank': 18, 'fitness': 0.9813117414503453, 'generation': 89}","{'id': 6494, 'rank': 19, 'fitness': 0.9811056006949401, 'generation': 89}","{'id': 6428, 'rank': 20, 'fitness': 0.9810451527222325, 'generation': 89}","{'id': 6512, 'rank': 21, 'fitness': 0.9809146436681204, 'generation': 89}","{'id': 6552, 'rank': 22, 'fitness': 0.9801760709341952, 'generation': 89}","{'id': 6582, 'rank': 23, 'fitness': 0.980125181482979, 'generation': 89}","{'id': 6553, 'rank': 24, 'fitness': 0.9795651761896642, 'generation': 89}","{'id': 6553, 'rank': 25, 'fitness': 0.9795651761896642, 'generation': 89}","{'id': 6549, 'rank': 26, 'fitness': 0.9666302437338652, 'generation': 89}","{'id': 6597, 'rank': 27, 'fitness': 0.9616047307106654, 'generation': 89}","{'id': 6566, 'rank': 28, 'fitness': 0.8526526303425507, 'generation': 89}","{'id': 6574, 'rank': 29, 'fitness': 0.7129531679901282, 'generation': 89}","{'id': 6595, 'rank': 30, 'fitness': 0.01798620996209155, 'generation': 89}"
"{'id': 6646, 'rank': 1, 'fitness': 0.9820137900379085, 'generation': 90}","{'id': 6646, 'rank': 2, 'fitness': 0.9820137900379085, 'generation': 90}","{'id': 6478, 'rank': 3, 'fitness': 0.981730413146884, 'generation': 90}","{'id': 6478, 'rank': 4, 'fitness': 0.981730413146884, 'generation': 90}","{'id': 6478, 'rank': 5, 'fitness': 0.981730413146884, 'generation': 90}","{'id': 6600, 'rank': 6, 'fitness': 0.9816678207162159, 'generation': 90}","{'id': 6679, 'rank': 7, 'fitness': 0.9816175930168738, 'generation': 90}","{'id': 6672, 'rank': 8, 'fitness': 0.9809010043319959, 'generation': 90}","{'id': 6644, 'rank': 9, 'fitness': 0.9795879077789909, 'generation': 90}","{'id': 6694, 'rank': 10, 'fitness': 0.9794024822228296, 'generation': 90}","{'id': 6694, 'rank': 11, 'fitness': 0.9794024822228296, 'generation': 90}","{'id': 6561, 'rank': 12, 'fitness': 0.9790419467026178, 'generation': 90}","{'id': 6561, 'rank': 13, 'fitness': 0.9790419467026178, 'generation': 90}","{'id': 6561, 'rank': 14, 'fitness': 0.9790419467026178, 'generation': 90}","{'id': 6614, 'rank': 15, 'fitness': 0.9785161219020724, 'generation': 90}","{'id': 6671, 'rank': 16, 'fitness': 0.9782363503736703, 'generation': 90}","{'id': 6643, 'rank': 17, 'fitness': 0.9777730831783611, 'generation': 90}","{'id': 6639, 'rank': 18, 'fitness': 0.9777716528039055, 'generation': 90}","{'id': 6658, 'rank': 19, 'fitness': 0.9772769992979047, 'generation': 90}","{'id': 6152, 'rank': 20, 'fitness': 0.9758694107145491, 'generation': 90}","{'id': 6152, 'rank': 21, 'fitness': 0.9758694107145491, 'generation': 90}","{'id': 6640, 'rank': 22, 'fitness': 0.9757594533741487, 'generation': 90}","{'id': 6675, 'rank': 23, 'fitness': 0.9757511310557799, 'generation': 90}","{'id': 6535, 'rank': 24, 'fitness': 0.9744566714276007, 'generation': 90}","{'id': 6676, 'rank': 25, 'fitness': 0.9719537322302265, 'generation': 90}","{'id': 6512, 'rank': 26, 'fitness': 0.968969501761355, 'generation': 90}","{'id': 6621, 'rank': 27, 'fitness': 0.9677217134037561, 'generation': 90}","{'id': 6617, 'rank': 28, 'fitness': 0.9476222388454498, 'generation': 90}","{'id': 6668, 'rank': 29, 'fitness': 0.9423628918470013, 'generation': 90}","{'id': 6653, 'rank': 30, 'fitness': 0.01798620996209155, 'generation': 90}"
"{'id': 6734, 'rank': 1, 'fitness': 0.9820137900379085, 'generation': 91}","{'id': 6719, 'rank': 2, 'fitness': 0.980750843363736, 'generation': 91}","{'id': 6760, 'rank': 3, 'fitness': 0.9800715096816057, 'generation': 91}","{'id': 6478, 'rank': 4, 'fitness': 0.9753655721946519, 'generation': 91}","{'id': 6478, 'rank': 5, 'fitness': 0.9753655721946519, 'generation': 91}","{'id': 6478, 'rank': 6, 'fitness': 0.9753655721946519, 'generation': 91}","{'id': 6768, 'rank': 7, 'fitness': 0.9712200615082517, 'generation': 91}","{'id': 6672, 'rank': 8, 'fitness': 0.9707996703019414, 'generation': 91}","{'id': 6672, 'rank': 9, 'fitness': 0.9707996703019414, 'generation': 91}","{'id': 6672, 'rank': 10, 'fitness': 0.9707996703019414, 'generation': 91}","{'id': 6731, 'rank': 11, 'fitness': 0.9698137193344163, 'generation': 91}","{'id': 6761, 'rank': 12, 'fitness': 0.9652601324353669, 'generation': 91}","{'id': 6761, 'rank': 13, 'fitness': 0.9652601324353669, 'generation': 91}","{'id': 6671, 'rank': 14, 'fitness': 0.9520766387114515, 'generation': 91}","{'id': 6721, 'rank': 15, 'fitness': 0.9464336536209741, 'generation': 91}","{'id': 6782, 'rank': 16, 'fitness': 0.9421082259233531, 'generation': 91}","{'id': 6782, 'rank': 17, 'fitness': 0.9421082259233531, 'generation': 91}","{'id': 6771, 'rank': 18, 'fitness': 0.9360227479307786, 'generation': 91}","{'id': 6771, 'rank': 19, 'fitness': 0.9360227479307786, 'generation': 91}","{'id': 6735, 'rank': 20, 'fitness': 0.9308858113624983, 'generation': 91}","{'id': 6723, 'rank': 21, 'fitness': 0.9300996580063081, 'generation': 91}","{'id': 6640, 'rank': 22, 'fitness': 0.9284412519831953, 'generation': 91}","{'id': 6711, 'rank': 23, 'fitness': 0.9260948695758351, 'generation': 91}","{'id': 6756, 'rank': 24, 'fitness': 0.9168111432462924, 'generation': 91}","{'id': 6777, 'rank': 25, 'fitness': 0.9100078866467725, 'generation': 91}","{'id': 6676, 'rank': 26, 'fitness': 0.8791825221737897, 'generation': 91}","{'id': 6772, 'rank': 27, 'fitness': 0.834716051148718, 'generation': 91}","{'id': 6710, 'rank': 28, 'fitness': 0.7740602827572566, 'generation': 91}","{'id': 6738, 'rank': 29, 'fitness': 0.4351915070475404, 'generation': 91}","{'id': 6752, 'rank': 30, 'fitness': 0.01798620996209155, 'generation': 91}"
"{'id': 6478, 'rank': 1, 'fitness': 0.9820137900379085, 'generation': 92}","{'id': 6792, 'rank': 2, 'fitness': 0.9815599002945039, 'generation': 92}","{'id': 6832, 'rank': 3, 'fitness': 0.9811864162692894, 'generation': 92}","{'id': 6832, 'rank': 4, 'fitness': 0.9811864162692894, 'generation': 92}","{'id': 6672, 'rank': 5, 'fitness': 0.9811801001352634, 'generation': 92}","{'id': 6822, 'rank': 6, 'fitness': 0.9807188085763077, 'generation': 92}","{'id': 6761, 'rank': 7, 'fitness': 0.9802845435347962, 'generation': 92}","{'id': 6816, 'rank': 8, 'fitness': 0.9788491451000636, 'generation': 92}","{'id': 6816, 'rank': 9, 'fitness': 0.9788491451000636, 'generation': 92}","{'id': 6721, 'rank': 10, 'fitness': 0.9778352824733347, 'generation': 92}","{'id': 6721, 'rank': 11, 'fitness': 0.9778352824733347, 'generation': 92}","{'id': 6721, 'rank': 12, 'fitness': 0.9778352824733347, 'generation': 92}","{'id': 6782, 'rank': 13, 'fitness': 0.9773595169231668, 'generation': 92}","{'id': 6771, 'rank': 14, 'fitness': 0.9767289253010805, 'generation': 92}","{'id': 6771, 'rank': 15, 'fitness': 0.9767289253010805, 'generation': 92}","{'id': 6771, 'rank': 16, 'fitness': 0.9767289253010805, 'generation': 92}","{'id': 6771, 'rank': 17, 'fitness': 0.9767289253010805, 'generation': 92}","{'id': 6771, 'rank': 18, 'fitness': 0.9767289253010805, 'generation': 92}","{'id': 6799, 'rank': 19, 'fitness': 0.9740461697978162, 'generation': 92}","{'id': 6865, 'rank': 20, 'fitness': 0.972635192311117, 'generation': 92}","{'id': 6676, 'rank': 21, 'fitness': 0.972145126541127, 'generation': 92}","{'id': 6783, 'rank': 22, 'fitness': 0.9718907499929322, 'generation': 92}","{'id': 6794, 'rank': 23, 'fitness': 0.9713980742828312, 'generation': 92}","{'id': 6820, 'rank': 24, 'fitness': 0.9693373750453259, 'generation': 92}","{'id': 6840, 'rank': 25, 'fitness': 0.9667102501094522, 'generation': 92}","{'id': 6840, 'rank': 26, 'fitness': 0.9667102501094522, 'generation': 92}","{'id': 6817, 'rank': 27, 'fitness': 0.9653838817450964, 'generation': 92}","{'id': 6738, 'rank': 28, 'fitness': 0.9507017907188647, 'generation': 92}","{'id': 6849, 'rank': 29, 'fitness': 0.9440747666490092, 'generation': 92}","{'id': 6797, 'rank': 30, 'fitness': 0.01798620996209155, 'generation': 92}"
"{'id': 6909, 'rank': 1, 'fitness': 0.9820137900379085, 'generation': 93}","{'id': 6937, 'rank': 2, 'fitness': 0.9589157278646001, 'generation': 93}","{'id': 6937, 'rank': 3, 'fitness': 0.9589157278646001, 'generation': 93}","{'id': 6478, 'rank': 4, 'fitness': 0.9317310459911468, 'generation': 93}","{'id': 6478, 'rank': 5, 'fitness': 0.9317310459911468, 'generation': 93}","{'id': 6953, 'rank': 6, 'fitness': 0.9180496864275917, 'generation': 93}","{'id': 6884, 'rank': 7, 'fitness': 0.9062830544293005, 'generation': 93}","{'id': 6832, 'rank': 8, 'fitness': 0.905810167898045, 'generation': 93}","{'id': 6938, 'rank': 9, 'fitness': 0.897423125264562, 'generation': 93}","{'id': 6822, 'rank': 10, 'fitness': 0.888180490607628, 'generation': 93}","{'id': 6899, 'rank': 11, 'fitness': 0.8706329154900267, 'generation': 93}","{'id': 6761, 'rank': 12, 'fitness': 0.8697471254205551, 'generation': 93}","{'id': 6902, 'rank': 13, 'fitness': 0.7969152577574005, 'generation': 93}","{'id': 6901, 'rank': 14, 'fitness': 0.7944909431130578, 'generation': 93}","{'id': 6816, 'rank': 15, 'fitness': 0.7942211443176866, 'generation': 93}","{'id': 6908, 'rank': 16, 'fitness': 0.7924161259954873, 'generation': 93}","{'id': 6882, 'rank': 17, 'fitness': 0.7711442204301717, 'generation': 93}","{'id': 6947, 'rank': 18, 'fitness': 0.7476174622814842, 'generation': 93}","{'id': 6721, 'rank': 19, 'fitness': 0.7280781002046537, 'generation': 93}","{'id': 6874, 'rank': 20, 'fitness': 0.7061848380738359, 'generation': 93}","{'id': 6782, 'rank': 21, 'fitness': 0.69400337468366, 'generation': 93}","{'id': 6771, 'rank': 22, 'fitness': 0.646586750566071, 'generation': 93}","{'id': 6771, 'rank': 23, 'fitness': 0.646586750566071, 'generation': 93}","{'id': 6771, 'rank': 24, 'fitness': 0.646586750566071, 'generation': 93}","{'id': 6881, 'rank': 25, 'fitness': 0.4798911558719322, 'generation': 93}","{'id': 6799, 'rank': 26, 'fitness': 0.43767385586322005, 'generation': 93}","{'id': 6917, 'rank': 27, 'fitness': 0.23402337583956867, 'generation': 93}","{'id': 6889, 'rank': 28, 'fitness': 0.17524356818702247, 'generation': 93}","{'id': 6892, 'rank': 29, 'fitness': 0.07035070979168084, 'generation': 93}","{'id': 6906, 'rank': 30, 'fitness': 0.01798620996209155, 'generation': 93}"
"{'id': 6937, 'rank': 1, 'fitness': 0.9820137900379085, 'generation': 94}","{'id': 6937, 'rank': 2, 'fitness': 0.9820137900379085, 'generation': 94}","{'id': 6478, 'rank': 3, 'fitness': 0.981548054394687, 'generation': 94}","{'id': 6884, 'rank': 4, 'fitness': 0.9812428125062715, 'generation': 94}","{'id': 6822, 'rank': 5, 'fitness': 0.9810662450551512, 'generation': 94}","{'id': 6956, 'rank': 6, 'fitness': 0.9805796310132551, 'generation': 94}","{'id': 6902, 'rank': 7, 'fitness': 0.9804200390566273, 'generation': 94}","{'id': 6902, 'rank': 8, 'fitness': 0.9804200390566273, 'generation': 94}","{'id': 6901, 'rank': 9, 'fitness': 0.9804061415959469, 'generation': 94}","{'id': 6908, 'rank': 10, 'fitness': 0.9803943362737515, 'generation': 94}","{'id': 6947, 'rank': 11, 'fitness': 0.9801563832647189, 'generation': 94}","{'id': 6874, 'rank': 12, 'fitness': 0.9799581395660392, 'generation': 94}","{'id': 6874, 'rank': 13, 'fitness': 0.9799581395660392, 'generation': 94}","{'id': 6917, 'rank': 14, 'fitness': 0.9778948807222939, 'generation': 94}","{'id': 6917, 'rank': 15, 'fitness': 0.9778948807222939, 'generation': 94}","{'id': 6983, 'rank': 16, 'fitness': 0.9770385750489197, 'generation': 94}","{'id': 6892, 'rank': 17, 'fitness': 0.9763825810750092, 'generation': 94}","{'id': 6906, 'rank': 18, 'fitness': 0.9747419028735291, 'generation': 94}","{'id': 6960, 'rank': 19, 'fitness': 0.9686547129804914, 'generation': 94}","{'id': 6961, 'rank': 20, 'fitness': 0.9532000633181356, 'generation': 94}","{'id': 6975, 'rank': 21, 'fitness': 0.9524029618374297, 'generation': 94}","{'id': 7013, 'rank': 22, 'fitness': 0.9343708414256591, 'generation': 94}","{'id': 6998, 'rank': 23, 'fitness': 0.9298930966472112, 'generation': 94}","{'id': 7020, 'rank': 24, 'fitness': 0.913995365187322, 'generation': 94}","{'id': 6992, 'rank': 25, 'fitness': 0.7019469324366908, 'generation': 94}","{'id': 6978, 'rank': 26, 'fitness': 0.5756670340567489, 'generation': 94}","{'id': 6971, 'rank': 27, 'fitness': 0.3676804079497811, 'generation': 94}","{'id': 6972, 'rank': 28, 'fitness': 0.24496014344327532, 'generation': 94}","{'id': 6995, 'rank': 29, 'fitness': 0.2327738528211697, 'generation': 94}","{'id': 7016, 'rank': 30, 'fitness': 0.01798620996209155, 'generation': 94}"
"{'id': 6937, 'rank': 1, 'fitness': 0.9820137900379085, 'generation': 95}","{'id': 6937, 'rank': 2, 'fitness': 0.9820137900379085, 'generation': 95}","{'id': 7029, 'rank': 3, 'fitness': 0.9813635759825168, 'generation': 95}","{'id': 7097, 'rank': 4, 'fitness': 0.980063992600737, 'generation': 95}","{'id': 7056, 'rank': 5, 'fitness': 0.9766542677875469, 'generation': 95}","{'id': 7070, 'rank': 6, 'fitness': 0.973709866217717, 'generation': 95}","{'id': 7073, 'rank': 7, 'fitness': 0.9716193616295745, 'generation': 95}","{'id': 6956, 'rank': 8, 'fitness': 0.9669756391136375, 'generation': 95}","{'id': 6901, 'rank': 9, 'fitness': 0.9645875124405734, 'generation': 95}","{'id': 6908, 'rank': 10, 'fitness': 0.9644198791090958, 'generation': 95}","{'id': 7034, 'rank': 11, 'fitness': 0.964322578072841, 'generation': 95}","{'id': 7036, 'rank': 12, 'fitness': 0.9609374031763352, 'generation': 95}","{'id': 7036, 'rank': 13, 'fitness': 0.9609374031763352, 'generation': 95}","{'id': 6947, 'rank': 14, 'fitness': 0.9608966082253879, 'generation': 95}","{'id': 7084, 'rank': 15, 'fitness': 0.9573888702819388, 'generation': 95}","{'id': 7084, 'rank': 16, 'fitness': 0.9573888702819388, 'generation': 95}","{'id': 7089, 'rank': 17, 'fitness': 0.9557978923579843, 'generation': 95}","{'id': 7040, 'rank': 18, 'fitness': 0.9482402172428359, 'generation': 95}","{'id': 7039, 'rank': 19, 'fitness': 0.9451672241004523, 'generation': 95}","{'id': 7039, 'rank': 20, 'fitness': 0.9451672241004523, 'generation': 95}","{'id': 7087, 'rank': 21, 'fitness': 0.9378328964261813, 'generation': 95}","{'id': 7038, 'rank': 22, 'fitness': 0.9333311733161453, 'generation': 95}","{'id': 7024, 'rank': 23, 'fitness': 0.9306783257222192, 'generation': 95}","{'id': 6917, 'rank': 24, 'fitness': 0.9107710708682804, 'generation': 95}","{'id': 6983, 'rank': 25, 'fitness': 0.8821759090110102, 'generation': 95}","{'id': 6892, 'rank': 26, 'fitness': 0.8561092705844822, 'generation': 95}","{'id': 7026, 'rank': 27, 'fitness': 0.25005312772660404, 'generation': 95}","{'id': 6961, 'rank': 28, 'fitness': 0.020658933271900493, 'generation': 95}","{'id': 7093, 'rank': 29, 'fitness': 0.020116146300445892, 'generation': 95}","{'id': 6975, 'rank': 30, 'fitness': 0.01798620996209155, 'generation': 95}"
"{'id': 7173, 'rank': 1, 'fitness': 0.9820137900379085, 'generation': 96}","{'id': 7177, 'rank': 2, 'fitness': 0.9818079152549601, 'generation': 96}","{'id': 6937, 'rank': 3, 'fitness': 0.981372036366458, 'generation': 96}","{'id': 6937, 'rank': 4, 'fitness': 0.981372036366458, 'generation': 96}","{'id': 7029, 'rank': 5, 'fitness': 0.9810413536744329, 'generation': 96}","{'id': 7097, 'rank': 6, 'fitness': 0.980397100464373, 'generation': 96}","{'id': 7160, 'rank': 7, 'fitness': 0.9786248239732553, 'generation': 96}","{'id': 7160, 'rank': 8, 'fitness': 0.9786248239732553, 'generation': 96}","{'id': 7147, 'rank': 9, 'fitness': 0.978423781697245, 'generation': 96}","{'id': 7123, 'rank': 10, 'fitness': 0.9783589866369267, 'generation': 96}","{'id': 7070, 'rank': 11, 'fitness': 0.9775092164777994, 'generation': 96}","{'id': 7172, 'rank': 12, 'fitness': 0.9771167965165783, 'generation': 96}","{'id': 7109, 'rank': 13, 'fitness': 0.9765304001656002, 'generation': 96}","{'id': 7109, 'rank': 14, 'fitness': 0.9765304001656002, 'generation': 96}","{'id': 7113, 'rank': 15, 'fitness': 0.9763590032070812, 'generation': 96}","{'id': 7178, 'rank': 16, 'fitness': 0.9755305460542486, 'generation': 96}","{'id': 7171, 'rank': 17, 'fitness': 0.9751974857537064, 'generation': 96}","{'id': 7159, 'rank': 18, 'fitness': 0.9747513590947101, 'generation': 96}","{'id': 6908, 'rank': 19, 'fitness': 0.973843249933497, 'generation': 96}","{'id': 6908, 'rank': 20, 'fitness': 0.973843249933497, 'generation': 96}","{'id': 7034, 'rank': 21, 'fitness': 0.9738074662206504, 'generation': 96}","{'id': 7036, 'rank': 22, 'fitness': 0.9725901062746272, 'generation': 96}","{'id': 7084, 'rank': 23, 'fitness': 0.9713663286234229, 'generation': 96}","{'id': 7040, 'rank': 24, 'fitness': 0.9684138439034905, 'generation': 96}","{'id': 7039, 'rank': 25, 'fitness': 0.9674768701247911, 'generation': 96}","{'id': 7087, 'rank': 26, 'fitness': 0.9653316464142634, 'generation': 96}","{'id': 7115, 'rank': 27, 'fitness': 0.9494963140409799, 'generation': 96}","{'id': 7138, 'rank': 28, 'fitness': 0.9492790521424314, 'generation': 96}","{'id': 7168, 'rank': 29, 'fitness': 0.817608776258034, 'generation': 96}","{'id': 7136, 'rank': 30, 'fitness': 0.01798620996209155, 'generation': 96}"
"{'id': 7239, 'rank': 1, 'fitness': 0.9820137900379085, 'generation': 97}","{'id': 6937, 'rank': 2, 'fitness': 0.9735146850090521, 'generation': 97}","{'id': 7029, 'rank': 3, 'fitness': 0.9697816194068009, 'generation': 97}","{'id': 7197, 'rank': 4, 'fitness': 0.9687806831375505, 'generation': 97}","{'id': 7189, 'rank': 5, 'fitness': 0.9642589883943665, 'generation': 97}","{'id': 7245, 'rank': 6, 'fitness': 0.9633161395731302, 'generation': 97}","{'id': 7247, 'rank': 7, 'fitness': 0.9433066207032006, 'generation': 97}","{'id': 7233, 'rank': 8, 'fitness': 0.9291647370917964, 'generation': 97}","{'id': 7217, 'rank': 9, 'fitness': 0.9281987325971769, 'generation': 97}","{'id': 7160, 'rank': 10, 'fitness': 0.9270434679218176, 'generation': 97}","{'id': 7160, 'rank': 11, 'fitness': 0.9270434679218176, 'generation': 97}","{'id': 7196, 'rank': 12, 'fitness': 0.9261307652155601, 'generation': 97}","{'id': 7231, 'rank': 13, 'fitness': 0.921942243454607, 'generation': 97}","{'id': 7205, 'rank': 14, 'fitness': 0.9129837681372481, 'generation': 97}","{'id': 7070, 'rank': 15, 'fitness': 0.8955311942795663, 'generation': 97}","{'id': 7232, 'rank': 16, 'fitness': 0.8796268956334232, 'generation': 97}","{'id': 7241, 'rank': 17, 'fitness': 0.8704584510779947, 'generation': 97}","{'id': 7109, 'rank': 18, 'fitness': 0.8603966189802265, 'generation': 97}","{'id': 7109, 'rank': 19, 'fitness': 0.8603966189802265, 'generation': 97}","{'id': 7184, 'rank': 20, 'fitness': 0.8164227362152525, 'generation': 97}","{'id': 7238, 'rank': 21, 'fitness': 0.8140845926391325, 'generation': 97}","{'id': 7240, 'rank': 22, 'fitness': 0.7767777941974656, 'generation': 97}","{'id': 7242, 'rank': 23, 'fitness': 0.6888855879231319, 'generation': 97}","{'id': 7227, 'rank': 24, 'fitness': 0.6110491882910664, 'generation': 97}","{'id': 7084, 'rank': 25, 'fitness': 0.5679638452408163, 'generation': 97}","{'id': 7219, 'rank': 26, 'fitness': 0.4185278188685816, 'generation': 97}","{'id': 7219, 'rank': 27, 'fitness': 0.4185278188685816, 'generation': 97}","{'id': 7040, 'rank': 28, 'fitness': 0.3794025869956779, 'generation': 97}","{'id': 7225, 'rank': 29, 'fitness': 0.3315088814604633, 'generation': 97}","{'id': 7210, 'rank': 30, 'fitness': 0.01798620996209155, 'generation': 97}"
"{'id': 7257, 'rank': 1, 'fitness': 0.9820137900379085, 'generation': 98}","{'id': 7257, 'rank': 2, 'fitness': 0.9820137900379085, 'generation': 98}","{'id': 6937, 'rank': 3, 'fitness': 0.9762485553008994, 'generation': 98}","{'id': 7273, 'rank': 4, 'fitness': 0.9752394404663536, 'generation': 98}","{'id': 7322, 'rank': 5, 'fitness': 0.9749485481418173, 'generation': 98}","{'id': 7322, 'rank': 6, 'fitness': 0.9749485481418173, 'generation': 98}","{'id': 7247, 'rank': 7, 'fitness': 0.9724742329625573, 'generation': 98}","{'id': 7160, 'rank': 8, 'fitness': 0.9710621117916811, 'generation': 98}","{'id': 7196, 'rank': 9, 'fitness': 0.9709900248074093, 'generation': 98}","{'id': 7231, 'rank': 10, 'fitness': 0.9706672450682565, 'generation': 98}","{'id': 7231, 'rank': 11, 'fitness': 0.9706672450682565, 'generation': 98}","{'id': 7294, 'rank': 12, 'fitness': 0.9694793653840325, 'generation': 98}","{'id': 7258, 'rank': 13, 'fitness': 0.9689961924209176, 'generation': 98}","{'id': 7278, 'rank': 14, 'fitness': 0.9675843005687795, 'generation': 98}","{'id': 7227, 'rank': 15, 'fitness': 0.9574687206710175, 'generation': 98}","{'id': 7219, 'rank': 16, 'fitness': 0.9509676793838169, 'generation': 98}","{'id': 7262, 'rank': 17, 'fitness': 0.9447615264446444, 'generation': 98}","{'id': 7299, 'rank': 18, 'fitness': 0.9424312449511292, 'generation': 98}","{'id': 7299, 'rank': 19, 'fitness': 0.9424312449511292, 'generation': 98}","{'id': 7259, 'rank': 20, 'fitness': 0.9311842595843022, 'generation': 98}","{'id': 7259, 'rank': 21, 'fitness': 0.9311842595843022, 'generation': 98}","{'id': 7324, 'rank': 22, 'fitness': 0.9240361239059856, 'generation': 98}","{'id': 7319, 'rank': 23, 'fitness': 0.8942217145178155, 'generation': 98}","{'id': 7283, 'rank': 24, 'fitness': 0.8314897359451094, 'generation': 98}","{'id': 7320, 'rank': 25, 'fitness': 0.8082818028128909, 'generation': 98}","{'id': 7282, 'rank': 26, 'fitness': 0.7512742482792263, 'generation': 98}","{'id': 7277, 'rank': 27, 'fitness': 0.6804304423825073, 'generation': 98}","{'id': 7277, 'rank': 28, 'fitness': 0.6804304423825073, 'generation': 98}","{'id': 7302, 'rank': 29, 'fitness': 0.2579830989519366, 'generation': 98}","{'id': 7289, 'rank': 30, 'fitness': 0.01798620996209155, 'generation': 98}"
"{'id': 7358, 'rank': 1, 'fitness': 0.9820137900379085, 'generation': 99}","{'id': 7373, 'rank': 2, 'fitness': 0.9818153315914864, 'generation': 99}","{'id': 7373, 'rank': 3, 'fitness': 0.9818153315914864, 'generation': 99}","{'id': 7395, 'rank': 4, 'fitness': 0.9797615380536189, 'generation': 99}","{'id': 6937, 'rank': 5, 'fitness': 0.9770763946568488, 'generation': 99}","{'id': 7322, 'rank': 6, 'fitness': 0.9751114044506921, 'generation': 99}","{'id': 7322, 'rank': 7, 'fitness': 0.9751114044506921, 'generation': 99}","{'id': 7367, 'rank': 8, 'fitness': 0.9749839919730082, 'generation': 99}","{'id': 7331, 'rank': 9, 'fitness': 0.9748916062220158, 'generation': 99}","{'id': 7400, 'rank': 10, 'fitness': 0.9712071847903496, 'generation': 99}","{'id': 7400, 'rank': 11, 'fitness': 0.9712071847903496, 'generation': 99}","{'id': 7160, 'rank': 12, 'fitness': 0.9689168812289588, 'generation': 99}","{'id': 7231, 'rank': 13, 'fitness': 0.9682617627169595, 'generation': 99}","{'id': 7396, 'rank': 14, 'fitness': 0.9668207484941216, 'generation': 99}","{'id': 7294, 'rank': 15, 'fitness': 0.9662634562164527, 'generation': 99}","{'id': 7258, 'rank': 16, 'fitness': 0.9654389994861565, 'generation': 99}","{'id': 7366, 'rank': 17, 'fitness': 0.9638598003656073, 'generation': 99}","{'id': 7336, 'rank': 18, 'fitness': 0.9480280081464849, 'generation': 99}","{'id': 7334, 'rank': 19, 'fitness': 0.9371465364713119, 'generation': 99}","{'id': 7328, 'rank': 20, 'fitness': 0.9358597500326038, 'generation': 99}","{'id': 7328, 'rank': 21, 'fitness': 0.9358597500326038, 'generation': 99}","{'id': 7332, 'rank': 22, 'fitness': 0.927360550714387, 'generation': 99}","{'id': 7371, 'rank': 23, 'fitness': 0.9243567465975486, 'generation': 99}","{'id': 7299, 'rank': 24, 'fitness': 0.9115201513841867, 'generation': 99}","{'id': 7259, 'rank': 25, 'fitness': 0.8847852426701508, 'generation': 99}","{'id': 7388, 'rank': 26, 'fitness': 0.8834660083467889, 'generation': 99}","{'id': 7319, 'rank': 27, 'fitness': 0.7879990197477776, 'generation': 99}","{'id': 7353, 'rank': 28, 'fitness': 0.6143916694630769, 'generation': 99}","{'id': 7382, 'rank': 29, 'fitness': 0.3996155464899608, 'generation': 99}","{'id': 7387, 'rank': 30, 'fitness': 0.01798620996209155, 'generation': 99}"
"{'id': 7473, 'rank': 1, 'fitness': 0.9820137900379085, 'generation': 100}","{'id': 7459, 'rank': 2, 'fitness': 0.9817074866607138, 'generation': 100}","{'id': 7395, 'rank': 3, 'fitness': 0.9815152879254788, 'generation': 100}","{'id': 7415, 'rank': 4, 'fitness': 0.9814538370405403, 'generation': 100}","{'id': 7457, 'rank': 5, 'fitness': 0.9814210651027155, 'generation': 100}","{'id': 7457, 'rank': 6, 'fitness': 0.9814210651027155, 'generation': 100}","{'id': 7458, 'rank': 7, 'fitness': 0.9813524886148403, 'generation': 100}","{'id': 6937, 'rank': 8, 'fitness': 0.9813102782516204, 'generation': 100}","{'id': 7489, 'rank': 9, 'fitness': 0.9812098611814535, 'generation': 100}","{'id': 7331, 'rank': 10, 'fitness': 0.9811586839814201, 'generation': 100}","{'id': 7460, 'rank': 11, 'fitness': 0.9810849126738082, 'generation': 100}","{'id': 7396, 'rank': 12, 'fitness': 0.9806845700120747, 'generation': 100}","{'id': 7294, 'rank': 13, 'fitness': 0.9806557351604954, 'generation': 100}","{'id': 7258, 'rank': 14, 'fitness': 0.9806138340545606, 'generation': 100}","{'id': 7429, 'rank': 15, 'fitness': 0.9805060954468696, 'generation': 100}","{'id': 7449, 'rank': 16, 'fitness': 0.9800482530927783, 'generation': 100}","{'id': 7336, 'rank': 17, 'fitness': 0.9798856428598306, 'generation': 100}","{'id': 7336, 'rank': 18, 'fitness': 0.9798856428598306, 'generation': 100}","{'id': 7412, 'rank': 19, 'fitness': 0.979790218178461, 'generation': 100}","{'id': 7328, 'rank': 20, 'fitness': 0.9794934965499424, 'generation': 100}","{'id': 7328, 'rank': 21, 'fitness': 0.9794934965499424, 'generation': 100}","{'id': 7332, 'rank': 22, 'fitness': 0.9792553649263362, 'generation': 100}","{'id': 7488, 'rank': 23, 'fitness': 0.9788758544924709, 'generation': 100}","{'id': 7402, 'rank': 24, 'fitness': 0.9786168252996807, 'generation': 100}","{'id': 7401, 'rank': 25, 'fitness': 0.9774496207655066, 'generation': 100}","{'id': 7411, 'rank': 26, 'fitness': 0.9749620883880012, 'generation': 100}","{'id': 7424, 'rank': 27, 'fitness': 0.9726835732063391, 'generation': 100}","{'id': 7469, 'rank': 28, 'fitness': 0.9668652395575534, 'generation': 100}","{'id': 7485, 'rank': 29, 'fitness': 0.4250343596418794, 'generation': 100}","{'id': 7440, 'rank': 30, 'fitness': 0.01798620996209155, 'generation': 100}"
"{'id': 7513, 'rank': 1, 'fitness': 0.9820137900379085, 'generation': 101}","{'id': 7514, 'rank': 2, 'fitness': 0.953133262427861, 'generation': 101}","{'id': 7395, 'rank': 3, 'fitness': 0.9406040557304685, 'generation': 101}","{'id': 7415, 'rank': 4, 'fitness': 0.9362134855083803, 'generation': 101}","{'id': 7515, 'rank': 5, 'fitness': 0.9307474369184373, 'generation': 101}","{'id': 7515, 'rank': 6, 'fitness': 0.9307474369184373, 'generation': 101}","{'id': 7458, 'rank': 7, 'fitness': 0.9283426400185136, 'generation': 101}","{'id': 7510, 'rank': 8, 'fitness': 0.9241218751810205, 'generation': 101}","{'id': 7546, 'rank': 9, 'fitness': 0.9230490434644936, 'generation': 101}","{'id': 7331, 'rank': 10, 'fitness': 0.9109023622994874, 'generation': 101}","{'id': 7524, 'rank': 11, 'fitness': 0.8558510247697614, 'generation': 101}","{'id': 7429, 'rank': 12, 'fitness': 0.8241226510597275, 'generation': 101}","{'id': 7569, 'rank': 13, 'fitness': 0.8203146436652281, 'generation': 101}","{'id': 7569, 'rank': 14, 'fitness': 0.8203146436652281, 'generation': 101}","{'id': 7537, 'rank': 15, 'fitness': 0.7779190856428635, 'generation': 101}","{'id': 7518, 'rank': 16, 'fitness': 0.7606707750522246, 'generation': 101}","{'id': 7449, 'rank': 17, 'fitness': 0.7334730604370401, 'generation': 101}","{'id': 7531, 'rank': 18, 'fitness': 0.7031885128306763, 'generation': 101}","{'id': 7491, 'rank': 19, 'fitness': 0.6625915693446243, 'generation': 101}","{'id': 7540, 'rank': 20, 'fitness': 0.6610066060344076, 'generation': 101}","{'id': 7328, 'rank': 21, 'fitness': 0.594655598503723, 'generation': 101}","{'id': 7568, 'rank': 22, 'fitness': 0.5003408853500717, 'generation': 101}","{'id': 7498, 'rank': 23, 'fitness': 0.44116160677604743, 'generation': 101}","{'id': 7539, 'rank': 24, 'fitness': 0.41577288457033507, 'generation': 101}","{'id': 7539, 'rank': 25, 'fitness': 0.41577288457033507, 'generation': 101}","{'id': 7501, 'rank': 26, 'fitness': 0.228013788881142, 'generation': 101}","{'id': 7501, 'rank': 27, 'fitness': 0.228013788881142, 'generation': 101}","{'id': 7556, 'rank': 28, 'fitness': 0.2058966155278632, 'generation': 101}","{'id': 7559, 'rank': 29, 'fitness': 0.09160974952929607, 'generation': 101}","{'id': 7496, 'rank': 30, 'fitness': 0.01798620996209155, 'generation': 101}"
"{'id': 7514, 'rank': 1, 'fitness': 0.9820137900379085, 'generation': 102}","{'id': 7395, 'rank': 2, 'fitness': 0.9818052965678274, 'generation': 102}","{'id': 7395, 'rank': 3, 'fitness': 0.9818052965678274, 'generation': 102}","{'id': 7415, 'rank': 4, 'fitness': 0.9817414886287112, 'generation': 102}","{'id': 7515, 'rank': 5, 'fitness': 0.9816672636481887, 'generation': 102}","{'id': 7510, 'rank': 6, 'fitness': 0.9815838908253263, 'generation': 102}","{'id': 7546, 'rank': 7, 'fitness': 0.9815709924525116, 'generation': 102}","{'id': 7331, 'rank': 8, 'fitness': 0.9814348557429404, 'generation': 102}","{'id': 7569, 'rank': 9, 'fitness': 0.9807328840250686, 'generation': 102}","{'id': 7449, 'rank': 10, 'fitness': 0.9802789409019421, 'generation': 102}","{'id': 7540, 'rank': 11, 'fitness': 0.9799639769780839, 'generation': 102}","{'id': 7606, 'rank': 12, 'fitness': 0.9799234412688641, 'generation': 102}","{'id': 7606, 'rank': 13, 'fitness': 0.9799234412688641, 'generation': 102}","{'id': 7328, 'rank': 14, 'fitness': 0.9797001480040893, 'generation': 102}","{'id': 7568, 'rank': 15, 'fitness': 0.9793407068956094, 'generation': 102}","{'id': 7568, 'rank': 16, 'fitness': 0.9793407068956094, 'generation': 102}","{'id': 7539, 'rank': 17, 'fitness': 0.9790139891297187, 'generation': 102}","{'id': 7539, 'rank': 18, 'fitness': 0.9790139891297187, 'generation': 102}","{'id': 7556, 'rank': 19, 'fitness': 0.9780181985680174, 'generation': 102}","{'id': 7608, 'rank': 20, 'fitness': 0.9778389160495975, 'generation': 102}","{'id': 7609, 'rank': 21, 'fitness': 0.9774717829416402, 'generation': 102}","{'id': 7609, 'rank': 22, 'fitness': 0.9774717829416402, 'generation': 102}","{'id': 7579, 'rank': 23, 'fitness': 0.9755798300144751, 'generation': 102}","{'id': 7595, 'rank': 24, 'fitness': 0.9735428805950908, 'generation': 102}","{'id': 7583, 'rank': 25, 'fitness': 0.9705939180864787, 'generation': 102}","{'id': 7622, 'rank': 26, 'fitness': 0.8923804186335794, 'generation': 102}","{'id': 7625, 'rank': 27, 'fitness': 0.8821809724371648, 'generation': 102}","{'id': 7603, 'rank': 28, 'fitness': 0.606959752595155, 'generation': 102}","{'id': 7623, 'rank': 29, 'fitness': 0.0922029457129806, 'generation': 102}","{'id': 7617, 'rank': 30, 'fitness': 0.01798620996209155, 'generation': 102}"
"{'id': 7514, 'rank': 1, 'fitness': 0.9820137900379085, 'generation': 103}","{'id': 7546, 'rank': 2, 'fitness': 0.9735662140121216, 'generation': 103}","{'id': 7663, 'rank': 3, 'fitness': 0.9683896787714517, 'generation': 103}","{'id': 7648, 'rank': 4, 'fitness': 0.967314248698768, 'generation': 103}","{'id': 7711, 'rank': 5, 'fitness': 0.9658837668737397, 'generation': 103}","{'id': 7654, 'rank': 6, 'fitness': 0.9650085480127999, 'generation': 103}","{'id': 7668, 'rank': 7, 'fitness': 0.9310303023032344, 'generation': 103}","{'id': 7449, 'rank': 8, 'fitness': 0.924736273483928, 'generation': 103}","{'id': 7449, 'rank': 9, 'fitness': 0.924736273483928, 'generation': 103}","{'id': 7713, 'rank': 10, 'fitness': 0.9218139700882513, 'generation': 103}","{'id': 7657, 'rank': 11, 'fitness': 0.9131237491307614, 'generation': 103}","{'id': 7716, 'rank': 12, 'fitness': 0.9113378807207544, 'generation': 103}","{'id': 7540, 'rank': 13, 'fitness': 0.9047879329805765, 'generation': 103}","{'id': 7717, 'rank': 14, 'fitness': 0.8859679701188968, 'generation': 103}","{'id': 7667, 'rank': 15, 'fitness': 0.885554658815966, 'generation': 103}","{'id': 7712, 'rank': 16, 'fitness': 0.8821124097979216, 'generation': 103}","{'id': 7658, 'rank': 17, 'fitness': 0.8698656843151128, 'generation': 103}","{'id': 7666, 'rank': 18, 'fitness': 0.8462554275252442, 'generation': 103}","{'id': 7655, 'rank': 19, 'fitness': 0.8351901972807965, 'generation': 103}","{'id': 7539, 'rank': 20, 'fitness': 0.817571737037555, 'generation': 103}","{'id': 7539, 'rank': 21, 'fitness': 0.817571737037555, 'generation': 103}","{'id': 7539, 'rank': 22, 'fitness': 0.817571737037555, 'generation': 103}","{'id': 7678, 'rank': 23, 'fitness': 0.800023576526449, 'generation': 103}","{'id': 7669, 'rank': 24, 'fitness': 0.775620700211251, 'generation': 103}","{'id': 7674, 'rank': 25, 'fitness': 0.7556758518686659, 'generation': 103}","{'id': 7638, 'rank': 26, 'fitness': 0.6513826152226747, 'generation': 103}","{'id': 7677, 'rank': 27, 'fitness': 0.6289641591946962, 'generation': 103}","{'id': 7703, 'rank': 28, 'fitness': 0.38686483980633235, 'generation': 103}","{'id': 7595, 'rank': 29, 'fitness': 0.09356743264496276, 'generation': 103}","{'id': 7640, 'rank': 30, 'fitness': 0.01798620996209155, 'generation': 103}"
"{'id': 7756, 'rank': 1, 'fitness': 0.9820137900379085, 'generation': 104}","{'id': 7648, 'rank': 2, 'fitness': 0.9793992015957288, 'generation': 104}","{'id': 7648, 'rank': 3, 'fitness': 0.9793992015957288, 'generation': 104}","{'id': 7648, 'rank': 4, 'fitness': 0.9793992015957288, 'generation': 104}","{'id': 7711, 'rank': 5, 'fitness': 0.979202579855565, 'generation': 104}","{'id': 7711, 'rank': 6, 'fitness': 0.979202579855565, 'generation': 104}","{'id': 7654, 'rank': 7, 'fitness': 0.9790853013374488, 'generation': 104}","{'id': 7752, 'rank': 8, 'fitness': 0.9784692417741216, 'generation': 104}","{'id': 7761, 'rank': 9, 'fitness': 0.9758425982331507, 'generation': 104}","{'id': 7761, 'rank': 10, 'fitness': 0.9758425982331507, 'generation': 104}","{'id': 7668, 'rank': 11, 'fitness': 0.9756314042022374, 'generation': 104}","{'id': 7760, 'rank': 12, 'fitness': 0.975011683371506, 'generation': 104}","{'id': 7540, 'rank': 13, 'fitness': 0.9737362923129582, 'generation': 104}","{'id': 7540, 'rank': 14, 'fitness': 0.9737362923129582, 'generation': 104}","{'id': 7540, 'rank': 15, 'fitness': 0.9737362923129582, 'generation': 104}","{'id': 7759, 'rank': 16, 'fitness': 0.9720197016060963, 'generation': 104}","{'id': 7658, 'rank': 17, 'fitness': 0.9716933104422388, 'generation': 104}","{'id': 7738, 'rank': 18, 'fitness': 0.9697076884502187, 'generation': 104}","{'id': 7539, 'rank': 19, 'fitness': 0.9691843447295182, 'generation': 104}","{'id': 7674, 'rank': 20, 'fitness': 0.9666652970264349, 'generation': 104}","{'id': 7766, 'rank': 21, 'fitness': 0.9615168542950995, 'generation': 104}","{'id': 7703, 'rank': 22, 'fitness': 0.9534384499474491, 'generation': 104}","{'id': 7780, 'rank': 23, 'fitness': 0.9366617103391969, 'generation': 104}","{'id': 7786, 'rank': 24, 'fitness': 0.9103291959031917, 'generation': 104}","{'id': 7767, 'rank': 25, 'fitness': 0.9055480657903493, 'generation': 104}","{'id': 7776, 'rank': 26, 'fitness': 0.8631694485809845, 'generation': 104}","{'id': 7771, 'rank': 27, 'fitness': 0.10696742255173747, 'generation': 104}","{'id': 7783, 'rank': 28, 'fitness': 0.07214959508497437, 'generation': 104}","{'id': 7733, 'rank': 29, 'fitness': 0.06495331947937227, 'generation': 104}","{'id': 7735, 'rank': 30, 'fitness': 0.01798620996209155, 'generation': 104}"
"{'id': 7809, 'rank': 1, 'fitness': 0.9820137900379085, 'generation': 105}","{'id': 7648, 'rank': 2, 'fitness': 0.9787143171491979, 'generation': 105}","{'id': 7648, 'rank': 3, 'fitness': 0.9787143171491979, 'generation': 105}","{'id': 7711, 'rank': 4, 'fitness': 0.9776071048290091, 'generation': 105}","{'id': 7654, 'rank': 5, 'fitness': 0.976925236173854, 'generation': 105}","{'id': 7654, 'rank': 6, 'fitness': 0.976925236173854, 'generation': 105}","{'id': 7832, 'rank': 7, 'fitness': 0.9764119102820192, 'generation': 105}","{'id': 7832, 'rank': 8, 'fitness': 0.9764119102820192, 'generation': 105}","{'id': 7832, 'rank': 9, 'fitness': 0.9764119102820192, 'generation': 105}","{'id': 7832, 'rank': 10, 'fitness': 0.9764119102820192, 'generation': 105}","{'id': 7752, 'rank': 11, 'fitness': 0.9730684074442462, 'generation': 105}","{'id': 7861, 'rank': 12, 'fitness': 0.9653602853250584, 'generation': 105}","{'id': 7878, 'rank': 13, 'fitness': 0.964956435663936, 'generation': 105}","{'id': 7878, 'rank': 14, 'fitness': 0.964956435663936, 'generation': 105}","{'id': 7829, 'rank': 15, 'fitness': 0.9532121094973665, 'generation': 105}","{'id': 7668, 'rank': 16, 'fitness': 0.9483344207541557, 'generation': 105}","{'id': 7846, 'rank': 17, 'fitness': 0.9301337843037458, 'generation': 105}","{'id': 7823, 'rank': 18, 'fitness': 0.917771385206545, 'generation': 105}","{'id': 7825, 'rank': 19, 'fitness': 0.9054914419158808, 'generation': 105}","{'id': 7836, 'rank': 20, 'fitness': 0.8866311105709709, 'generation': 105}","{'id': 7835, 'rank': 21, 'fitness': 0.8773152113088554, 'generation': 105}","{'id': 7853, 'rank': 22, 'fitness': 0.8705070543372543, 'generation': 105}","{'id': 7859, 'rank': 23, 'fitness': 0.8559397057286332, 'generation': 105}","{'id': 7804, 'rank': 24, 'fitness': 0.8554370117178886, 'generation': 105}","{'id': 7804, 'rank': 25, 'fitness': 0.8554370117178886, 'generation': 105}","{'id': 7872, 'rank': 26, 'fitness': 0.8540544618000024, 'generation': 105}","{'id': 7872, 'rank': 27, 'fitness': 0.8540544618000024, 'generation': 105}","{'id': 7539, 'rank': 28, 'fitness': 0.8347926420182146, 'generation': 105}","{'id': 7865, 'rank': 29, 'fitness': 0.7258244194473417, 'generation': 105}","{'id': 7812, 'rank': 30, 'fitness': 0.01798620996209155, 'generation': 105}"
"{'id': 7887, 'rank': 1, 'fitness': 0.9820137900379085, 'generation': 106}","{'id': 7920, 'rank': 2, 'fitness': 0.9808098915100487, 'generation': 106}","{'id': 7920, 'rank': 3, 'fitness': 0.9808098915100487, 'generation': 106}","{'id': 7648, 'rank': 4, 'fitness': 0.9782504199195687, 'generation': 106}","{'id': 7711, 'rank': 5, 'fitness': 0.9779413108925331, 'generation': 106}","{'id': 7654, 'rank': 6, 'fitness': 0.9777562768245698, 'generation': 106}","{'id': 7832, 'rank': 7, 'fitness': 0.9776195041598084, 'generation': 106}","{'id': 7881, 'rank': 8, 'fitness': 0.977509474059719, 'generation': 106}","{'id': 7943, 'rank': 9, 'fitness': 0.9755016422037801, 'generation': 106}","{'id': 7943, 'rank': 10, 'fitness': 0.9755016422037801, 'generation': 106}","{'id': 7878, 'rank': 11, 'fitness': 0.9749978818151421, 'generation': 106}","{'id': 7878, 'rank': 12, 'fitness': 0.9749978818151421, 'generation': 106}","{'id': 7927, 'rank': 13, 'fitness': 0.9745342497086316, 'generation': 106}","{'id': 7946, 'rank': 14, 'fitness': 0.9741692328633336, 'generation': 106}","{'id': 7907, 'rank': 15, 'fitness': 0.9722660473340269, 'generation': 106}","{'id': 7935, 'rank': 16, 'fitness': 0.9717706681365705, 'generation': 106}","{'id': 7935, 'rank': 17, 'fitness': 0.9717706681365705, 'generation': 106}","{'id': 7846, 'rank': 18, 'fitness': 0.9695636981570139, 'generation': 106}","{'id': 7932, 'rank': 19, 'fitness': 0.967569327668423, 'generation': 106}","{'id': 7836, 'rank': 20, 'fitness': 0.9648773931002375, 'generation': 106}","{'id': 7835, 'rank': 21, 'fitness': 0.9640230692021297, 'generation': 106}","{'id': 7872, 'rank': 22, 'fitness': 0.9620369198112418, 'generation': 106}","{'id': 7965, 'rank': 23, 'fitness': 0.9453172371579031, 'generation': 106}","{'id': 7967, 'rank': 24, 'fitness': 0.8884631681921457, 'generation': 106}","{'id': 7960, 'rank': 25, 'fitness': 0.8519581690593888, 'generation': 106}","{'id': 7950, 'rank': 26, 'fitness': 0.11507176340510367, 'generation': 106}","{'id': 7937, 'rank': 27, 'fitness': 0.10060732128281152, 'generation': 106}","{'id': 7937, 'rank': 28, 'fitness': 0.10060732128281152, 'generation': 106}","{'id': 7956, 'rank': 29, 'fitness': 0.02088283989800238, 'generation': 106}","{'id': 7916, 'rank': 30, 'fitness': 0.01798620996209155, 'generation': 106}"
"{'id': 7983, 'rank': 1, 'fitness': 0.9820137900379085, 'generation': 107}","{'id': 7887, 'rank': 2, 'fitness': 0.97195790194221, 'generation': 107}","{'id': 7987, 'rank': 3, 'fitness': 0.9518064757880077, 'generation': 107}","{'id': 7984, 'rank': 4, 'fitness': 0.9477692536426899, 'generation': 107}","{'id': 8022, 'rank': 5, 'fitness': 0.9439826030785592, 'generation': 107}","{'id': 7648, 'rank': 6, 'fitness': 0.9419026558857317, 'generation': 107}","{'id': 7648, 'rank': 7, 'fitness': 0.9419026558857317, 'generation': 107}","{'id': 7998, 'rank': 8, 'fitness': 0.9365311040048723, 'generation': 107}","{'id': 7998, 'rank': 9, 'fitness': 0.9365311040048723, 'generation': 107}","{'id': 8025, 'rank': 10, 'fitness': 0.9289839468953355, 'generation': 107}","{'id': 7943, 'rank': 11, 'fitness': 0.9095552627208241, 'generation': 107}","{'id': 7943, 'rank': 12, 'fitness': 0.9095552627208241, 'generation': 107}","{'id': 8000, 'rank': 13, 'fitness': 0.9087757785579913, 'generation': 107}","{'id': 7878, 'rank': 14, 'fitness': 0.9025953847793615, 'generation': 107}","{'id': 7995, 'rank': 15, 'fitness': 0.8553302801235234, 'generation': 107}","{'id': 7970, 'rank': 16, 'fitness': 0.8538649404725567, 'generation': 107}","{'id': 7997, 'rank': 17, 'fitness': 0.8514091157711896, 'generation': 107}","{'id': 7997, 'rank': 18, 'fitness': 0.8514091157711896, 'generation': 107}","{'id': 7997, 'rank': 19, 'fitness': 0.8514091157711896, 'generation': 107}","{'id': 7935, 'rank': 20, 'fitness': 0.8503695684282867, 'generation': 107}","{'id': 8011, 'rank': 21, 'fitness': 0.8217153093815475, 'generation': 107}","{'id': 7932, 'rank': 22, 'fitness': 0.7643421034023166, 'generation': 107}","{'id': 7986, 'rank': 23, 'fitness': 0.6560369589140346, 'generation': 107}","{'id': 7972, 'rank': 24, 'fitness': 0.6371801646447891, 'generation': 107}","{'id': 8009, 'rank': 25, 'fitness': 0.5948061216050984, 'generation': 107}","{'id': 8008, 'rank': 26, 'fitness': 0.4878560573067523, 'generation': 107}","{'id': 7971, 'rank': 27, 'fitness': 0.4227510850372699, 'generation': 107}","{'id': 7975, 'rank': 28, 'fitness': 0.3315368101983777, 'generation': 107}","{'id': 8015, 'rank': 29, 'fitness': 0.18110084902336754, 'generation': 107}","{'id': 7967, 'rank': 30, 'fitness': 0.01798620996209155, 'generation': 107}"
"{'id': 7887, 'rank': 1, 'fitness': 0.9820137900379085, 'generation': 108}","{'id': 7887, 'rank': 2, 'fitness': 0.9820137900379085, 'generation': 108}","{'id': 8055, 'rank': 3, 'fitness': 0.9802702354076367, 'generation': 108}","{'id': 8055, 'rank': 4, 'fitness': 0.9802702354076367, 'generation': 108}","{'id': 7987, 'rank': 5, 'fitness': 0.9801244748088782, 'generation': 108}","{'id': 8022, 'rank': 6, 'fitness': 0.979557133012415, 'generation': 108}","{'id': 8056, 'rank': 7, 'fitness': 0.9789892183529756, 'generation': 108}","{'id': 7943, 'rank': 8, 'fitness': 0.9775997162282521, 'generation': 108}","{'id': 7943, 'rank': 9, 'fitness': 0.9775997162282521, 'generation': 108}","{'id': 7943, 'rank': 10, 'fitness': 0.9775997162282521, 'generation': 108}","{'id': 8000, 'rank': 11, 'fitness': 0.9775622728415013, 'generation': 108}","{'id': 7997, 'rank': 12, 'fitness': 0.9752581897973727, 'generation': 108}","{'id': 7935, 'rank': 13, 'fitness': 0.975222379220857, 'generation': 108}","{'id': 8011, 'rank': 14, 'fitness': 0.9742894226104682, 'generation': 108}","{'id': 7972, 'rank': 15, 'fitness': 0.9695327080866954, 'generation': 108}","{'id': 8083, 'rank': 16, 'fitness': 0.968912126841911, 'generation': 108}","{'id': 8083, 'rank': 17, 'fitness': 0.968912126841911, 'generation': 108}","{'id': 8008, 'rank': 18, 'fitness': 0.9660863024870507, 'generation': 108}","{'id': 8046, 'rank': 19, 'fitness': 0.9616556550215659, 'generation': 108}","{'id': 8046, 'rank': 20, 'fitness': 0.9616556550215659, 'generation': 108}","{'id': 8090, 'rank': 21, 'fitness': 0.9611375833346689, 'generation': 108}","{'id': 8015, 'rank': 22, 'fitness': 0.9562743083348129, 'generation': 108}","{'id': 8113, 'rank': 23, 'fitness': 0.8876731923903327, 'generation': 108}","{'id': 8108, 'rank': 24, 'fitness': 0.8658205118266803, 'generation': 108}","{'id': 8102, 'rank': 25, 'fitness': 0.7905562092129863, 'generation': 108}","{'id': 8049, 'rank': 26, 'fitness': 0.6402374013389249, 'generation': 108}","{'id': 8075, 'rank': 27, 'fitness': 0.45822954288646506, 'generation': 108}","{'id': 8072, 'rank': 28, 'fitness': 0.4389671021922076, 'generation': 108}","{'id': 8051, 'rank': 29, 'fitness': 0.13957896072802667, 'generation': 108}","{'id': 8074, 'rank': 30, 'fitness': 0.01798620996209155, 'generation': 108}"
"{'id': 8127, 'rank': 1, 'fitness': 0.9820137900379085, 'generation': 109}","{'id': 8157, 'rank': 2, 'fitness': 0.9820025971601456, 'generation': 109}","{'id': 8136, 'rank': 3, 'fitness': 0.9814009744004983, 'generation': 109}","{'id': 8118, 'rank': 4, 'fitness': 0.981348004273032, 'generation': 109}","{'id': 8022, 'rank': 5, 'fitness': 0.980980342897674, 'generation': 109}","{'id': 8199, 'rank': 6, 'fitness': 0.9801310453716027, 'generation': 109}","{'id': 8123, 'rank': 7, 'fitness': 0.9799957640210116, 'generation': 109}","{'id': 8123, 'rank': 8, 'fitness': 0.9799957640210116, 'generation': 109}","{'id': 8120, 'rank': 9, 'fitness': 0.9798621658337291, 'generation': 109}","{'id': 8122, 'rank': 10, 'fitness': 0.9796924109038978, 'generation': 109}","{'id': 7943, 'rank': 11, 'fitness': 0.979216261253486, 'generation': 109}","{'id': 8145, 'rank': 12, 'fitness': 0.9786420545316779, 'generation': 109}","{'id': 8130, 'rank': 13, 'fitness': 0.9784668398824468, 'generation': 109}","{'id': 8158, 'rank': 14, 'fitness': 0.9779347317019972, 'generation': 109}","{'id': 8166, 'rank': 15, 'fitness': 0.9774402367194948, 'generation': 109}","{'id': 8166, 'rank': 16, 'fitness': 0.9774402367194948, 'generation': 109}","{'id': 8133, 'rank': 17, 'fitness': 0.9771880086057182, 'generation': 109}","{'id': 7935, 'rank': 18, 'fitness': 0.9770794092445454, 'generation': 109}","{'id': 8011, 'rank': 19, 'fitness': 0.9762423772617383, 'generation': 109}","{'id': 8160, 'rank': 20, 'fitness': 0.9746542966822498, 'generation': 109}","{'id': 8152, 'rank': 21, 'fitness': 0.9737172507982406, 'generation': 109}","{'id': 8152, 'rank': 22, 'fitness': 0.9737172507982406, 'generation': 109}","{'id': 8165, 'rank': 23, 'fitness': 0.971308254542733, 'generation': 109}","{'id': 8194, 'rank': 24, 'fitness': 0.9703198543058693, 'generation': 109}","{'id': 8090, 'rank': 25, 'fitness': 0.9645154111370637, 'generation': 109}","{'id': 8169, 'rank': 26, 'fitness': 0.9629501148217329, 'generation': 109}","{'id': 8169, 'rank': 27, 'fitness': 0.9629501148217329, 'generation': 109}","{'id': 8149, 'rank': 28, 'fitness': 0.95507308256109, 'generation': 109}","{'id': 8102, 'rank': 29, 'fitness': 0.8148605469316943, 'generation': 109}","{'id': 8179, 'rank': 30, 'fitness': 0.01798620996209155, 'generation': 109}"
"{'id': 8127, 'rank': 1, 'fitness': 0.9820137900379085, 'generation': 110}","{'id': 8257, 'rank': 2, 'fitness': 0.9798406162086989, 'generation': 110}","{'id': 8257, 'rank': 3, 'fitness': 0.9798406162086989, 'generation': 110}","{'id': 8256, 'rank': 4, 'fitness': 0.9764578420158179, 'generation': 110}","{'id': 8118, 'rank': 5, 'fitness': 0.9755341784398701, 'generation': 110}","{'id': 8236, 'rank': 6, 'fitness': 0.974283462188861, 'generation': 110}","{'id': 8249, 'rank': 7, 'fitness': 0.9724358495234247, 'generation': 110}","{'id': 8123, 'rank': 8, 'fitness': 0.9560556516138257, 'generation': 110}","{'id': 8120, 'rank': 9, 'fitness': 0.9535685154163047, 'generation': 110}","{'id': 8254, 'rank': 10, 'fitness': 0.9419375325843764, 'generation': 110}","{'id': 8201, 'rank': 11, 'fitness': 0.9399814196766886, 'generation': 110}","{'id': 8201, 'rank': 12, 'fitness': 0.9399814196766886, 'generation': 110}","{'id': 8285, 'rank': 13, 'fitness': 0.9375852070752155, 'generation': 110}","{'id': 8225, 'rank': 14, 'fitness': 0.9305801243855522, 'generation': 110}","{'id': 8261, 'rank': 15, 'fitness': 0.9282759762468635, 'generation': 110}","{'id': 8264, 'rank': 16, 'fitness': 0.926933204984583, 'generation': 110}","{'id': 8145, 'rank': 17, 'fitness': 0.9250023496860204, 'generation': 110}","{'id': 8205, 'rank': 18, 'fitness': 0.9205689620833277, 'generation': 110}","{'id': 8229, 'rank': 19, 'fitness': 0.9075654079651954, 'generation': 110}","{'id': 8218, 'rank': 20, 'fitness': 0.9069656412931255, 'generation': 110}","{'id': 8133, 'rank': 21, 'fitness': 0.8744235645539382, 'generation': 110}","{'id': 8250, 'rank': 22, 'fitness': 0.8591066341888455, 'generation': 110}","{'id': 8222, 'rank': 23, 'fitness': 0.8342526069381109, 'generation': 110}","{'id': 8258, 'rank': 24, 'fitness': 0.7859445661037612, 'generation': 110}","{'id': 8152, 'rank': 25, 'fitness': 0.6700175122848422, 'generation': 110}","{'id': 8152, 'rank': 26, 'fitness': 0.6700175122848422, 'generation': 110}","{'id': 8194, 'rank': 27, 'fitness': 0.4125818390043212, 'generation': 110}","{'id': 8234, 'rank': 28, 'fitness': 0.10680745979282869, 'generation': 110}","{'id': 8234, 'rank': 29, 'fitness': 0.10680745979282869, 'generation': 110}","{'id': 8280, 'rank': 30, 'fitness': 0.01798620996209155, 'generation': 110}"
"{'id': 8307, 'rank': 1, 'fitness': 0.9820137900379085, 'generation': 111}","{'id': 8127, 'rank': 2, 'fitness': 0.9819476925110455, 'generation': 111}","{'id': 8127, 'rank': 3, 'fitness': 0.9819476925110455, 'generation': 111}","{'id': 8257, 'rank': 4, 'fitness': 0.9818079225807776, 'generation': 111}","{'id': 8249, 'rank': 5, 'fitness': 0.9814172404921242, 'generation': 111}","{'id': 8310, 'rank': 6, 'fitness': 0.980929763737332, 'generation': 111}","{'id': 8353, 'rank': 7, 'fitness': 0.9808846933478912, 'generation': 111}","{'id': 8327, 'rank': 8, 'fitness': 0.9805259891829821, 'generation': 111}","{'id': 8201, 'rank': 9, 'fitness': 0.9803898900331265, 'generation': 111}","{'id': 8201, 'rank': 10, 'fitness': 0.9803898900331265, 'generation': 111}","{'id': 8354, 'rank': 11, 'fitness': 0.980248206139998, 'generation': 111}","{'id': 8205, 'rank': 12, 'fitness': 0.9799949906800027, 'generation': 111}","{'id': 8229, 'rank': 13, 'fitness': 0.9797741762227405, 'generation': 111}","{'id': 8286, 'rank': 14, 'fitness': 0.979535924773795, 'generation': 111}","{'id': 8286, 'rank': 15, 'fitness': 0.979535924773795, 'generation': 111}","{'id': 8133, 'rank': 16, 'fitness': 0.979309029510937, 'generation': 111}","{'id': 8302, 'rank': 17, 'fitness': 0.9786232634851083, 'generation': 111}","{'id': 8326, 'rank': 18, 'fitness': 0.9784485056570216, 'generation': 111}","{'id': 8258, 'rank': 19, 'fitness': 0.9784145965099651, 'generation': 111}","{'id': 8258, 'rank': 20, 'fitness': 0.9784145965099651, 'generation': 111}","{'id': 8152, 'rank': 21, 'fitness': 0.9775530723092479, 'generation': 111}","{'id': 8152, 'rank': 22, 'fitness': 0.9775530723092479, 'generation': 111}","{'id': 8290, 'rank': 23, 'fitness': 0.9758135725264824, 'generation': 111}","{'id': 8234, 'rank': 24, 'fitness': 0.9729484533533624, 'generation': 111}","{'id': 8331, 'rank': 25, 'fitness': 0.9671911513344187, 'generation': 111}","{'id': 8347, 'rank': 26, 'fitness': 0.9658753078520648, 'generation': 111}","{'id': 8320, 'rank': 27, 'fitness': 0.9654464896991786, 'generation': 111}","{'id': 8301, 'rank': 28, 'fitness': 0.9590084177815947, 'generation': 111}","{'id': 8335, 'rank': 29, 'fitness': 0.955830721596061, 'generation': 111}","{'id': 8341, 'rank': 30, 'fitness': 0.01798620996209155, 'generation': 111}"
"{'id': 8127, 'rank': 1, 'fitness': 0.9820137900379085, 'generation': 112}","{'id': 8127, 'rank': 2, 'fitness': 0.9820137900379085, 'generation': 112}","{'id': 8358, 'rank': 3, 'fitness': 0.9813453729752148, 'generation': 112}","{'id': 8372, 'rank': 4, 'fitness': 0.9656991127849839, 'generation': 112}","{'id': 8327, 'rank': 5, 'fitness': 0.9245588378469414, 'generation': 112}","{'id': 8327, 'rank': 6, 'fitness': 0.9245588378469414, 'generation': 112}","{'id': 8201, 'rank': 7, 'fitness': 0.9144009979704111, 'generation': 112}","{'id': 8201, 'rank': 8, 'fitness': 0.9144009979704111, 'generation': 112}","{'id': 8447, 'rank': 9, 'fitness': 0.902156601117134, 'generation': 112}","{'id': 8447, 'rank': 10, 'fitness': 0.902156601117134, 'generation': 112}","{'id': 8422, 'rank': 11, 'fitness': 0.8996866914729524, 'generation': 112}","{'id': 8377, 'rank': 12, 'fitness': 0.8931625726979265, 'generation': 112}","{'id': 8205, 'rank': 13, 'fitness': 0.8781727440418932, 'generation': 112}","{'id': 8205, 'rank': 14, 'fitness': 0.8781727440418932, 'generation': 112}","{'id': 8286, 'rank': 15, 'fitness': 0.8216280566077381, 'generation': 112}","{'id': 8133, 'rank': 16, 'fitness': 0.7874627424300907, 'generation': 112}","{'id': 8133, 'rank': 17, 'fitness': 0.7874627424300907, 'generation': 112}","{'id': 8402, 'rank': 18, 'fitness': 0.742358751213487, 'generation': 112}","{'id': 8391, 'rank': 19, 'fitness': 0.6938861905905314, 'generation': 112}","{'id': 8302, 'rank': 20, 'fitness': 0.6605163515532888, 'generation': 112}","{'id': 8326, 'rank': 21, 'fitness': 0.62356045423718, 'generation': 112}","{'id': 8258, 'rank': 22, 'fitness': 0.61623887138933, 'generation': 112}","{'id': 8436, 'rank': 23, 'fitness': 0.610621736240656, 'generation': 112}","{'id': 8366, 'rank': 24, 'fitness': 0.5235612246706386, 'generation': 112}","{'id': 8390, 'rank': 25, 'fitness': 0.29750714268802536, 'generation': 112}","{'id': 8442, 'rank': 26, 'fitness': 0.25739625069676864, 'generation': 112}","{'id': 8369, 'rank': 27, 'fitness': 0.2133799664163029, 'generation': 112}","{'id': 8364, 'rank': 28, 'fitness': 0.2108898739209178, 'generation': 112}","{'id': 8357, 'rank': 29, 'fitness': 0.06186325209357857, 'generation': 112}","{'id': 8234, 'rank': 30, 'fitness': 0.01798620996209155, 'generation': 112}"
"{'id': 8127, 'rank': 1, 'fitness': 0.9820137900379085, 'generation': 113}","{'id': 8127, 'rank': 2, 'fitness': 0.9820137900379085, 'generation': 113}","{'id': 8127, 'rank': 3, 'fitness': 0.9820137900379085, 'generation': 113}","{'id': 8358, 'rank': 4, 'fitness': 0.9819974447158325, 'generation': 113}","{'id': 8358, 'rank': 5, 'fitness': 0.9819974447158325, 'generation': 113}","{'id': 8485, 'rank': 6, 'fitness': 0.9818466798613104, 'generation': 113}","{'id': 8485, 'rank': 7, 'fitness': 0.9818466798613104, 'generation': 113}","{'id': 8372, 'rank': 8, 'fitness': 0.9817203417807561, 'generation': 113}","{'id': 8503, 'rank': 9, 'fitness': 0.9816166277997926, 'generation': 113}","{'id': 8201, 'rank': 10, 'fitness': 0.9812824926467538, 'generation': 113}","{'id': 8205, 'rank': 11, 'fitness': 0.9811018465475352, 'generation': 113}","{'id': 8133, 'rank': 12, 'fitness': 0.980792300496814, 'generation': 113}","{'id': 8402, 'rank': 13, 'fitness': 0.9806740680122389, 'generation': 113}","{'id': 8492, 'rank': 14, 'fitness': 0.9802090554210647, 'generation': 113}","{'id': 8469, 'rank': 15, 'fitness': 0.9798343269123556, 'generation': 113}","{'id': 8364, 'rank': 16, 'fitness': 0.979520080178828, 'generation': 113}","{'id': 8465, 'rank': 17, 'fitness': 0.9794125191821504, 'generation': 113}","{'id': 8491, 'rank': 18, 'fitness': 0.9793677029846235, 'generation': 113}","{'id': 8491, 'rank': 19, 'fitness': 0.9793677029846235, 'generation': 113}","{'id': 8234, 'rank': 20, 'fitness': 0.9781382610627387, 'generation': 113}","{'id': 8477, 'rank': 21, 'fitness': 0.9711778004110958, 'generation': 113}","{'id': 8457, 'rank': 22, 'fitness': 0.9707923477951539, 'generation': 113}","{'id': 8511, 'rank': 23, 'fitness': 0.9672440830720224, 'generation': 113}","{'id': 8512, 'rank': 24, 'fitness': 0.9599191877261863, 'generation': 113}","{'id': 8472, 'rank': 25, 'fitness': 0.9385367285667839, 'generation': 113}","{'id': 8472, 'rank': 26, 'fitness': 0.9385367285667839, 'generation': 113}","{'id': 8493, 'rank': 27, 'fitness': 0.7886310144443383, 'generation': 113}","{'id': 8506, 'rank': 28, 'fitness': 0.6358511100175113, 'generation': 113}","{'id': 8507, 'rank': 29, 'fitness': 0.6281286114633398, 'generation': 113}","{'id': 8475, 'rank': 30, 'fitness': 0.01798620996209155, 'generation': 113}"
"{'id': 8520, 'rank': 1, 'fitness': 0.9820137900379085, 'generation': 114}","{'id': 8599, 'rank': 2, 'fitness': 0.9814752536992459, 'generation': 114}","{'id': 8584, 'rank': 3, 'fitness': 0.9808242695462012, 'generation': 114}","{'id': 8127, 'rank': 4, 'fitness': 0.980686038171642, 'generation': 114}","{'id': 8127, 'rank': 5, 'fitness': 0.980686038171642, 'generation': 114}","{'id': 8358, 'rank': 6, 'fitness': 0.9806342087563817, 'generation': 114}","{'id': 8485, 'rank': 7, 'fitness': 0.9801518977580259, 'generation': 114}","{'id': 8485, 'rank': 8, 'fitness': 0.9801518977580259, 'generation': 114}","{'id': 8485, 'rank': 9, 'fitness': 0.9801518977580259, 'generation': 114}","{'id': 8485, 'rank': 10, 'fitness': 0.9801518977580259, 'generation': 114}","{'id': 8596, 'rank': 11, 'fitness': 0.979972256921539, 'generation': 114}","{'id': 8566, 'rank': 12, 'fitness': 0.9798869278091116, 'generation': 114}","{'id': 8583, 'rank': 13, 'fitness': 0.9797104564410914, 'generation': 114}","{'id': 8583, 'rank': 14, 'fitness': 0.9797104564410914, 'generation': 114}","{'id': 8528, 'rank': 15, 'fitness': 0.9785530848114354, 'generation': 114}","{'id': 8521, 'rank': 16, 'fitness': 0.97836420589182, 'generation': 114}","{'id': 8521, 'rank': 17, 'fitness': 0.97836420589182, 'generation': 114}","{'id': 8589, 'rank': 18, 'fitness': 0.9782905517224457, 'generation': 114}","{'id': 8563, 'rank': 19, 'fitness': 0.9776015594487919, 'generation': 114}","{'id': 8565, 'rank': 20, 'fitness': 0.9771439869282399, 'generation': 114}","{'id': 8557, 'rank': 21, 'fitness': 0.9767504431739833, 'generation': 114}","{'id': 8492, 'rank': 22, 'fitness': 0.9744066800404957, 'generation': 114}","{'id': 8593, 'rank': 23, 'fitness': 0.9729915562701908, 'generation': 114}","{'id': 8551, 'rank': 24, 'fitness': 0.9713308334242166, 'generation': 114}","{'id': 8491, 'rank': 25, 'fitness': 0.9710824171215706, 'generation': 114}","{'id': 8515, 'rank': 26, 'fitness': 0.9667505703116921, 'generation': 114}","{'id': 8579, 'rank': 27, 'fitness': 0.9628003206672016, 'generation': 114}","{'id': 8574, 'rank': 28, 'fitness': 0.9626459167719472, 'generation': 114}","{'id': 8472, 'rank': 29, 'fitness': 0.5407185751688267, 'generation': 114}","{'id': 8493, 'rank': 30, 'fitness': 0.01798620996209155, 'generation': 114}"
"{'id': 8623, 'rank': 1, 'fitness': 0.9820137900379085, 'generation': 115}","{'id': 8635, 'rank': 2, 'fitness': 0.958388180608445, 'generation': 115}","{'id': 8635, 'rank': 3, 'fitness': 0.958388180608445, 'generation': 115}","{'id': 8599, 'rank': 4, 'fitness': 0.9505708086696806, 'generation': 115}","{'id': 8685, 'rank': 5, 'fitness': 0.9499722701815103, 'generation': 115}","{'id': 8637, 'rank': 6, 'fitness': 0.9421385370287552, 'generation': 115}","{'id': 8680, 'rank': 7, 'fitness': 0.9410176549944209, 'generation': 115}","{'id': 8127, 'rank': 8, 'fitness': 0.9374790736883402, 'generation': 115}","{'id': 8358, 'rank': 9, 'fitness': 0.9365352643477018, 'generation': 115}","{'id': 8485, 'rank': 10, 'fitness': 0.9272288281766637, 'generation': 115}","{'id': 8485, 'rank': 11, 'fitness': 0.9272288281766637, 'generation': 115}","{'id': 8657, 'rank': 12, 'fitness': 0.9265913135176842, 'generation': 115}","{'id': 8596, 'rank': 13, 'fitness': 0.9235146346876736, 'generation': 115}","{'id': 8675, 'rank': 14, 'fitness': 0.9232693122216692, 'generation': 115}","{'id': 8664, 'rank': 15, 'fitness': 0.9106636768839689, 'generation': 115}","{'id': 8662, 'rank': 16, 'fitness': 0.9016149673854199, 'generation': 115}","{'id': 8670, 'rank': 17, 'fitness': 0.8945571836184262, 'generation': 115}","{'id': 8521, 'rank': 18, 'fitness': 0.8838676841388621, 'generation': 115}","{'id': 8632, 'rank': 19, 'fitness': 0.8789907670357029, 'generation': 115}","{'id': 8632, 'rank': 20, 'fitness': 0.8789907670357029, 'generation': 115}","{'id': 8627, 'rank': 21, 'fitness': 0.865915936970256, 'generation': 115}","{'id': 8655, 'rank': 22, 'fitness': 0.8536745224649899, 'generation': 115}","{'id': 8557, 'rank': 23, 'fitness': 0.8318774192899077, 'generation': 115}","{'id': 8666, 'rank': 24, 'fitness': 0.8174934995394982, 'generation': 115}","{'id': 8602, 'rank': 25, 'fitness': 0.8159481947406091, 'generation': 115}","{'id': 8609, 'rank': 26, 'fitness': 0.4407216657407218, 'generation': 115}","{'id': 8625, 'rank': 27, 'fitness': 0.3759261262291068, 'generation': 115}","{'id': 8515, 'rank': 28, 'fitness': 0.36481190927157503, 'generation': 115}","{'id': 8649, 'rank': 29, 'fitness': 0.23924817415818334, 'generation': 115}","{'id': 8684, 'rank': 30, 'fitness': 0.01798620996209155, 'generation': 115}"
"{'id': 8760, 'rank': 1, 'fitness': 0.9820137900379085, 'generation': 116}","{'id': 8635, 'rank': 2, 'fitness': 0.9701999211444933, 'generation': 116}","{'id': 8738, 'rank': 3, 'fitness': 0.9687575899367836, 'generation': 116}","{'id': 8702, 'rank': 4, 'fitness': 0.9678603962775294, 'generation': 116}","{'id': 8702, 'rank': 5, 'fitness': 0.9678603962775294, 'generation': 116}","{'id': 8599, 'rank': 6, 'fitness': 0.9675480965339389, 'generation': 116}","{'id': 8485, 'rank': 7, 'fitness': 0.9606147013503851, 'generation': 116}","{'id': 8657, 'rank': 8, 'fitness': 0.9604406412374782, 'generation': 116}","{'id': 8716, 'rank': 9, 'fitness': 0.9538332402320606, 'generation': 116}","{'id': 8521, 'rank': 10, 'fitness': 0.9499212485610407, 'generation': 116}","{'id': 8521, 'rank': 11, 'fitness': 0.9499212485610407, 'generation': 116}","{'id': 8736, 'rank': 12, 'fitness': 0.9438151848627641, 'generation': 116}","{'id': 8655, 'rank': 13, 'fitness': 0.943378466550818, 'generation': 116}","{'id': 8758, 'rank': 14, 'fitness': 0.9347459564231723, 'generation': 116}","{'id': 8713, 'rank': 15, 'fitness': 0.9186864413243778, 'generation': 116}","{'id': 8609, 'rank': 16, 'fitness': 0.8625219788489011, 'generation': 116}","{'id': 8515, 'rank': 17, 'fitness': 0.8431800462177541, 'generation': 116}","{'id': 8742, 'rank': 18, 'fitness': 0.7895237136823141, 'generation': 116}","{'id': 8715, 'rank': 19, 'fitness': 0.7884574381594325, 'generation': 116}","{'id': 8715, 'rank': 20, 'fitness': 0.7884574381594325, 'generation': 116}","{'id': 8687, 'rank': 21, 'fitness': 0.7142505446762786, 'generation': 116}","{'id': 8695, 'rank': 22, 'fitness': 0.6873725048786413, 'generation': 116}","{'id': 8695, 'rank': 23, 'fitness': 0.6873725048786413, 'generation': 116}","{'id': 8696, 'rank': 24, 'fitness': 0.5923123978731112, 'generation': 116}","{'id': 8684, 'rank': 25, 'fitness': 0.5002905568786508, 'generation': 116}","{'id': 8707, 'rank': 26, 'fitness': 0.14568990995692888, 'generation': 116}","{'id': 8722, 'rank': 27, 'fitness': 0.12079630683076481, 'generation': 116}","{'id': 8711, 'rank': 28, 'fitness': 0.0789412281559041, 'generation': 116}","{'id': 8726, 'rank': 29, 'fitness': 0.027515744141813514, 'generation': 116}","{'id': 8730, 'rank': 30, 'fitness': 0.01798620996209155, 'generation': 116}"
"{'id': 8785, 'rank': 1, 'fitness': 0.9820137900379085, 'generation': 117}","{'id': 8738, 'rank': 2, 'fitness': 0.9808989555605088, 'generation': 117}","{'id': 8702, 'rank': 3, 'fitness': 0.9808347273770397, 'generation': 117}","{'id': 8702, 'rank': 4, 'fitness': 0.9808347273770397, 'generation': 117}","{'id': 8702, 'rank': 5, 'fitness': 0.9808347273770397, 'generation': 117}","{'id': 8822, 'rank': 6, 'fitness': 0.9808199759715033, 'generation': 117}","{'id': 8787, 'rank': 7, 'fitness': 0.9806885178778397, 'generation': 117}","{'id': 8782, 'rank': 8, 'fitness': 0.9802545398908432, 'generation': 117}","{'id': 8782, 'rank': 9, 'fitness': 0.9802545398908432, 'generation': 117}","{'id': 8716, 'rank': 10, 'fitness': 0.9799879123722586, 'generation': 117}","{'id': 8790, 'rank': 11, 'fitness': 0.9799252987396583, 'generation': 117}","{'id': 8655, 'rank': 12, 'fitness': 0.9794880170729545, 'generation': 117}","{'id': 8789, 'rank': 13, 'fitness': 0.9791380432196084, 'generation': 117}","{'id': 8758, 'rank': 14, 'fitness': 0.979129674365522, 'generation': 117}","{'id': 8770, 'rank': 15, 'fitness': 0.9790689264992629, 'generation': 117}","{'id': 8821, 'rank': 16, 'fitness': 0.9790485644213701, 'generation': 117}","{'id': 8765, 'rank': 17, 'fitness': 0.978815755936018, 'generation': 117}","{'id': 8713, 'rank': 18, 'fitness': 0.9785543354563775, 'generation': 117}","{'id': 8812, 'rank': 19, 'fitness': 0.9783066499777482, 'generation': 117}","{'id': 8809, 'rank': 20, 'fitness': 0.97800560781012, 'generation': 117}","{'id': 8814, 'rank': 21, 'fitness': 0.9777514093788069, 'generation': 117}","{'id': 8742, 'rank': 22, 'fitness': 0.9756720181209506, 'generation': 117}","{'id': 8715, 'rank': 23, 'fitness': 0.9756542178606545, 'generation': 117}","{'id': 8715, 'rank': 24, 'fitness': 0.9756542178606545, 'generation': 117}","{'id': 8774, 'rank': 25, 'fitness': 0.9743849742076012, 'generation': 117}","{'id': 8807, 'rank': 26, 'fitness': 0.9738466310010152, 'generation': 117}","{'id': 8805, 'rank': 27, 'fitness': 0.9735820556952264, 'generation': 117}","{'id': 8726, 'rank': 28, 'fitness': 0.9576886153698747, 'generation': 117}","{'id': 8794, 'rank': 29, 'fitness': 0.8939968522905444, 'generation': 117}","{'id': 8819, 'rank': 30, 'fitness': 0.01798620996209155, 'generation': 117}"
"{'id': 8881, 'rank': 1, 'fitness': 0.9820137900379085, 'generation': 118}","{'id': 8827, 'rank': 2, 'fitness': 0.9777529671135627, 'generation': 118}","{'id': 8860, 'rank': 3, 'fitness': 0.9777075669946622, 'generation': 118}","{'id': 8702, 'rank': 4, 'fitness': 0.9774959660398568, 'generation': 118}","{'id': 8702, 'rank': 5, 'fitness': 0.9774959660398568, 'generation': 118}","{'id': 8856, 'rank': 6, 'fitness': 0.9774415989847933, 'generation': 118}","{'id': 8857, 'rank': 7, 'fitness': 0.9773289106560998, 'generation': 118}","{'id': 8876, 'rank': 8, 'fitness': 0.976964031645956, 'generation': 118}","{'id': 8862, 'rank': 9, 'fitness': 0.9767626137184977, 'generation': 118}","{'id': 8910, 'rank': 10, 'fitness': 0.9766001416580116, 'generation': 118}","{'id': 8867, 'rank': 11, 'fitness': 0.9761918314722169, 'generation': 118}","{'id': 8782, 'rank': 12, 'fitness': 0.9744244015174708, 'generation': 118}","{'id': 8782, 'rank': 13, 'fitness': 0.9744244015174708, 'generation': 118}","{'id': 8880, 'rank': 14, 'fitness': 0.9739150547218283, 'generation': 118}","{'id': 8855, 'rank': 15, 'fitness': 0.9733071257910573, 'generation': 118}","{'id': 8716, 'rank': 16, 'fitness': 0.9729126049556365, 'generation': 118}","{'id': 8872, 'rank': 17, 'fitness': 0.9726467270762511, 'generation': 118}","{'id': 8904, 'rank': 18, 'fitness': 0.9717784192764274, 'generation': 118}","{'id': 8848, 'rank': 19, 'fitness': 0.9703839600903934, 'generation': 118}","{'id': 8655, 'rank': 20, 'fitness': 0.9699005336404185, 'generation': 118}","{'id': 8858, 'rank': 21, 'fitness': 0.9693649240445726, 'generation': 118}","{'id': 8831, 'rank': 22, 'fitness': 0.9689807898111442, 'generation': 118}","{'id': 8868, 'rank': 23, 'fitness': 0.968224501307422, 'generation': 118}","{'id': 8870, 'rank': 24, 'fitness': 0.967845009879249, 'generation': 118}","{'id': 8870, 'rank': 25, 'fitness': 0.967845009879249, 'generation': 118}","{'id': 8770, 'rank': 26, 'fitness': 0.9671902215523565, 'generation': 118}","{'id': 8821, 'rank': 27, 'fitness': 0.9670541161059347, 'generation': 118}","{'id': 8906, 'rank': 28, 'fitness': 0.9657832819665251, 'generation': 118}","{'id': 8812, 'rank': 29, 'fitness': 0.9618061190105133, 'generation': 118}","{'id': 8794, 'rank': 30, 'fitness': 0.01798620996209155, 'generation': 118}"
"{'id': 8978, 'rank': 1, 'fitness': 0.9820137900379085, 'generation': 119}","{'id': 8978, 'rank': 2, 'fitness': 0.9820137900379085, 'generation': 119}","{'id': 8977, 'rank': 3, 'fitness': 0.9731871797831058, 'generation': 119}","{'id': 8979, 'rank': 4, 'fitness': 0.9672236184676064, 'generation': 119}","{'id': 8916, 'rank': 5, 'fitness': 0.9573117970382532, 'generation': 119}","{'id': 8989, 'rank': 6, 'fitness': 0.9345972447518058, 'generation': 119}","{'id': 8933, 'rank': 7, 'fitness': 0.9268651570559259, 'generation': 119}","{'id': 8930, 'rank': 8, 'fitness': 0.9151842940092489, 'generation': 119}","{'id': 8929, 'rank': 9, 'fitness': 0.9038447647714558, 'generation': 119}","{'id': 8827, 'rank': 10, 'fitness': 0.8947660991434758, 'generation': 119}","{'id': 8702, 'rank': 11, 'fitness': 0.884526704819831, 'generation': 119}","{'id': 8910, 'rank': 12, 'fitness': 0.843053042780416, 'generation': 119}","{'id': 8973, 'rank': 13, 'fitness': 0.8359243281978348, 'generation': 119}","{'id': 8867, 'rank': 14, 'fitness': 0.8210891859083327, 'generation': 119}","{'id': 8953, 'rank': 15, 'fitness': 0.814781046461392, 'generation': 119}","{'id': 8927, 'rank': 16, 'fitness': 0.6337838724471963, 'generation': 119}","{'id': 8950, 'rank': 17, 'fitness': 0.5973209149933463, 'generation': 119}","{'id': 8872, 'rank': 18, 'fitness': 0.5642467967725739, 'generation': 119}","{'id': 8939, 'rank': 19, 'fitness': 0.5538895485807672, 'generation': 119}","{'id': 8988, 'rank': 20, 'fitness': 0.47378143456080557, 'generation': 119}","{'id': 8943, 'rank': 21, 'fitness': 0.4703361727321709, 'generation': 119}","{'id': 8943, 'rank': 22, 'fitness': 0.4703361727321709, 'generation': 119}","{'id': 8965, 'rank': 23, 'fitness': 0.4004301937319504, 'generation': 119}","{'id': 8858, 'rank': 24, 'fitness': 0.31472483465346823, 'generation': 119}","{'id': 8870, 'rank': 25, 'fitness': 0.22755162612118285, 'generation': 119}","{'id': 8957, 'rank': 26, 'fitness': 0.16993565776293645, 'generation': 119}","{'id': 8937, 'rank': 27, 'fitness': 0.16057348291938445, 'generation': 119}","{'id': 8981, 'rank': 28, 'fitness': 0.11948940706511091, 'generation': 119}","{'id': 8948, 'rank': 29, 'fitness': 0.09578735923194859, 'generation': 119}","{'id': 8921, 'rank': 30, 'fitness': 0.01798620996209155, 'generation': 119}"
"{'id': 8978, 'rank': 1, 'fitness': 0.9820137900379085, 'generation': 120}","{'id': 9030, 'rank': 2, 'fitness': 0.981961460752484, 'generation': 120}","{'id': 9030, 'rank': 3, 'fitness': 0.981961460752484, 'generation': 120}","{'id': 9030, 'rank': 4, 'fitness': 0.981961460752484, 'generation': 120}","{'id': 8916, 'rank': 5, 'fitness': 0.9819087897215719, 'generation': 120}","{'id': 9031, 'rank': 6, 'fitness': 0.9818744552331437, 'generation': 120}","{'id': 9051, 'rank': 7, 'fitness': 0.9818440510332401, 'generation': 120}","{'id': 8933, 'rank': 8, 'fitness': 0.9818411272474333, 'generation': 120}","{'id': 8930, 'rank': 9, 'fitness': 0.9818220110694951, 'generation': 120}","{'id': 8702, 'rank': 10, 'fitness': 0.9817812274173984, 'generation': 120}","{'id': 9033, 'rank': 11, 'fitness': 0.9817481426674823, 'generation': 120}","{'id': 9036, 'rank': 12, 'fitness': 0.9817427461628008, 'generation': 120}","{'id': 8910, 'rank': 13, 'fitness': 0.9817388897549807, 'generation': 120}","{'id': 8867, 'rank': 14, 'fitness': 0.9817200841008524, 'generation': 120}","{'id': 8867, 'rank': 15, 'fitness': 0.9817200841008524, 'generation': 120}","{'id': 9035, 'rank': 16, 'fitness': 0.981670640530539, 'generation': 120}","{'id': 8927, 'rank': 17, 'fitness': 0.9816031220753898, 'generation': 120}","{'id': 8943, 'rank': 18, 'fitness': 0.9815226731155368, 'generation': 120}","{'id': 8858, 'rank': 19, 'fitness': 0.9814428438980678, 'generation': 120}","{'id': 9034, 'rank': 20, 'fitness': 0.9813530923946148, 'generation': 120}","{'id': 9034, 'rank': 21, 'fitness': 0.9813530923946148, 'generation': 120}","{'id': 8981, 'rank': 22, 'fitness': 0.9812943405121698, 'generation': 120}","{'id': 8948, 'rank': 23, 'fitness': 0.9812640312659733, 'generation': 120}","{'id': 8999, 'rank': 24, 'fitness': 0.9811760611469194, 'generation': 120}","{'id': 8999, 'rank': 25, 'fitness': 0.9811760611469194, 'generation': 120}","{'id': 8999, 'rank': 26, 'fitness': 0.9811760611469194, 'generation': 120}","{'id': 8998, 'rank': 27, 'fitness': 0.980693404493711, 'generation': 120}","{'id': 9003, 'rank': 28, 'fitness': 0.9790497298921244, 'generation': 120}","{'id': 9039, 'rank': 29, 'fitness': 0.8029287007630405, 'generation': 120}","{'id': 9000, 'rank': 30, 'fitness': 0.01798620996209155, 'generation': 120}"
"{'id': 9074, 'rank': 1, 'fitness': 0.9820137900379085, 'generation': 121}","{'id': 9122, 'rank': 2, 'fitness': 0.9777581930263152, 'generation': 121}","{'id': 9030, 'rank': 3, 'fitness': 0.9731712807091912, 'generation': 121}","{'id': 9128, 'rank': 4, 'fitness': 0.9731313462966003, 'generation': 121}","{'id': 9146, 'rank': 5, 'fitness': 0.9689025374910556, 'generation': 121}","{'id': 9149, 'rank': 6, 'fitness': 0.9640458734233328, 'generation': 121}","{'id': 9126, 'rank': 7, 'fitness': 0.961812519833387, 'generation': 121}","{'id': 9145, 'rank': 8, 'fitness': 0.9459150065298603, 'generation': 121}","{'id': 9148, 'rank': 9, 'fitness': 0.9281982573259397, 'generation': 121}","{'id': 8933, 'rank': 10, 'fitness': 0.9276170146032177, 'generation': 121}","{'id': 8930, 'rank': 11, 'fitness': 0.9157524577264458, 'generation': 121}","{'id': 9127, 'rank': 12, 'fitness': 0.9152806057607229, 'generation': 121}","{'id': 9155, 'rank': 13, 'fitness': 0.914874167075675, 'generation': 121}","{'id': 9159, 'rank': 14, 'fitness': 0.9089218324912128, 'generation': 121}","{'id': 9072, 'rank': 15, 'fitness': 0.9010539381604826, 'generation': 121}","{'id': 9087, 'rank': 16, 'fitness': 0.8850454652176081, 'generation': 121}","{'id': 8702, 'rank': 17, 'fitness': 0.8844493142722409, 'generation': 121}","{'id': 9124, 'rank': 18, 'fitness': 0.8844037845834618, 'generation': 121}","{'id': 9144, 'rank': 19, 'fitness': 0.8650265388641842, 'generation': 121}","{'id': 9033, 'rank': 20, 'fitness': 0.8521166626662202, 'generation': 121}","{'id': 9132, 'rank': 21, 'fitness': 0.5794291391119931, 'generation': 121}","{'id': 9080, 'rank': 22, 'fitness': 0.5691022851934326, 'generation': 121}","{'id': 9129, 'rank': 23, 'fitness': 0.5459698855303173, 'generation': 121}","{'id': 9071, 'rank': 24, 'fitness': 0.40160643658855494, 'generation': 121}","{'id': 9068, 'rank': 25, 'fitness': 0.3191435880550837, 'generation': 121}","{'id': 8858, 'rank': 26, 'fitness': 0.3003981956345134, 'generation': 121}","{'id': 9106, 'rank': 27, 'fitness': 0.14409727276273582, 'generation': 121}","{'id': 8999, 'rank': 28, 'fitness': 0.0439221580728017, 'generation': 121}","{'id': 9138, 'rank': 29, 'fitness': 0.03256963624851145, 'generation': 121}","{'id': 9137, 'rank': 30, 'fitness': 0.01798620996209155, 'generation': 121}"
"{'id': 9216, 'rank': 1, 'fitness': 0.9820137900379085, 'generation': 122}","{'id': 9216, 'rank': 2, 'fitness': 0.9820137900379085, 'generation': 122}","{'id': 9122, 'rank': 3, 'fitness': 0.9819444179048047, 'generation': 122}","{'id': 9122, 'rank': 4, 'fitness': 0.9819444179048047, 'generation': 122}","{'id': 9180, 'rank': 5, 'fitness': 0.9819185339028135, 'generation': 122}","{'id': 9128, 'rank': 6, 'fitness': 0.9819102332237795, 'generation': 122}","{'id': 9146, 'rank': 7, 'fitness': 0.9818836291509662, 'generation': 122}","{'id': 9149, 'rank': 8, 'fitness': 0.9818570536582794, 'generation': 122}","{'id': 9228, 'rank': 9, 'fitness': 0.9817358134173195, 'generation': 122}","{'id': 9228, 'rank': 10, 'fitness': 0.9817358134173195, 'generation': 122}","{'id': 8933, 'rank': 11, 'fitness': 0.9817258251899478, 'generation': 122}","{'id': 9127, 'rank': 12, 'fitness': 0.9816953387651451, 'generation': 122}","{'id': 9178, 'rank': 13, 'fitness': 0.9816557324761439, 'generation': 122}","{'id': 8702, 'rank': 14, 'fitness': 0.9816336591058522, 'generation': 122}","{'id': 9132, 'rank': 15, 'fitness': 0.9813237060628102, 'generation': 122}","{'id': 9080, 'rank': 16, 'fitness': 0.9813160066485742, 'generation': 122}","{'id': 9219, 'rank': 17, 'fitness': 0.9812872302148123, 'generation': 122}","{'id': 9219, 'rank': 18, 'fitness': 0.9812872302148123, 'generation': 122}","{'id': 9217, 'rank': 19, 'fitness': 0.981200438414721, 'generation': 122}","{'id': 8858, 'rank': 20, 'fitness': 0.9811100587031809, 'generation': 122}","{'id': 8858, 'rank': 21, 'fitness': 0.9811100587031809, 'generation': 122}","{'id': 9233, 'rank': 22, 'fitness': 0.9809303254908087, 'generation': 122}","{'id': 9233, 'rank': 23, 'fitness': 0.9809303254908087, 'generation': 122}","{'id': 9163, 'rank': 24, 'fitness': 0.9786247579372602, 'generation': 122}","{'id': 9171, 'rank': 25, 'fitness': 0.978212808031473, 'generation': 122}","{'id': 9171, 'rank': 26, 'fitness': 0.978212808031473, 'generation': 122}","{'id': 9226, 'rank': 27, 'fitness': 0.9779153081277787, 'generation': 122}","{'id': 9225, 'rank': 28, 'fitness': 0.9762623009681031, 'generation': 122}","{'id': 9190, 'rank': 29, 'fitness': 0.9755854535438437, 'generation': 122}","{'id': 9191, 'rank': 30, 'fitness': 0.01798620996209155, 'generation': 122}"
"{'id': 9245, 'rank': 1, 'fitness': 0.9820137900379085, 'generation': 123}","{'id': 9216, 'rank': 2, 'fitness': 0.9744612751867006, 'generation': 123}","{'id': 9122, 'rank': 3, 'fitness': 0.9699655671032492, 'generation': 123}","{'id': 9180, 'rank': 4, 'fitness': 0.9681037624925426, 'generation': 123}","{'id': 9250, 'rank': 5, 'fitness': 0.9669797791204633, 'generation': 123}","{'id': 9272, 'rank': 6, 'fitness': 0.9616281310947215, 'generation': 123}","{'id': 9249, 'rank': 7, 'fitness': 0.9605100455092241, 'generation': 123}","{'id': 9329, 'rank': 8, 'fitness': 0.9535560682091719, 'generation': 123}","{'id': 9305, 'rank': 9, 'fitness': 0.9534279082957562, 'generation': 123}","{'id': 9228, 'rank': 10, 'fitness': 0.9515328232393735, 'generation': 123}","{'id': 9264, 'rank': 11, 'fitness': 0.9508241259891329, 'generation': 123}","{'id': 9264, 'rank': 12, 'fitness': 0.9508241259891329, 'generation': 123}","{'id': 9328, 'rank': 13, 'fitness': 0.9429631837415582, 'generation': 123}","{'id': 9257, 'rank': 14, 'fitness': 0.9282676307468591, 'generation': 123}","{'id': 9262, 'rank': 15, 'fitness': 0.926508084700435, 'generation': 123}","{'id': 9265, 'rank': 16, 'fitness': 0.9237961590518893, 'generation': 123}","{'id': 9304, 'rank': 17, 'fitness': 0.9209164334753512, 'generation': 123}","{'id': 9304, 'rank': 18, 'fitness': 0.9209164334753512, 'generation': 123}","{'id': 9246, 'rank': 19, 'fitness': 0.9119857963650819, 'generation': 123}","{'id': 9246, 'rank': 20, 'fitness': 0.9119857963650819, 'generation': 123}","{'id': 9271, 'rank': 21, 'fitness': 0.9069517687801232, 'generation': 123}","{'id': 9282, 'rank': 22, 'fitness': 0.8820521381586148, 'generation': 123}","{'id': 9132, 'rank': 23, 'fitness': 0.8818523927462116, 'generation': 123}","{'id': 9132, 'rank': 24, 'fitness': 0.8818523927462116, 'generation': 123}","{'id': 9217, 'rank': 25, 'fitness': 0.84875654393845, 'generation': 123}","{'id': 8858, 'rank': 26, 'fitness': 0.8200859875741154, 'generation': 123}","{'id': 9292, 'rank': 27, 'fitness': 0.8173158725069509, 'generation': 123}","{'id': 9287, 'rank': 28, 'fitness': 0.739409119164631, 'generation': 123}","{'id': 9289, 'rank': 29, 'fitness': 0.2502296460161261, 'generation': 123}","{'id': 9276, 'rank': 30, 'fitness': 0.01798620996209155, 'generation': 123}"
"{'id': 9354, 'rank': 1, 'fitness': 0.9820137900379085, 'generation': 124}","{'id': 9245, 'rank': 2, 'fitness': 0.9817001380506697, 'generation': 124}","{'id': 9122, 'rank': 3, 'fitness': 0.9774398508450004, 'generation': 124}","{'id': 9250, 'rank': 4, 'fitness': 0.9765449743154591, 'generation': 124}","{'id': 9329, 'rank': 5, 'fitness': 0.9729975662220032, 'generation': 124}","{'id': 9228, 'rank': 6, 'fitness': 0.9725148918288551, 'generation': 124}","{'id': 9264, 'rank': 7, 'fitness': 0.9723484286131113, 'generation': 124}","{'id': 9382, 'rank': 8, 'fitness': 0.9705214879930335, 'generation': 124}","{'id': 9406, 'rank': 9, 'fitness': 0.9697624853151225, 'generation': 124}","{'id': 9408, 'rank': 10, 'fitness': 0.9677649672996111, 'generation': 124}","{'id': 9265, 'rank': 11, 'fitness': 0.9667564568419381, 'generation': 124}","{'id': 9304, 'rank': 12, 'fitness': 0.9662265598108863, 'generation': 124}","{'id': 9304, 'rank': 13, 'fitness': 0.9662265598108863, 'generation': 124}","{'id': 9412, 'rank': 14, 'fitness': 0.9659956544309483, 'generation': 124}","{'id': 9246, 'rank': 15, 'fitness': 0.9646417998080227, 'generation': 124}","{'id': 9271, 'rank': 16, 'fitness': 0.9637832403959525, 'generation': 124}","{'id': 9407, 'rank': 17, 'fitness': 0.9633141648515711, 'generation': 124}","{'id': 9132, 'rank': 18, 'fitness': 0.9597961641996784, 'generation': 124}","{'id': 9217, 'rank': 19, 'fitness': 0.9550715876806709, 'generation': 124}","{'id': 8858, 'rank': 20, 'fitness': 0.9512979790918255, 'generation': 124}","{'id': 8858, 'rank': 21, 'fitness': 0.9512979790918255, 'generation': 124}","{'id': 9292, 'rank': 22, 'fitness': 0.9509449654696676, 'generation': 124}","{'id': 9389, 'rank': 23, 'fitness': 0.944249810976248, 'generation': 124}","{'id': 9414, 'rank': 24, 'fitness': 0.9369947703971344, 'generation': 124}","{'id': 9372, 'rank': 25, 'fitness': 0.8887837932373874, 'generation': 124}","{'id': 9349, 'rank': 26, 'fitness': 0.8829489833644539, 'generation': 124}","{'id': 9360, 'rank': 27, 'fitness': 0.8713178434992255, 'generation': 124}","{'id': 9335, 'rank': 28, 'fitness': 0.6718608094419456, 'generation': 124}","{'id': 9364, 'rank': 29, 'fitness': 0.3166143335011983, 'generation': 124}","{'id': 9339, 'rank': 30, 'fitness': 0.01798620996209155, 'generation': 124}"
"{'id': 9448, 'rank': 1, 'fitness': 0.9820137900379085, 'generation': 125}","{'id': 9440, 'rank': 2, 'fitness': 0.9807728057757696, 'generation': 125}","{'id': 9354, 'rank': 3, 'fitness': 0.9794461465780104, 'generation': 125}","{'id': 9354, 'rank': 4, 'fitness': 0.9794461465780104, 'generation': 125}","{'id': 9354, 'rank': 5, 'fitness': 0.9794461465780104, 'generation': 125}","{'id': 9354, 'rank': 6, 'fitness': 0.9794461465780104, 'generation': 125}","{'id': 9245, 'rank': 7, 'fitness': 0.9783869643815224, 'generation': 125}","{'id': 9250, 'rank': 8, 'fitness': 0.9557958534337437, 'generation': 125}","{'id': 9329, 'rank': 9, 'fitness': 0.9341667261107909, 'generation': 125}","{'id': 9329, 'rank': 10, 'fitness': 0.9341667261107909, 'generation': 125}","{'id': 9406, 'rank': 11, 'fitness': 0.9099434113482026, 'generation': 125}","{'id': 9406, 'rank': 12, 'fitness': 0.9099434113482026, 'generation': 125}","{'id': 9406, 'rank': 13, 'fitness': 0.9099434113482026, 'generation': 125}","{'id': 9456, 'rank': 14, 'fitness': 0.9013723224663585, 'generation': 125}","{'id': 9474, 'rank': 15, 'fitness': 0.8906982198747115, 'generation': 125}","{'id': 9304, 'rank': 16, 'fitness': 0.8786701229284626, 'generation': 125}","{'id': 9271, 'rank': 17, 'fitness': 0.8543201515528518, 'generation': 125}","{'id': 9442, 'rank': 18, 'fitness': 0.8307427134659258, 'generation': 125}","{'id': 9434, 'rank': 19, 'fitness': 0.7890241606232318, 'generation': 125}","{'id': 9434, 'rank': 20, 'fitness': 0.7890241606232318, 'generation': 125}","{'id': 9443, 'rank': 21, 'fitness': 0.7629636073134096, 'generation': 125}","{'id': 9476, 'rank': 22, 'fitness': 0.7346179699298936, 'generation': 125}","{'id': 9389, 'rank': 23, 'fitness': 0.6110420438048804, 'generation': 125}","{'id': 9463, 'rank': 24, 'fitness': 0.5883448669404194, 'generation': 125}","{'id': 9418, 'rank': 25, 'fitness': 0.580582066001608, 'generation': 125}","{'id': 9424, 'rank': 26, 'fitness': 0.5037828994141004, 'generation': 125}","{'id': 9436, 'rank': 27, 'fitness': 0.31784216107103946, 'generation': 125}","{'id': 9372, 'rank': 28, 'fitness': 0.1495638333472913, 'generation': 125}","{'id': 9472, 'rank': 29, 'fitness': 0.05228602650879227, 'generation': 125}","{'id': 9481, 'rank': 30, 'fitness': 0.01798620996209155, 'generation': 125}"
"{'id': 9550, 'rank': 1, 'fitness': 0.9820137900379085, 'generation': 126}","{'id': 9440, 'rank': 2, 'fitness': 0.9815022513471481, 'generation': 126}","{'id': 9354, 'rank': 3, 'fitness': 0.9813218113749127, 'generation': 126}","{'id': 9354, 'rank': 4, 'fitness': 0.9813218113749127, 'generation': 126}","{'id': 9354, 'rank': 5, 'fitness': 0.9813218113749127, 'generation': 126}","{'id': 9354, 'rank': 6, 'fitness': 0.9813218113749127, 'generation': 126}","{'id': 9354, 'rank': 7, 'fitness': 0.9813218113749127, 'generation': 126}","{'id': 9245, 'rank': 8, 'fitness': 0.981184617340803, 'generation': 126}","{'id': 9502, 'rank': 9, 'fitness': 0.9806120633256428, 'generation': 126}","{'id': 9501, 'rank': 10, 'fitness': 0.9804722698881692, 'generation': 126}","{'id': 9510, 'rank': 11, 'fitness': 0.9803845498963892, 'generation': 126}","{'id': 9547, 'rank': 12, 'fitness': 0.9802526586353386, 'generation': 126}","{'id': 9505, 'rank': 13, 'fitness': 0.9791517649506877, 'generation': 126}","{'id': 9540, 'rank': 14, 'fitness': 0.978504982245571, 'generation': 126}","{'id': 9329, 'rank': 15, 'fitness': 0.9778068826425772, 'generation': 126}","{'id': 9329, 'rank': 16, 'fitness': 0.9778068826425772, 'generation': 126}","{'id': 9406, 'rank': 17, 'fitness': 0.9767105363781816, 'generation': 126}","{'id': 9406, 'rank': 18, 'fitness': 0.9767105363781816, 'generation': 126}","{'id': 9555, 'rank': 19, 'fitness': 0.975791536220056, 'generation': 126}","{'id': 9271, 'rank': 20, 'fitness': 0.9748430077783072, 'generation': 126}","{'id': 9271, 'rank': 21, 'fitness': 0.9748430077783072, 'generation': 126}","{'id': 9271, 'rank': 22, 'fitness': 0.9748430077783072, 'generation': 126}","{'id': 9463, 'rank': 23, 'fitness': 0.9692911800249158, 'generation': 126}","{'id': 9418, 'rank': 24, 'fitness': 0.9691526377082643, 'generation': 126}","{'id': 9424, 'rank': 25, 'fitness': 0.9677770956789837, 'generation': 126}","{'id': 9436, 'rank': 26, 'fitness': 0.9640551097066334, 'generation': 126}","{'id': 9554, 'rank': 27, 'fitness': 0.9613559436328765, 'generation': 126}","{'id': 9559, 'rank': 28, 'fitness': 0.8182079657575154, 'generation': 126}","{'id': 9566, 'rank': 29, 'fitness': 0.8179991915719241, 'generation': 126}","{'id': 9565, 'rank': 30, 'fitness': 0.01798620996209155, 'generation': 126}"
"{'id': 9653, 'rank': 1, 'fitness': 0.9820137900379085, 'generation': 127}","{'id': 9550, 'rank': 2, 'fitness': 0.978805152195799, 'generation': 127}","{'id': 9550, 'rank': 3, 'fitness': 0.978805152195799, 'generation': 127}","{'id': 9644, 'rank': 4, 'fitness': 0.9749078124801768, 'generation': 127}","{'id': 9619, 'rank': 5, 'fitness': 0.9717918225863029, 'generation': 127}","{'id': 9440, 'rank': 6, 'fitness': 0.970643847556067, 'generation': 127}","{'id': 9608, 'rank': 7, 'fitness': 0.9704225855195556, 'generation': 127}","{'id': 9354, 'rank': 8, 'fitness': 0.9671613975877837, 'generation': 127}","{'id': 9354, 'rank': 9, 'fitness': 0.9671613975877837, 'generation': 127}","{'id': 9245, 'rank': 10, 'fitness': 0.9642749465882081, 'generation': 127}","{'id': 9245, 'rank': 11, 'fitness': 0.9642749465882081, 'generation': 127}","{'id': 9245, 'rank': 12, 'fitness': 0.9642749465882081, 'generation': 127}","{'id': 9601, 'rank': 13, 'fitness': 0.9618575241228664, 'generation': 127}","{'id': 9642, 'rank': 14, 'fitness': 0.9564493304352762, 'generation': 127}","{'id': 9626, 'rank': 15, 'fitness': 0.9532493735785712, 'generation': 127}","{'id': 9581, 'rank': 16, 'fitness': 0.9455338215415521, 'generation': 127}","{'id': 9501, 'rank': 17, 'fitness': 0.9454408450331435, 'generation': 127}","{'id': 9618, 'rank': 18, 'fitness': 0.9394635807192349, 'generation': 127}","{'id': 9589, 'rank': 19, 'fitness': 0.9348378712934984, 'generation': 127}","{'id': 9604, 'rank': 20, 'fitness': 0.9171313731362378, 'generation': 127}","{'id': 9643, 'rank': 21, 'fitness': 0.8879003097545195, 'generation': 127}","{'id': 9540, 'rank': 22, 'fitness': 0.8463354566398827, 'generation': 127}","{'id': 9586, 'rank': 23, 'fitness': 0.8385356675163984, 'generation': 127}","{'id': 9609, 'rank': 24, 'fitness': 0.8310240401765457, 'generation': 127}","{'id': 9406, 'rank': 25, 'fitness': 0.6784859457850121, 'generation': 127}","{'id': 9577, 'rank': 26, 'fitness': 0.6029911519301988, 'generation': 127}","{'id': 9580, 'rank': 27, 'fitness': 0.5810988236574808, 'generation': 127}","{'id': 9271, 'rank': 28, 'fitness': 0.4556672984957457, 'generation': 127}","{'id': 9271, 'rank': 29, 'fitness': 0.4556672984957457, 'generation': 127}","{'id': 9598, 'rank': 30, 'fitness': 0.01798620996209155, 'generation': 127}"
"{'id': 9659, 'rank': 1, 'fitness': 0.9820137900379085, 'generation': 128}","{'id': 9550, 'rank': 2, 'fitness': 0.9803415417642447, 'generation': 128}","{'id': 9550, 'rank': 3, 'fitness': 0.9803415417642447, 'generation': 128}","{'id': 9550, 'rank': 4, 'fitness': 0.9803415417642447, 'generation': 128}","{'id': 9644, 'rank': 5, 'fitness': 0.9771221286747079, 'generation': 128}","{'id': 9644, 'rank': 6, 'fitness': 0.9771221286747079, 'generation': 128}","{'id': 9354, 'rank': 7, 'fitness': 0.9708583504686559, 'generation': 128}","{'id': 9354, 'rank': 8, 'fitness': 0.9708583504686559, 'generation': 128}","{'id': 9655, 'rank': 9, 'fitness': 0.9707274801247998, 'generation': 128}","{'id': 9245, 'rank': 10, 'fitness': 0.968561564974711, 'generation': 128}","{'id': 9601, 'rank': 11, 'fitness': 0.966651086730087, 'generation': 128}","{'id': 9601, 'rank': 12, 'fitness': 0.966651086730087, 'generation': 128}","{'id': 9601, 'rank': 13, 'fitness': 0.966651086730087, 'generation': 128}","{'id': 9710, 'rank': 14, 'fitness': 0.9657862767903952, 'generation': 128}","{'id': 9501, 'rank': 15, 'fitness': 0.9539273512680212, 'generation': 128}","{'id': 9674, 'rank': 16, 'fitness': 0.9415811315733185, 'generation': 128}","{'id': 9604, 'rank': 17, 'fitness': 0.9326596170470269, 'generation': 128}","{'id': 9609, 'rank': 18, 'fitness': 0.8699949795846249, 'generation': 128}","{'id': 9731, 'rank': 19, 'fitness': 0.8189062739397789, 'generation': 128}","{'id': 9694, 'rank': 20, 'fitness': 0.810981815748361, 'generation': 128}","{'id': 9673, 'rank': 21, 'fitness': 0.75969444893688, 'generation': 128}","{'id': 9665, 'rank': 22, 'fitness': 0.7164733286786975, 'generation': 128}","{'id': 9672, 'rank': 23, 'fitness': 0.6802443947333804, 'generation': 128}","{'id': 9271, 'rank': 24, 'fitness': 0.5776167076213606, 'generation': 128}","{'id': 9701, 'rank': 25, 'fitness': 0.38206959977666544, 'generation': 128}","{'id': 9733, 'rank': 26, 'fitness': 0.33155144763308086, 'generation': 128}","{'id': 9735, 'rank': 27, 'fitness': 0.14779624811281616, 'generation': 128}","{'id': 9717, 'rank': 28, 'fitness': 0.03512474797107862, 'generation': 128}","{'id': 9692, 'rank': 29, 'fitness': 0.032714310575633676, 'generation': 128}","{'id': 9729, 'rank': 30, 'fitness': 0.01798620996209155, 'generation': 128}"
"{'id': 9767, 'rank': 1, 'fitness': 0.9820137900379085, 'generation': 129}","{'id': 9786, 'rank': 2, 'fitness': 0.9820050068876524, 'generation': 129}","{'id': 9801, 'rank': 3, 'fitness': 0.9819767540620266, 'generation': 129}","{'id': 9659, 'rank': 4, 'fitness': 0.9819201818030779, 'generation': 129}","{'id': 9550, 'rank': 5, 'fitness': 0.9819053292741198, 'generation': 129}","{'id': 9550, 'rank': 6, 'fitness': 0.9819053292741198, 'generation': 129}","{'id': 9550, 'rank': 7, 'fitness': 0.9819053292741198, 'generation': 129}","{'id': 9550, 'rank': 8, 'fitness': 0.9819053292741198, 'generation': 129}","{'id': 9783, 'rank': 9, 'fitness': 0.9819031842744848, 'generation': 129}","{'id': 9644, 'rank': 10, 'fitness': 0.9818799013286208, 'generation': 129}","{'id': 9644, 'rank': 11, 'fitness': 0.9818799013286208, 'generation': 129}","{'id': 9791, 'rank': 12, 'fitness': 0.9818534426735884, 'generation': 129}","{'id': 9354, 'rank': 13, 'fitness': 0.9818390602935467, 'generation': 129}","{'id': 9655, 'rank': 14, 'fitness': 0.9818383006503679, 'generation': 129}","{'id': 9601, 'rank': 15, 'fitness': 0.9818161367942291, 'generation': 129}","{'id': 9774, 'rank': 16, 'fitness': 0.9817951339200411, 'generation': 129}","{'id': 9774, 'rank': 17, 'fitness': 0.9817951339200411, 'generation': 129}","{'id': 9501, 'rank': 18, 'fitness': 0.9817606135939572, 'generation': 129}","{'id': 9789, 'rank': 19, 'fitness': 0.9817153521184215, 'generation': 129}","{'id': 9757, 'rank': 20, 'fitness': 0.9816843558361882, 'generation': 129}","{'id': 9773, 'rank': 21, 'fitness': 0.9816703718032117, 'generation': 129}","{'id': 9609, 'rank': 22, 'fitness': 0.9815730010484394, 'generation': 129}","{'id': 9750, 'rank': 23, 'fitness': 0.9815403354155132, 'generation': 129}","{'id': 9765, 'rank': 24, 'fitness': 0.981426699397395, 'generation': 129}","{'id': 9701, 'rank': 25, 'fitness': 0.9811711535013514, 'generation': 129}","{'id': 9729, 'rank': 26, 'fitness': 0.9805615979411584, 'generation': 129}","{'id': 9772, 'rank': 27, 'fitness': 0.9800590126876727, 'generation': 129}","{'id': 9808, 'rank': 28, 'fitness': 0.970673330709271, 'generation': 129}","{'id': 9739, 'rank': 29, 'fitness': 0.9646641797420135, 'generation': 129}","{'id': 9740, 'rank': 30, 'fitness': 0.01798620996209155, 'generation': 129}"
"{'id': 9892, 'rank': 1, 'fitness': 0.9820137900379085, 'generation': 130}","{'id': 9767, 'rank': 2, 'fitness': 0.9229514536998121, 'generation': 130}","{'id': 9801, 'rank': 3, 'fitness': 0.8692016282653274, 'generation': 130}","{'id': 9801, 'rank': 4, 'fitness': 0.8692016282653274, 'generation': 130}","{'id': 9829, 'rank': 5, 'fitness': 0.8650365536900924, 'generation': 130}","{'id': 9824, 'rank': 6, 'fitness': 0.850638768194525, 'generation': 130}","{'id': 9872, 'rank': 7, 'fitness': 0.8318144499202548, 'generation': 130}","{'id': 9879, 'rank': 8, 'fitness': 0.8192197005913012, 'generation': 130}","{'id': 9879, 'rank': 9, 'fitness': 0.8192197005913012, 'generation': 130}","{'id': 9550, 'rank': 10, 'fitness': 0.6815569627584158, 'generation': 130}","{'id': 9550, 'rank': 11, 'fitness': 0.6815569627584158, 'generation': 130}","{'id': 9644, 'rank': 12, 'fitness': 0.5887117963023211, 'generation': 130}","{'id': 9822, 'rank': 13, 'fitness': 0.5815919555679696, 'generation': 130}","{'id': 9837, 'rank': 14, 'fitness': 0.5144077942409486, 'generation': 130}","{'id': 9847, 'rank': 15, 'fitness': 0.46865612076644536, 'generation': 130}","{'id': 9655, 'rank': 16, 'fitness': 0.42596690315354946, 'generation': 130}","{'id': 9874, 'rank': 17, 'fitness': 0.3773677748387402, 'generation': 130}","{'id': 9601, 'rank': 18, 'fitness': 0.3434991064071039, 'generation': 130}","{'id': 9601, 'rank': 19, 'fitness': 0.3434991064071039, 'generation': 130}","{'id': 9774, 'rank': 20, 'fitness': 0.273196420590577, 'generation': 130}","{'id': 9885, 'rank': 21, 'fitness': 0.2594983917387147, 'generation': 130}","{'id': 9883, 'rank': 22, 'fitness': 0.2254483192601407, 'generation': 130}","{'id': 9898, 'rank': 23, 'fitness': 0.21731488244271358, 'generation': 130}","{'id': 9898, 'rank': 24, 'fitness': 0.21731488244271358, 'generation': 130}","{'id': 9501, 'rank': 25, 'fitness': 0.17927997999155976, 'generation': 130}","{'id': 9891, 'rank': 26, 'fitness': 0.16992204637058533, 'generation': 130}","{'id': 9871, 'rank': 27, 'fitness': 0.12764429225496898, 'generation': 130}","{'id': 9871, 'rank': 28, 'fitness': 0.12764429225496898, 'generation': 130}","{'id': 9826, 'rank': 29, 'fitness': 0.026710856077421075, 'generation': 130}","{'id': 9830, 'rank': 30, 'fitness': 0.01798620996209155, 'generation': 130}"
"{'id': 9930, 'rank': 1, 'fitness': 0.9820137900379085, 'generation': 131}","{'id': 9767, 'rank': 2, 'fitness': 0.982001246937388, 'generation': 131}","{'id': 9879, 'rank': 3, 'fitness': 0.9818909910219757, 'generation': 131}","{'id': 9550, 'rank': 4, 'fitness': 0.9818054551500033, 'generation': 131}","{'id': 9550, 'rank': 5, 'fitness': 0.9818054551500033, 'generation': 131}","{'id': 9550, 'rank': 6, 'fitness': 0.9818054551500033, 'generation': 131}","{'id': 9822, 'rank': 7, 'fitness': 0.9817560585122425, 'generation': 131}","{'id': 9822, 'rank': 8, 'fitness': 0.9817560585122425, 'generation': 131}","{'id': 9601, 'rank': 9, 'fitness': 0.9816437545377241, 'generation': 131}","{'id': 9601, 'rank': 10, 'fitness': 0.9816437545377241, 'generation': 131}","{'id': 9885, 'rank': 11, 'fitness': 0.9815974855629623, 'generation': 131}","{'id': 9898, 'rank': 12, 'fitness': 0.9815705601169293, 'generation': 131}","{'id': 9871, 'rank': 13, 'fitness': 0.9814962749023479, 'generation': 131}","{'id': 9871, 'rank': 14, 'fitness': 0.9814962749023479, 'generation': 131}","{'id': 9830, 'rank': 15, 'fitness': 0.9812532596525881, 'generation': 131}","{'id': 9915, 'rank': 16, 'fitness': 0.9779808595302907, 'generation': 131}","{'id': 9915, 'rank': 17, 'fitness': 0.9779808595302907, 'generation': 131}","{'id': 9914, 'rank': 18, 'fitness': 0.9772243272630203, 'generation': 131}","{'id': 9906, 'rank': 19, 'fitness': 0.9698712041410824, 'generation': 131}","{'id': 9920, 'rank': 20, 'fitness': 0.9685880808271756, 'generation': 131}","{'id': 9920, 'rank': 21, 'fitness': 0.9685880808271756, 'generation': 131}","{'id': 9937, 'rank': 22, 'fitness': 0.9656468118923114, 'generation': 131}","{'id': 9919, 'rank': 23, 'fitness': 0.9633249432602116, 'generation': 131}","{'id': 9922, 'rank': 24, 'fitness': 0.9357663328129135, 'generation': 131}","{'id': 9942, 'rank': 25, 'fitness': 0.8517608024983534, 'generation': 131}","{'id': 9940, 'rank': 26, 'fitness': 0.6982074331366672, 'generation': 131}","{'id': 9941, 'rank': 27, 'fitness': 0.6140318319348101, 'generation': 131}","{'id': 9941, 'rank': 28, 'fitness': 0.6140318319348101, 'generation': 131}","{'id': 9917, 'rank': 29, 'fitness': 0.07146000630449367, 'generation': 131}","{'id': 9921, 'rank': 30, 'fitness': 0.01798620996209155, 'generation': 131}"
"{'id': 10018, 'rank': 1, 'fitness': 0.9820137900379085, 'generation': 132}","{'id': 9997, 'rank': 2, 'fitness': 0.9815764729458214, 'generation': 132}","{'id': 9970, 'rank': 3, 'fitness': 0.9813338877673693, 'generation': 132}","{'id': 9879, 'rank': 4, 'fitness': 0.9808332587555392, 'generation': 132}","{'id': 9879, 'rank': 5, 'fitness': 0.9808332587555392, 'generation': 132}","{'id': 9550, 'rank': 6, 'fitness': 0.980403195501368, 'generation': 132}","{'id': 9550, 'rank': 7, 'fitness': 0.980403195501368, 'generation': 132}","{'id': 9550, 'rank': 8, 'fitness': 0.980403195501368, 'generation': 132}","{'id': 9822, 'rank': 9, 'fitness': 0.9801514669703295, 'generation': 132}","{'id': 9822, 'rank': 10, 'fitness': 0.9801514669703295, 'generation': 132}","{'id': 9977, 'rank': 11, 'fitness': 0.9800486415966603, 'generation': 132}","{'id': 9977, 'rank': 12, 'fitness': 0.9800486415966603, 'generation': 132}","{'id': 9601, 'rank': 13, 'fitness': 0.9795698797139218, 'generation': 132}","{'id': 9973, 'rank': 14, 'fitness': 0.9795194936333507, 'generation': 132}","{'id': 10017, 'rank': 15, 'fitness': 0.9791912955712092, 'generation': 132}","{'id': 9898, 'rank': 16, 'fitness': 0.9791838193914979, 'generation': 132}","{'id': 9976, 'rank': 17, 'fitness': 0.9786396787577203, 'generation': 132}","{'id': 10019, 'rank': 18, 'fitness': 0.9786156403837096, 'generation': 132}","{'id': 10006, 'rank': 19, 'fitness': 0.9782425302973639, 'generation': 132}","{'id': 10007, 'rank': 20, 'fitness': 0.9782247341776253, 'generation': 132}","{'id': 10007, 'rank': 21, 'fitness': 0.9782247341776253, 'generation': 132}","{'id': 9966, 'rank': 22, 'fitness': 0.9780431854314785, 'generation': 132}","{'id': 9978, 'rank': 23, 'fitness': 0.976675268307946, 'generation': 132}","{'id': 9915, 'rank': 24, 'fitness': 0.9523314498709436, 'generation': 132}","{'id': 9915, 'rank': 25, 'fitness': 0.9523314498709436, 'generation': 132}","{'id': 9915, 'rank': 26, 'fitness': 0.9523314498709436, 'generation': 132}","{'id': 9914, 'rank': 27, 'fitness': 0.9443660239788602, 'generation': 132}","{'id': 10003, 'rank': 28, 'fitness': 0.7056550123160549, 'generation': 132}","{'id': 9956, 'rank': 29, 'fitness': 0.10488263585924396, 'generation': 132}","{'id': 9955, 'rank': 30, 'fitness': 0.01798620996209155, 'generation': 132}"
"{'id': 10044, 'rank': 1, 'fitness': 0.9820137900379085, 'generation': 133}","{'id': 10062, 'rank': 2, 'fitness': 0.9812975452444772, 'generation': 133}","{'id': 10062, 'rank': 3, 'fitness': 0.9812975452444772, 'generation': 133}","{'id': 10063, 'rank': 4, 'fitness': 0.9630249566974837, 'generation': 133}","{'id': 10054, 'rank': 5, 'fitness': 0.9409366515537951, 'generation': 133}","{'id': 10100, 'rank': 6, 'fitness': 0.9326537680049318, 'generation': 133}","{'id': 10100, 'rank': 7, 'fitness': 0.9326537680049318, 'generation': 133}","{'id': 9550, 'rank': 8, 'fitness': 0.9125430015650051, 'generation': 133}","{'id': 9550, 'rank': 9, 'fitness': 0.9125430015650051, 'generation': 133}","{'id': 9550, 'rank': 10, 'fitness': 0.9125430015650051, 'generation': 133}","{'id': 10064, 'rank': 11, 'fitness': 0.8956789518865685, 'generation': 133}","{'id': 10050, 'rank': 12, 'fitness': 0.8719949702421668, 'generation': 133}","{'id': 10091, 'rank': 13, 'fitness': 0.8654431811176615, 'generation': 133}","{'id': 10103, 'rank': 14, 'fitness': 0.8447992614110895, 'generation': 133}","{'id': 10048, 'rank': 15, 'fitness': 0.8075275803542691, 'generation': 133}","{'id': 10102, 'rank': 16, 'fitness': 0.7554330719232802, 'generation': 133}","{'id': 9973, 'rank': 17, 'fitness': 0.7089146734297417, 'generation': 133}","{'id': 10079, 'rank': 18, 'fitness': 0.6372682725271304, 'generation': 133}","{'id': 10084, 'rank': 19, 'fitness': 0.47099820924164953, 'generation': 133}","{'id': 10084, 'rank': 20, 'fitness': 0.47099820924164953, 'generation': 133}","{'id': 10093, 'rank': 21, 'fitness': 0.3880620846279842, 'generation': 133}","{'id': 10031, 'rank': 22, 'fitness': 0.2961019475940643, 'generation': 133}","{'id': 10049, 'rank': 23, 'fitness': 0.25896480330628224, 'generation': 133}","{'id': 10006, 'rank': 24, 'fitness': 0.24838107436648826, 'generation': 133}","{'id': 10058, 'rank': 25, 'fitness': 0.12718786325057274, 'generation': 133}","{'id': 10025, 'rank': 26, 'fitness': 0.1098177074708706, 'generation': 133}","{'id': 10029, 'rank': 27, 'fitness': 0.051717793506068976, 'generation': 133}","{'id': 10083, 'rank': 28, 'fitness': 0.030621674910700336, 'generation': 133}","{'id': 10069, 'rank': 29, 'fitness': 0.028983648713362398, 'generation': 133}","{'id': 10043, 'rank': 30, 'fitness': 0.01798620996209155, 'generation': 133}"
"{'id': 10044, 'rank': 1, 'fitness': 0.9820137900379085, 'generation': 134}","{'id': 10062, 'rank': 2, 'fitness': 0.9820026180672112, 'generation': 134}","{'id': 10054, 'rank': 3, 'fitness': 0.9816646784923251, 'generation': 134}","{'id': 10054, 'rank': 4, 'fitness': 0.9816646784923251, 'generation': 134}","{'id': 10159, 'rank': 5, 'fitness': 0.9816442442340192, 'generation': 134}","{'id': 10100, 'rank': 6, 'fitness': 0.9816245573211568, 'generation': 134}","{'id': 9550, 'rank': 7, 'fitness': 0.9815432089457177, 'generation': 134}","{'id': 9550, 'rank': 8, 'fitness': 0.9815432089457177, 'generation': 134}","{'id': 9550, 'rank': 9, 'fitness': 0.9815432089457177, 'generation': 134}","{'id': 10064, 'rank': 10, 'fitness': 0.9814869764207699, 'generation': 134}","{'id': 10148, 'rank': 11, 'fitness': 0.9814079920442533, 'generation': 134}","{'id': 10162, 'rank': 12, 'fitness': 0.9813763010486904, 'generation': 134}","{'id': 10103, 'rank': 13, 'fitness': 0.9813548864201163, 'generation': 134}","{'id': 9973, 'rank': 14, 'fitness': 0.9811195177756842, 'generation': 134}","{'id': 10119, 'rank': 15, 'fitness': 0.9810458462143362, 'generation': 134}","{'id': 10079, 'rank': 16, 'fitness': 0.9810231103137765, 'generation': 134}","{'id': 10084, 'rank': 17, 'fitness': 0.9808209279619328, 'generation': 134}","{'id': 10031, 'rank': 18, 'fitness': 0.9805954341377554, 'generation': 134}","{'id': 10006, 'rank': 19, 'fitness': 0.9805223031145258, 'generation': 134}","{'id': 10131, 'rank': 20, 'fitness': 0.9804695777320771, 'generation': 134}","{'id': 10131, 'rank': 21, 'fitness': 0.9804695777320771, 'generation': 134}","{'id': 10131, 'rank': 22, 'fitness': 0.9804695777320771, 'generation': 134}","{'id': 10029, 'rank': 23, 'fitness': 0.9799677754393322, 'generation': 134}","{'id': 10151, 'rank': 24, 'fitness': 0.9764994152176898, 'generation': 134}","{'id': 10129, 'rank': 25, 'fitness': 0.9733436798392425, 'generation': 134}","{'id': 10157, 'rank': 26, 'fitness': 0.965736056054142, 'generation': 134}","{'id': 10142, 'rank': 27, 'fitness': 0.9048437810932588, 'generation': 134}","{'id': 10138, 'rank': 28, 'fitness': 0.8045154890493402, 'generation': 134}","{'id': 10117, 'rank': 29, 'fitness': 0.037312588662019086, 'generation': 134}","{'id': 10115, 'rank': 30, 'fitness': 0.01798620996209155, 'generation': 134}"
"{'id': 10223, 'rank': 1, 'fitness': 0.9820137900379085, 'generation': 135}","{'id': 10242, 'rank': 2, 'fitness': 0.9733229496376615, 'generation': 135}","{'id': 10062, 'rank': 3, 'fitness': 0.9691103216659449, 'generation': 135}","{'id': 10185, 'rank': 4, 'fitness': 0.9630826420241058, 'generation': 135}","{'id': 10054, 'rank': 5, 'fitness': 0.9492170311306141, 'generation': 135}","{'id': 10159, 'rank': 6, 'fitness': 0.9477010473267256, 'generation': 135}","{'id': 10100, 'rank': 7, 'fitness': 0.9462017757801663, 'generation': 135}","{'id': 10179, 'rank': 8, 'fitness': 0.9433921192091529, 'generation': 135}","{'id': 10064, 'rank': 9, 'fitness': 0.93459413111328, 'generation': 135}","{'id': 10180, 'rank': 10, 'fitness': 0.9344887644982945, 'generation': 135}","{'id': 10195, 'rank': 11, 'fitness': 0.9207692918375401, 'generation': 135}","{'id': 10212, 'rank': 12, 'fitness': 0.9162497127122227, 'generation': 135}","{'id': 10237, 'rank': 13, 'fitness': 0.9158715884669755, 'generation': 135}","{'id': 10186, 'rank': 14, 'fitness': 0.8891796256139546, 'generation': 135}","{'id': 10206, 'rank': 15, 'fitness': 0.8797057850736234, 'generation': 135}","{'id': 10183, 'rank': 16, 'fitness': 0.8757096917699193, 'generation': 135}","{'id': 10183, 'rank': 17, 'fitness': 0.8757096917699193, 'generation': 135}","{'id': 10213, 'rank': 18, 'fitness': 0.8455263082770876, 'generation': 135}","{'id': 10213, 'rank': 19, 'fitness': 0.8455263082770876, 'generation': 135}","{'id': 10084, 'rank': 20, 'fitness': 0.8422231704204637, 'generation': 135}","{'id': 10215, 'rank': 21, 'fitness': 0.8303834654605419, 'generation': 135}","{'id': 10251, 'rank': 22, 'fitness': 0.7690964773416473, 'generation': 135}","{'id': 10131, 'rank': 23, 'fitness': 0.7629426062715015, 'generation': 135}","{'id': 10131, 'rank': 24, 'fitness': 0.7629426062715015, 'generation': 135}","{'id': 10233, 'rank': 25, 'fitness': 0.7423725807625158, 'generation': 135}","{'id': 10199, 'rank': 26, 'fitness': 0.6302370820707105, 'generation': 135}","{'id': 10250, 'rank': 27, 'fitness': 0.5856902198332061, 'generation': 135}","{'id': 10234, 'rank': 28, 'fitness': 0.5030096812234732, 'generation': 135}","{'id': 10227, 'rank': 29, 'fitness': 0.3344140072112197, 'generation': 135}","{'id': 10151, 'rank': 30, 'fitness': 0.01798620996209155, 'generation': 135}"
"{'id': 10290, 'rank': 1, 'fitness': 0.9820137900379085, 'generation': 136}","{'id': 10290, 'rank': 2, 'fitness': 0.9820137900379085, 'generation': 136}","{'id': 10242, 'rank': 3, 'fitness': 0.9766707146424336, 'generation': 136}","{'id': 10062, 'rank': 4, 'fitness': 0.9755309385054222, 'generation': 136}","{'id': 10185, 'rank': 5, 'fitness': 0.9740640233691893, 'generation': 136}","{'id': 10322, 'rank': 6, 'fitness': 0.9709252930685313, 'generation': 136}","{'id': 10180, 'rank': 7, 'fitness': 0.9686418777947252, 'generation': 136}","{'id': 10237, 'rank': 8, 'fitness': 0.9658727870141961, 'generation': 136}","{'id': 10320, 'rank': 9, 'fitness': 0.9643768377639608, 'generation': 136}","{'id': 10320, 'rank': 10, 'fitness': 0.9643768377639608, 'generation': 136}","{'id': 10186, 'rank': 11, 'fitness': 0.9624625286587112, 'generation': 136}","{'id': 10324, 'rank': 12, 'fitness': 0.9618396313426565, 'generation': 136}","{'id': 10206, 'rank': 13, 'fitness': 0.9613626750053341, 'generation': 136}","{'id': 10206, 'rank': 14, 'fitness': 0.9613626750053341, 'generation': 136}","{'id': 10213, 'rank': 15, 'fitness': 0.9577242784225476, 'generation': 136}","{'id': 10084, 'rank': 16, 'fitness': 0.9573944355625004, 'generation': 136}","{'id': 10234, 'rank': 17, 'fitness': 0.9291653012102197, 'generation': 136}","{'id': 10234, 'rank': 18, 'fitness': 0.9291653012102197, 'generation': 136}","{'id': 10310, 'rank': 19, 'fitness': 0.887875997843015, 'generation': 136}","{'id': 10276, 'rank': 20, 'fitness': 0.8206013783985493, 'generation': 136}","{'id': 10266, 'rank': 21, 'fitness': 0.8174626381245559, 'generation': 136}","{'id': 10328, 'rank': 22, 'fitness': 0.8162222559789192, 'generation': 136}","{'id': 10329, 'rank': 23, 'fitness': 0.7358464291486859, 'generation': 136}","{'id': 10311, 'rank': 24, 'fitness': 0.7337990554159624, 'generation': 136}","{'id': 10311, 'rank': 25, 'fitness': 0.7337990554159624, 'generation': 136}","{'id': 10267, 'rank': 26, 'fitness': 0.20990426522576733, 'generation': 136}","{'id': 10332, 'rank': 27, 'fitness': 0.11365924124293925, 'generation': 136}","{'id': 10264, 'rank': 28, 'fitness': 0.1040881641438206, 'generation': 136}","{'id': 10301, 'rank': 29, 'fitness': 0.046404740079769524, 'generation': 136}","{'id': 10321, 'rank': 30, 'fitness': 0.01798620996209155, 'generation': 136}"
"{'id': 10290, 'rank': 1, 'fitness': 0.9820137900379085, 'generation': 137}","{'id': 10290, 'rank': 2, 'fitness': 0.9820137900379085, 'generation': 137}","{'id': 10390, 'rank': 3, 'fitness': 0.9819278722417832, 'generation': 137}","{'id': 10391, 'rank': 4, 'fitness': 0.981309666672421, 'generation': 137}","{'id': 10386, 'rank': 5, 'fitness': 0.9807685276215531, 'generation': 137}","{'id': 10386, 'rank': 6, 'fitness': 0.9807685276215531, 'generation': 137}","{'id': 10372, 'rank': 7, 'fitness': 0.9806144782032541, 'generation': 137}","{'id': 10322, 'rank': 8, 'fitness': 0.9806070138713832, 'generation': 137}","{'id': 10237, 'rank': 9, 'fitness': 0.9801097564808037, 'generation': 137}","{'id': 10186, 'rank': 10, 'fitness': 0.9798069254683346, 'generation': 137}","{'id': 10374, 'rank': 11, 'fitness': 0.9796963018963453, 'generation': 137}","{'id': 10213, 'rank': 12, 'fitness': 0.9794209880376883, 'generation': 137}","{'id': 10084, 'rank': 13, 'fitness': 0.9793954368850846, 'generation': 137}","{'id': 10357, 'rank': 14, 'fitness': 0.9792835939642266, 'generation': 137}","{'id': 10357, 'rank': 15, 'fitness': 0.9792835939642266, 'generation': 137}","{'id': 10366, 'rank': 16, 'fitness': 0.9783334150833729, 'generation': 137}","{'id': 10400, 'rank': 17, 'fitness': 0.9782068403636426, 'generation': 137}","{'id': 10343, 'rank': 18, 'fitness': 0.9779266342764046, 'generation': 137}","{'id': 10335, 'rank': 19, 'fitness': 0.9777664231392236, 'generation': 137}","{'id': 10335, 'rank': 20, 'fitness': 0.9777664231392236, 'generation': 137}","{'id': 10335, 'rank': 21, 'fitness': 0.9777664231392236, 'generation': 137}","{'id': 10355, 'rank': 22, 'fitness': 0.9775785848477963, 'generation': 137}","{'id': 10368, 'rank': 23, 'fitness': 0.9774617749077636, 'generation': 137}","{'id': 10356, 'rank': 24, 'fitness': 0.9772663328054854, 'generation': 137}","{'id': 10398, 'rank': 25, 'fitness': 0.9751335026906205, 'generation': 137}","{'id': 10361, 'rank': 26, 'fitness': 0.9743947612520127, 'generation': 137}","{'id': 10361, 'rank': 27, 'fitness': 0.9743947612520127, 'generation': 137}","{'id': 10349, 'rank': 28, 'fitness': 0.9720817585805208, 'generation': 137}","{'id': 10332, 'rank': 29, 'fitness': 0.9549984213808888, 'generation': 137}","{'id': 10379, 'rank': 30, 'fitness': 0.01798620996209155, 'generation': 137}"
"{'id': 10290, 'rank': 1, 'fitness': 0.9820137900379085, 'generation': 138}","{'id': 10290, 'rank': 2, 'fitness': 0.9820137900379085, 'generation': 138}","{'id': 10290, 'rank': 3, 'fitness': 0.9820137900379085, 'generation': 138}","{'id': 10502, 'rank': 4, 'fitness': 0.9711862339111503, 'generation': 138}","{'id': 10502, 'rank': 5, 'fitness': 0.9711862339111503, 'generation': 138}","{'id': 10391, 'rank': 6, 'fitness': 0.966038092843821, 'generation': 138}","{'id': 10501, 'rank': 7, 'fitness': 0.9589355880856167, 'generation': 138}","{'id': 10386, 'rank': 8, 'fitness': 0.9459882724310914, 'generation': 138}","{'id': 10498, 'rank': 9, 'fitness': 0.941895943795832, 'generation': 138}","{'id': 10498, 'rank': 10, 'fitness': 0.941895943795832, 'generation': 138}","{'id': 10427, 'rank': 11, 'fitness': 0.9356123970219739, 'generation': 138}","{'id': 10427, 'rank': 12, 'fitness': 0.9356123970219739, 'generation': 138}","{'id': 10500, 'rank': 13, 'fitness': 0.9166884089359792, 'generation': 138}","{'id': 10500, 'rank': 14, 'fitness': 0.9166884089359792, 'generation': 138}","{'id': 10237, 'rank': 15, 'fitness': 0.9080806249307194, 'generation': 138}","{'id': 10424, 'rank': 16, 'fitness': 0.8939380305230721, 'generation': 138}","{'id': 10213, 'rank': 17, 'fitness': 0.8470016577621384, 'generation': 138}","{'id': 10482, 'rank': 18, 'fitness': 0.7573470603558334, 'generation': 138}","{'id': 10474, 'rank': 19, 'fitness': 0.6920105805986759, 'generation': 138}","{'id': 10474, 'rank': 20, 'fitness': 0.6920105805986759, 'generation': 138}","{'id': 10439, 'rank': 21, 'fitness': 0.6652991469950312, 'generation': 138}","{'id': 10335, 'rank': 22, 'fitness': 0.5972701625393021, 'generation': 138}","{'id': 10368, 'rank': 23, 'fitness': 0.5404286208380332, 'generation': 138}","{'id': 10443, 'rank': 24, 'fitness': 0.48973127959693885, 'generation': 138}","{'id': 10445, 'rank': 25, 'fitness': 0.4601017810860701, 'generation': 138}","{'id': 10445, 'rank': 26, 'fitness': 0.4601017810860701, 'generation': 138}","{'id': 10446, 'rank': 27, 'fitness': 0.4318511834965517, 'generation': 138}","{'id': 10429, 'rank': 28, 'fitness': 0.4052046774469015, 'generation': 138}","{'id': 10461, 'rank': 29, 'fitness': 0.304277570397982, 'generation': 138}","{'id': 10450, 'rank': 30, 'fitness': 0.01798620996209155, 'generation': 138}"
"{'id': 10290, 'rank': 1, 'fitness': 0.9820137900379085, 'generation': 139}","{'id': 10290, 'rank': 2, 'fitness': 0.9820137900379085, 'generation': 139}","{'id': 10502, 'rank': 3, 'fitness': 0.9817654808623199, 'generation': 139}","{'id': 10551, 'rank': 4, 'fitness': 0.9817489850444477, 'generation': 139}","{'id': 10539, 'rank': 5, 'fitness': 0.9816296421023001, 'generation': 139}","{'id': 10541, 'rank': 6, 'fitness': 0.9816107527957588, 'generation': 139}","{'id': 10541, 'rank': 7, 'fitness': 0.9816107527957588, 'generation': 139}","{'id': 10501, 'rank': 8, 'fitness': 0.9815743049084146, 'generation': 139}","{'id': 10548, 'rank': 9, 'fitness': 0.9814642447407644, 'generation': 139}","{'id': 10386, 'rank': 10, 'fitness': 0.981423081307565, 'generation': 139}","{'id': 10386, 'rank': 11, 'fitness': 0.981423081307565, 'generation': 139}","{'id': 10498, 'rank': 12, 'fitness': 0.9813821995353185, 'generation': 139}","{'id': 10498, 'rank': 13, 'fitness': 0.9813821995353185, 'generation': 139}","{'id': 10498, 'rank': 14, 'fitness': 0.9813821995353185, 'generation': 139}","{'id': 10427, 'rank': 15, 'fitness': 0.9813242534533926, 'generation': 139}","{'id': 10427, 'rank': 16, 'fitness': 0.9813242534533926, 'generation': 139}","{'id': 10522, 'rank': 17, 'fitness': 0.981100607610567, 'generation': 139}","{'id': 10424, 'rank': 18, 'fitness': 0.9810330595560548, 'generation': 139}","{'id': 10520, 'rank': 19, 'fitness': 0.9808596473273108, 'generation': 139}","{'id': 10368, 'rank': 20, 'fitness': 0.9799424607457272, 'generation': 139}","{'id': 10368, 'rank': 21, 'fitness': 0.9799424607457272, 'generation': 139}","{'id': 10445, 'rank': 22, 'fitness': 0.9797584086361473, 'generation': 139}","{'id': 10450, 'rank': 23, 'fitness': 0.9774319499805336, 'generation': 139}","{'id': 10506, 'rank': 24, 'fitness': 0.9769112103436551, 'generation': 139}","{'id': 10503, 'rank': 25, 'fitness': 0.9755870867795593, 'generation': 139}","{'id': 10537, 'rank': 26, 'fitness': 0.9754618150283904, 'generation': 139}","{'id': 10558, 'rank': 27, 'fitness': 0.9740894897927278, 'generation': 139}","{'id': 10518, 'rank': 28, 'fitness': 0.45210499648654323, 'generation': 139}","{'id': 10519, 'rank': 29, 'fitness': 0.11637520829272863, 'generation': 139}","{'id': 10530, 'rank': 30, 'fitness': 0.01798620996209155, 'generation': 139}"
"{'id': 10290, 'rank': 1, 'fitness': 0.9820137900379085, 'generation': 140}","{'id': 10290, 'rank': 2, 'fitness': 0.9820137900379085, 'generation': 140}","{'id': 10551, 'rank': 3, 'fitness': 0.9819031742298147, 'generation': 140}","{'id': 10571, 'rank': 4, 'fitness': 0.9818790160770299, 'generation': 140}","{'id': 10594, 'rank': 5, 'fitness': 0.981877589767167, 'generation': 140}","{'id': 10619, 'rank': 6, 'fitness': 0.9818730797469434, 'generation': 140}","{'id': 10632, 'rank': 7, 'fitness': 0.981845173881511, 'generation': 140}","{'id': 10585, 'rank': 8, 'fitness': 0.9818398772343686, 'generation': 140}","{'id': 10585, 'rank': 9, 'fitness': 0.9818398772343686, 'generation': 140}","{'id': 10625, 'rank': 10, 'fitness': 0.9818070038171886, 'generation': 140}","{'id': 10633, 'rank': 11, 'fitness': 0.9817596129790986, 'generation': 140}","{'id': 10498, 'rank': 12, 'fitness': 0.9817514580283486, 'generation': 140}","{'id': 10427, 'rank': 13, 'fitness': 0.981727645496909, 'generation': 140}","{'id': 10631, 'rank': 14, 'fitness': 0.9816868573310984, 'generation': 140}","{'id': 10587, 'rank': 15, 'fitness': 0.9816859507437343, 'generation': 140}","{'id': 10597, 'rank': 16, 'fitness': 0.9816437305834576, 'generation': 140}","{'id': 10520, 'rank': 17, 'fitness': 0.9815382203574321, 'generation': 140}","{'id': 10520, 'rank': 18, 'fitness': 0.9815382203574321, 'generation': 140}","{'id': 10603, 'rank': 19, 'fitness': 0.9814823909120959, 'generation': 140}","{'id': 10614, 'rank': 20, 'fitness': 0.9813278793395386, 'generation': 140}","{'id': 10368, 'rank': 21, 'fitness': 0.9811718030224079, 'generation': 140}","{'id': 10615, 'rank': 22, 'fitness': 0.9811623239554703, 'generation': 140}","{'id': 10445, 'rank': 23, 'fitness': 0.9810994274539777, 'generation': 140}","{'id': 10620, 'rank': 24, 'fitness': 0.9810280610807607, 'generation': 140}","{'id': 10620, 'rank': 25, 'fitness': 0.9810280610807607, 'generation': 140}","{'id': 10610, 'rank': 26, 'fitness': 0.9808789102498381, 'generation': 140}","{'id': 10582, 'rank': 27, 'fitness': 0.9801943008991301, 'generation': 140}","{'id': 10589, 'rank': 28, 'fitness': 0.9800473198579145, 'generation': 140}","{'id': 10506, 'rank': 29, 'fitness': 0.9800241881680446, 'generation': 140}","{'id': 10588, 'rank': 30, 'fitness': 0.01798620996209155, 'generation': 140}"
"{'id': 10654, 'rank': 1, 'fitness': 0.9820137900379085, 'generation': 141}","{'id': 10654, 'rank': 2, 'fitness': 0.9820137900379085, 'generation': 141}","{'id': 10700, 'rank': 3, 'fitness': 0.9767730388788685, 'generation': 141}","{'id': 10619, 'rank': 4, 'fitness': 0.9759212493394588, 'generation': 141}","{'id': 10632, 'rank': 5, 'fitness': 0.9725678054785318, 'generation': 141}","{'id': 10632, 'rank': 6, 'fitness': 0.9725678054785318, 'generation': 141}","{'id': 10688, 'rank': 7, 'fitness': 0.9721779951728492, 'generation': 141}","{'id': 10585, 'rank': 8, 'fitness': 0.9718825305544192, 'generation': 141}","{'id': 10585, 'rank': 9, 'fitness': 0.9718825305544192, 'generation': 141}","{'id': 10710, 'rank': 10, 'fitness': 0.9681466651299531, 'generation': 141}","{'id': 10625, 'rank': 11, 'fitness': 0.9672481248052079, 'generation': 141}","{'id': 10658, 'rank': 12, 'fitness': 0.9664385514152638, 'generation': 141}","{'id': 10668, 'rank': 13, 'fitness': 0.9625100020467677, 'generation': 141}","{'id': 10633, 'rank': 14, 'fitness': 0.95926768442545, 'generation': 141}","{'id': 10633, 'rank': 15, 'fitness': 0.95926768442545, 'generation': 141}","{'id': 10699, 'rank': 16, 'fitness': 0.9481397707639421, 'generation': 141}","{'id': 10670, 'rank': 17, 'fitness': 0.929615415641234, 'generation': 141}","{'id': 10659, 'rank': 18, 'fitness': 0.920049429356512, 'generation': 141}","{'id': 10666, 'rank': 19, 'fitness': 0.9197923080789268, 'generation': 141}","{'id': 10520, 'rank': 20, 'fitness': 0.8918066023413368, 'generation': 141}","{'id': 10603, 'rank': 21, 'fitness': 0.8637206225087815, 'generation': 141}","{'id': 10690, 'rank': 22, 'fitness': 0.8229371029520551, 'generation': 141}","{'id': 10693, 'rank': 23, 'fitness': 0.820915278827675, 'generation': 141}","{'id': 10697, 'rank': 24, 'fitness': 0.6741524853692821, 'generation': 141}","{'id': 10663, 'rank': 25, 'fitness': 0.6425011229899207, 'generation': 141}","{'id': 10368, 'rank': 26, 'fitness': 0.5983659591319807, 'generation': 141}","{'id': 10679, 'rank': 27, 'fitness': 0.44689884240406424, 'generation': 141}","{'id': 10661, 'rank': 28, 'fitness': 0.4362464624054776, 'generation': 141}","{'id': 10705, 'rank': 29, 'fitness': 0.3015850787674206, 'generation': 141}","{'id': 10675, 'rank': 30, 'fitness': 0.01798620996209155, 'generation': 141}"
"{'id': 10654, 'rank': 1, 'fitness': 0.9820137900379085, 'generation': 142}","{'id': 10654, 'rank': 2, 'fitness': 0.9820137900379085, 'generation': 142}","{'id': 10700, 'rank': 3, 'fitness': 0.9818887315766253, 'generation': 142}","{'id': 10726, 'rank': 4, 'fitness': 0.9818172821411957, 'generation': 142}","{'id': 10728, 'rank': 5, 'fitness': 0.9818071798784168, 'generation': 142}","{'id': 10632, 'rank': 6, 'fitness': 0.9818064892466778, 'generation': 142}","{'id': 10585, 'rank': 7, 'fitness': 0.9817942320102202, 'generation': 142}","{'id': 10733, 'rank': 8, 'fitness': 0.9817850700640013, 'generation': 142}","{'id': 10625, 'rank': 9, 'fitness': 0.9817180552694371, 'generation': 142}","{'id': 10760, 'rank': 10, 'fitness': 0.9816528355880003, 'generation': 142}","{'id': 10760, 'rank': 11, 'fitness': 0.9816528355880003, 'generation': 142}","{'id': 10721, 'rank': 12, 'fitness': 0.9815378311768028, 'generation': 142}","{'id': 10699, 'rank': 13, 'fitness': 0.9814839606722018, 'generation': 142}","{'id': 10699, 'rank': 14, 'fitness': 0.9814839606722018, 'generation': 142}","{'id': 10699, 'rank': 15, 'fitness': 0.9814839606722018, 'generation': 142}","{'id': 10744, 'rank': 16, 'fitness': 0.9813427068769558, 'generation': 142}","{'id': 10732, 'rank': 17, 'fitness': 0.9813015876987801, 'generation': 142}","{'id': 10759, 'rank': 18, 'fitness': 0.9812348034420008, 'generation': 142}","{'id': 10745, 'rank': 19, 'fitness': 0.9811446886235079, 'generation': 142}","{'id': 10734, 'rank': 20, 'fitness': 0.9811446661012319, 'generation': 142}","{'id': 10734, 'rank': 21, 'fitness': 0.9811446661012319, 'generation': 142}","{'id': 10520, 'rank': 22, 'fitness': 0.9810885661430656, 'generation': 142}","{'id': 10765, 'rank': 23, 'fitness': 0.980907604024692, 'generation': 142}","{'id': 10765, 'rank': 24, 'fitness': 0.980907604024692, 'generation': 142}","{'id': 10761, 'rank': 25, 'fitness': 0.9807141226393147, 'generation': 142}","{'id': 10714, 'rank': 26, 'fitness': 0.9801958855555569, 'generation': 142}","{'id': 10679, 'rank': 27, 'fitness': 0.9798879464390615, 'generation': 142}","{'id': 10661, 'rank': 28, 'fitness': 0.979864920876667, 'generation': 142}","{'id': 10741, 'rank': 29, 'fitness': 0.9750890619731122, 'generation': 142}","{'id': 10780, 'rank': 30, 'fitness': 0.01798620996209155, 'generation': 142}"
"{'id': 10822, 'rank': 1, 'fitness': 0.9820137900379085, 'generation': 143}","{'id': 10822, 'rank': 2, 'fitness': 0.9820137900379085, 'generation': 143}","{'id': 10700, 'rank': 3, 'fitness': 0.9804741818138871, 'generation': 143}","{'id': 10700, 'rank': 4, 'fitness': 0.9804741818138871, 'generation': 143}","{'id': 10632, 'rank': 5, 'fitness': 0.9721399082215455, 'generation': 143}","{'id': 10813, 'rank': 6, 'fitness': 0.9701782076437631, 'generation': 143}","{'id': 10813, 'rank': 7, 'fitness': 0.9701782076437631, 'generation': 143}","{'id': 10801, 'rank': 8, 'fitness': 0.9620558110134301, 'generation': 143}","{'id': 10826, 'rank': 9, 'fitness': 0.9606302214682616, 'generation': 143}","{'id': 10760, 'rank': 10, 'fitness': 0.9466754200205851, 'generation': 143}","{'id': 10864, 'rank': 11, 'fitness': 0.9384703604188958, 'generation': 143}","{'id': 10797, 'rank': 12, 'fitness': 0.9358450304548329, 'generation': 143}","{'id': 10828, 'rank': 13, 'fitness': 0.921570946311808, 'generation': 143}","{'id': 10699, 'rank': 14, 'fitness': 0.8947540431530878, 'generation': 143}","{'id': 10699, 'rank': 15, 'fitness': 0.8947540431530878, 'generation': 143}","{'id': 10862, 'rank': 16, 'fitness': 0.8924400012226286, 'generation': 143}","{'id': 10862, 'rank': 17, 'fitness': 0.8924400012226286, 'generation': 143}","{'id': 10798, 'rank': 18, 'fitness': 0.8715829492354624, 'generation': 143}","{'id': 10806, 'rank': 19, 'fitness': 0.7915535459787306, 'generation': 143}","{'id': 10850, 'rank': 20, 'fitness': 0.7738146189350487, 'generation': 143}","{'id': 10829, 'rank': 21, 'fitness': 0.691643786254579, 'generation': 143}","{'id': 10734, 'rank': 22, 'fitness': 0.6638731070167003, 'generation': 143}","{'id': 10520, 'rank': 23, 'fitness': 0.6086747262505188, 'generation': 143}","{'id': 10520, 'rank': 24, 'fitness': 0.6086747262505188, 'generation': 143}","{'id': 10846, 'rank': 25, 'fitness': 0.4299144879661634, 'generation': 143}","{'id': 10872, 'rank': 26, 'fitness': 0.3841228373768888, 'generation': 143}","{'id': 10872, 'rank': 27, 'fitness': 0.3841228373768888, 'generation': 143}","{'id': 10793, 'rank': 28, 'fitness': 0.2748004780476123, 'generation': 143}","{'id': 10793, 'rank': 29, 'fitness': 0.2748004780476123, 'generation': 143}","{'id': 10839, 'rank': 30, 'fitness': 0.01798620996209155, 'generation': 143}"
"{'id': 10822, 'rank': 1, 'fitness': 0.9820137900379085, 'generation': 144}","{'id': 10822, 'rank': 2, 'fitness': 0.9820137900379085, 'generation': 144}","{'id': 10822, 'rank': 3, 'fitness': 0.9820137900379085, 'generation': 144}","{'id': 10700, 'rank': 4, 'fitness': 0.9819536286865242, 'generation': 144}","{'id': 10880, 'rank': 5, 'fitness': 0.9813654778164039, 'generation': 144}","{'id': 10880, 'rank': 6, 'fitness': 0.9813654778164039, 'generation': 144}","{'id': 10864, 'rank': 7, 'fitness': 0.9810754533414836, 'generation': 144}","{'id': 10885, 'rank': 8, 'fitness': 0.9808764364534425, 'generation': 144}","{'id': 10862, 'rank': 9, 'fitness': 0.9806107127103183, 'generation': 144}","{'id': 10798, 'rank': 10, 'fitness': 0.9804549292312359, 'generation': 144}","{'id': 10798, 'rank': 11, 'fitness': 0.9804549292312359, 'generation': 144}","{'id': 10900, 'rank': 12, 'fitness': 0.9804146992821439, 'generation': 144}","{'id': 10900, 'rank': 13, 'fitness': 0.9804146992821439, 'generation': 144}","{'id': 10917, 'rank': 14, 'fitness': 0.9800586727510925, 'generation': 144}","{'id': 10917, 'rank': 15, 'fitness': 0.9800586727510925, 'generation': 144}","{'id': 10882, 'rank': 16, 'fitness': 0.9796953029301171, 'generation': 144}","{'id': 10882, 'rank': 17, 'fitness': 0.9796953029301171, 'generation': 144}","{'id': 10926, 'rank': 18, 'fitness': 0.9796686966229382, 'generation': 144}","{'id': 10734, 'rank': 19, 'fitness': 0.979470362064603, 'generation': 144}","{'id': 10927, 'rank': 20, 'fitness': 0.9788558993892355, 'generation': 144}","{'id': 10872, 'rank': 21, 'fitness': 0.9785072388545188, 'generation': 144}","{'id': 10793, 'rank': 22, 'fitness': 0.9780773161841547, 'generation': 144}","{'id': 10887, 'rank': 23, 'fitness': 0.9776022701406188, 'generation': 144}","{'id': 10887, 'rank': 24, 'fitness': 0.9776022701406188, 'generation': 144}","{'id': 10839, 'rank': 25, 'fitness': 0.9752768885635903, 'generation': 144}","{'id': 10938, 'rank': 26, 'fitness': 0.9627618456805712, 'generation': 144}","{'id': 10903, 'rank': 27, 'fitness': 0.9575355188857186, 'generation': 144}","{'id': 10929, 'rank': 28, 'fitness': 0.9448474435551005, 'generation': 144}","{'id': 10931, 'rank': 29, 'fitness': 0.9088997179179162, 'generation': 144}","{'id': 10942, 'rank': 30, 'fitness': 0.01798620996209155, 'generation': 144}"
"{'id': 10996, 'rank': 1, 'fitness': 0.9820137900379085, 'generation': 145}","{'id': 10822, 'rank': 2, 'fitness': 0.9809255855982206, 'generation': 145}","{'id': 10958, 'rank': 3, 'fitness': 0.9758606318069529, 'generation': 145}","{'id': 10961, 'rank': 4, 'fitness': 0.9734416968124442, 'generation': 145}","{'id': 10880, 'rank': 5, 'fitness': 0.9722670040631312, 'generation': 145}","{'id': 10864, 'rank': 6, 'fitness': 0.9673849995412735, 'generation': 145}","{'id': 10966, 'rank': 7, 'fitness': 0.966967019886477, 'generation': 145}","{'id': 10966, 'rank': 8, 'fitness': 0.966967019886477, 'generation': 145}","{'id': 10957, 'rank': 9, 'fitness': 0.9646873534786522, 'generation': 145}","{'id': 10957, 'rank': 10, 'fitness': 0.9646873534786522, 'generation': 145}","{'id': 10885, 'rank': 11, 'fitness': 0.9636154947340557, 'generation': 145}","{'id': 11022, 'rank': 12, 'fitness': 0.9635230029080353, 'generation': 145}","{'id': 10998, 'rank': 13, 'fitness': 0.9596143185322685, 'generation': 145}","{'id': 11023, 'rank': 14, 'fitness': 0.9566692229816096, 'generation': 145}","{'id': 11008, 'rank': 15, 'fitness': 0.9549079569111512, 'generation': 145}","{'id': 10900, 'rank': 16, 'fitness': 0.9533865237151584, 'generation': 145}","{'id': 10900, 'rank': 17, 'fitness': 0.9533865237151584, 'generation': 145}","{'id': 10882, 'rank': 18, 'fitness': 0.9325899651729082, 'generation': 145}","{'id': 10977, 'rank': 19, 'fitness': 0.9275452941821876, 'generation': 145}","{'id': 10956, 'rank': 20, 'fitness': 0.9168852472835812, 'generation': 145}","{'id': 11017, 'rank': 21, 'fitness': 0.9071883190495912, 'generation': 145}","{'id': 10955, 'rank': 22, 'fitness': 0.8620876215149857, 'generation': 145}","{'id': 10887, 'rank': 23, 'fitness': 0.8266932188428147, 'generation': 145}","{'id': 10887, 'rank': 24, 'fitness': 0.8266932188428147, 'generation': 145}","{'id': 10992, 'rank': 25, 'fitness': 0.7851963809623889, 'generation': 145}","{'id': 11007, 'rank': 26, 'fitness': 0.642754958501458, 'generation': 145}","{'id': 10969, 'rank': 27, 'fitness': 0.5029736968905083, 'generation': 145}","{'id': 11011, 'rank': 28, 'fitness': 0.41072104383642793, 'generation': 145}","{'id': 10970, 'rank': 29, 'fitness': 0.38316656374630287, 'generation': 145}","{'id': 10938, 'rank': 30, 'fitness': 0.01798620996209155, 'generation': 145}"
"{'id': 11050, 'rank': 1, 'fitness': 0.9820137900379085, 'generation': 146}","{'id': 10996, 'rank': 2, 'fitness': 0.9760374757922241, 'generation': 146}","{'id': 11033, 'rank': 3, 'fitness': 0.9749954007445926, 'generation': 146}","{'id': 11030, 'rank': 4, 'fitness': 0.9732461992042982, 'generation': 146}","{'id': 10961, 'rank': 5, 'fitness': 0.9718139611203394, 'generation': 146}","{'id': 11091, 'rank': 6, 'fitness': 0.9681452814543541, 'generation': 146}","{'id': 11054, 'rank': 7, 'fitness': 0.965892885669669, 'generation': 146}","{'id': 10900, 'rank': 8, 'fitness': 0.9643033331243047, 'generation': 146}","{'id': 10882, 'rank': 9, 'fitness': 0.9582269077965909, 'generation': 146}","{'id': 10977, 'rank': 10, 'fitness': 0.9569084128646581, 'generation': 146}","{'id': 11087, 'rank': 11, 'fitness': 0.9551035176308688, 'generation': 146}","{'id': 11017, 'rank': 12, 'fitness': 0.9520078830603151, 'generation': 146}","{'id': 11017, 'rank': 13, 'fitness': 0.9520078830603151, 'generation': 146}","{'id': 11031, 'rank': 14, 'fitness': 0.9430620413651722, 'generation': 146}","{'id': 10955, 'rank': 15, 'fitness': 0.9427063445692178, 'generation': 146}","{'id': 11096, 'rank': 16, 'fitness': 0.9394281098142964, 'generation': 146}","{'id': 10887, 'rank': 17, 'fitness': 0.9362841131680978, 'generation': 146}","{'id': 10887, 'rank': 18, 'fitness': 0.9362841131680978, 'generation': 146}","{'id': 11088, 'rank': 19, 'fitness': 0.9327732601177965, 'generation': 146}","{'id': 11088, 'rank': 20, 'fitness': 0.9327732601177965, 'generation': 146}","{'id': 10992, 'rank': 21, 'fitness': 0.9293117456763125, 'generation': 146}","{'id': 11090, 'rank': 22, 'fitness': 0.9270647000639469, 'generation': 146}","{'id': 11093, 'rank': 23, 'fitness': 0.9164324552681342, 'generation': 146}","{'id': 11042, 'rank': 24, 'fitness': 0.8949405586647408, 'generation': 146}","{'id': 11095, 'rank': 25, 'fitness': 0.8536611479787681, 'generation': 146}","{'id': 11047, 'rank': 26, 'fitness': 0.8453606678016121, 'generation': 146}","{'id': 11061, 'rank': 27, 'fitness': 0.8418902744412294, 'generation': 146}","{'id': 10938, 'rank': 28, 'fitness': 0.5892958149154252, 'generation': 146}","{'id': 11067, 'rank': 29, 'fitness': 0.39114153958593256, 'generation': 146}","{'id': 11058, 'rank': 30, 'fitness': 0.01798620996209155, 'generation': 146}"
"{'id': 11050, 'rank': 1, 'fitness': 0.9820137900379085, 'generation': 147}","{'id': 11030, 'rank': 2, 'fitness': 0.9774885557029572, 'generation': 147}","{'id': 10961, 'rank': 3, 'fitness': 0.9768132694043894, 'generation': 147}","{'id': 11113, 'rank': 4, 'fitness': 0.9728196044437927, 'generation': 147}","{'id': 11113, 'rank': 5, 'fitness': 0.9728196044437927, 'generation': 147}","{'id': 11115, 'rank': 6, 'fitness': 0.9713516075812219, 'generation': 147}","{'id': 10882, 'rank': 7, 'fitness': 0.9709949472306223, 'generation': 147}","{'id': 11179, 'rank': 8, 'fitness': 0.9697177228734242, 'generation': 147}","{'id': 11181, 'rank': 9, 'fitness': 0.9670107802182469, 'generation': 147}","{'id': 10887, 'rank': 10, 'fitness': 0.9630180232020856, 'generation': 147}","{'id': 10887, 'rank': 11, 'fitness': 0.9630180232020856, 'generation': 147}","{'id': 10887, 'rank': 12, 'fitness': 0.9630180232020856, 'generation': 147}","{'id': 10887, 'rank': 13, 'fitness': 0.9630180232020856, 'generation': 147}","{'id': 10992, 'rank': 14, 'fitness': 0.960715502924748, 'generation': 147}","{'id': 11090, 'rank': 15, 'fitness': 0.9599914412149142, 'generation': 147}","{'id': 11090, 'rank': 16, 'fitness': 0.9599914412149142, 'generation': 147}","{'id': 11146, 'rank': 17, 'fitness': 0.954090313575831, 'generation': 147}","{'id': 11042, 'rank': 18, 'fitness': 0.95036154174734, 'generation': 147}","{'id': 11042, 'rank': 19, 'fitness': 0.95036154174734, 'generation': 147}","{'id': 11143, 'rank': 20, 'fitness': 0.9492399401120084, 'generation': 147}","{'id': 11095, 'rank': 21, 'fitness': 0.9392608728396522, 'generation': 147}","{'id': 11061, 'rank': 22, 'fitness': 0.9362571851191925, 'generation': 147}","{'id': 11172, 'rank': 23, 'fitness': 0.925894426422498, 'generation': 147}","{'id': 11176, 'rank': 24, 'fitness': 0.911223962279465, 'generation': 147}","{'id': 11149, 'rank': 25, 'fitness': 0.9079164361625571, 'generation': 147}","{'id': 11119, 'rank': 26, 'fitness': 0.9077264841128394, 'generation': 147}","{'id': 11136, 'rank': 27, 'fitness': 0.8583875637510465, 'generation': 147}","{'id': 11120, 'rank': 28, 'fitness': 0.8064409139124598, 'generation': 147}","{'id': 11129, 'rank': 29, 'fitness': 0.653088037464348, 'generation': 147}","{'id': 11109, 'rank': 30, 'fitness': 0.01798620996209155, 'generation': 147}"
"{'id': 11050, 'rank': 1, 'fitness': 0.9820137900379085, 'generation': 148}","{'id': 11050, 'rank': 2, 'fitness': 0.9820137900379085, 'generation': 148}","{'id': 11219, 'rank': 3, 'fitness': 0.9756980111205451, 'generation': 148}","{'id': 11113, 'rank': 4, 'fitness': 0.9666883059277902, 'generation': 148}","{'id': 11113, 'rank': 5, 'fitness': 0.9666883059277902, 'generation': 148}","{'id': 11113, 'rank': 6, 'fitness': 0.9666883059277902, 'generation': 148}","{'id': 11115, 'rank': 7, 'fitness': 0.9639794875503811, 'generation': 148}","{'id': 11230, 'rank': 8, 'fitness': 0.9638808057117556, 'generation': 148}","{'id': 10882, 'rank': 9, 'fitness': 0.9633115238061889, 'generation': 148}","{'id': 11205, 'rank': 10, 'fitness': 0.9580463652170171, 'generation': 148}","{'id': 11236, 'rank': 11, 'fitness': 0.9578503951664431, 'generation': 148}","{'id': 11236, 'rank': 12, 'fitness': 0.9578503951664431, 'generation': 148}","{'id': 11236, 'rank': 13, 'fitness': 0.9578503951664431, 'generation': 148}","{'id': 11235, 'rank': 14, 'fitness': 0.9540679835891845, 'generation': 148}","{'id': 11232, 'rank': 15, 'fitness': 0.953301340780901, 'generation': 148}","{'id': 11232, 'rank': 16, 'fitness': 0.953301340780901, 'generation': 148}","{'id': 11264, 'rank': 17, 'fitness': 0.9513503700013368, 'generation': 148}","{'id': 11090, 'rank': 18, 'fitness': 0.9410051516209325, 'generation': 148}","{'id': 11193, 'rank': 19, 'fitness': 0.9303673039090732, 'generation': 148}","{'id': 11204, 'rank': 20, 'fitness': 0.9265631998043491, 'generation': 148}","{'id': 11225, 'rank': 21, 'fitness': 0.9225016991141901, 'generation': 148}","{'id': 11261, 'rank': 22, 'fitness': 0.9020444367560538, 'generation': 148}","{'id': 11223, 'rank': 23, 'fitness': 0.8751276950050604, 'generation': 148}","{'id': 11201, 'rank': 24, 'fitness': 0.8515624903930131, 'generation': 148}","{'id': 11241, 'rank': 25, 'fitness': 0.8375142755153145, 'generation': 148}","{'id': 11222, 'rank': 26, 'fitness': 0.6907244811453397, 'generation': 148}","{'id': 11262, 'rank': 27, 'fitness': 0.6363174772528437, 'generation': 148}","{'id': 11255, 'rank': 28, 'fitness': 0.3064050300249749, 'generation': 148}","{'id': 11255, 'rank': 29, 'fitness': 0.3064050300249749, 'generation': 148}","{'id': 11218, 'rank': 30, 'fitness': 0.01798620996209155, 'generation': 148}"
"{'id': 11050, 'rank': 1, 'fitness': 0.9820137900379085, 'generation': 149}","{'id': 11284, 'rank': 2, 'fitness': 0.9706664961779395, 'generation': 149}","{'id': 11113, 'rank': 3, 'fitness': 0.9575308405580775, 'generation': 149}","{'id': 11302, 'rank': 4, 'fitness': 0.9557274929602533, 'generation': 149}","{'id': 11230, 'rank': 5, 'fitness': 0.9524964540222852, 'generation': 149}","{'id': 10882, 'rank': 6, 'fitness': 0.95145828154669, 'generation': 149}","{'id': 11236, 'rank': 7, 'fitness': 0.941223715480316, 'generation': 149}","{'id': 11236, 'rank': 8, 'fitness': 0.941223715480316, 'generation': 149}","{'id': 11236, 'rank': 9, 'fitness': 0.941223715480316, 'generation': 149}","{'id': 11297, 'rank': 10, 'fitness': 0.9392125368232851, 'generation': 149}","{'id': 11264, 'rank': 11, 'fitness': 0.9284569165245059, 'generation': 149}","{'id': 11193, 'rank': 12, 'fitness': 0.8839346942890098, 'generation': 149}","{'id': 11296, 'rank': 13, 'fitness': 0.8658874278512345, 'generation': 149}","{'id': 11296, 'rank': 14, 'fitness': 0.8658874278512345, 'generation': 149}","{'id': 11276, 'rank': 15, 'fitness': 0.8580475706304825, 'generation': 149}","{'id': 11309, 'rank': 16, 'fitness': 0.8495593957982905, 'generation': 149}","{'id': 11295, 'rank': 17, 'fitness': 0.8385053287594286, 'generation': 149}","{'id': 11295, 'rank': 18, 'fitness': 0.8385053287594286, 'generation': 149}","{'id': 11266, 'rank': 19, 'fitness': 0.8371379419025811, 'generation': 149}","{'id': 11261, 'rank': 20, 'fitness': 0.81897330554518, 'generation': 149}","{'id': 11341, 'rank': 21, 'fitness': 0.7835407278121697, 'generation': 149}","{'id': 11308, 'rank': 22, 'fitness': 0.74089754392825, 'generation': 149}","{'id': 11330, 'rank': 23, 'fitness': 0.7196363106966291, 'generation': 149}","{'id': 11330, 'rank': 24, 'fitness': 0.7196363106966291, 'generation': 149}","{'id': 11241, 'rank': 25, 'fitness': 0.6676055113199114, 'generation': 149}","{'id': 11327, 'rank': 26, 'fitness': 0.6282399722613444, 'generation': 149}","{'id': 11291, 'rank': 27, 'fitness': 0.49075004673916583, 'generation': 149}","{'id': 11307, 'rank': 28, 'fitness': 0.4621016140636948, 'generation': 149}","{'id': 11319, 'rank': 29, 'fitness': 0.01798620996209155, 'generation': 149}","{'id': 11319, 'rank': 30, 'fitness': 0.01798620996209155, 'generation': 149}"
"{'id': 11375, 'rank': 1, 'fitness': 0.9820137900379085, 'generation': 150}","{'id': 11230, 'rank': 2, 'fitness': 0.9777831169410415, 'generation': 150}","{'id': 10882, 'rank': 3, 'fitness': 0.9776253026859885, 'generation': 150}","{'id': 11264, 'rank': 4, 'fitness': 0.9745619823229045, 'generation': 150}","{'id': 11296, 'rank': 5, 'fitness': 0.9684211813318597, 'generation': 150}","{'id': 11296, 'rank': 6, 'fitness': 0.9684211813318597, 'generation': 150}","{'id': 11404, 'rank': 7, 'fitness': 0.9664267246538596, 'generation': 150}","{'id': 11404, 'rank': 8, 'fitness': 0.9664267246538596, 'generation': 150}","{'id': 11295, 'rank': 9, 'fitness': 0.9662260394139099, 'generation': 150}","{'id': 11295, 'rank': 10, 'fitness': 0.9662260394139099, 'generation': 150}","{'id': 11266, 'rank': 11, 'fitness': 0.9661211904537399, 'generation': 150}","{'id': 11387, 'rank': 12, 'fitness': 0.9657121608858611, 'generation': 150}","{'id': 11345, 'rank': 13, 'fitness': 0.9645757854651467, 'generation': 150}","{'id': 11341, 'rank': 14, 'fitness': 0.9622653394432503, 'generation': 150}","{'id': 11341, 'rank': 15, 'fitness': 0.9622653394432503, 'generation': 150}","{'id': 11409, 'rank': 16, 'fitness': 0.9609050764832928, 'generation': 150}","{'id': 11343, 'rank': 17, 'fitness': 0.9604109654696531, 'generation': 150}","{'id': 11343, 'rank': 18, 'fitness': 0.9604109654696531, 'generation': 150}","{'id': 11330, 'rank': 19, 'fitness': 0.9580781913847181, 'generation': 150}","{'id': 11241, 'rank': 20, 'fitness': 0.9548226320797836, 'generation': 150}","{'id': 11366, 'rank': 21, 'fitness': 0.9538006777128569, 'generation': 150}","{'id': 11406, 'rank': 22, 'fitness': 0.9457370364730355, 'generation': 150}","{'id': 11390, 'rank': 23, 'fitness': 0.9336288123436765, 'generation': 150}","{'id': 11353, 'rank': 24, 'fitness': 0.9295576259307063, 'generation': 150}","{'id': 11353, 'rank': 25, 'fitness': 0.9295576259307063, 'generation': 150}","{'id': 11355, 'rank': 26, 'fitness': 0.9260894373936868, 'generation': 150}","{'id': 11319, 'rank': 27, 'fitness': 0.825411954787709, 'generation': 150}","{'id': 11319, 'rank': 28, 'fitness': 0.825411954787709, 'generation': 150}","{'id': 11347, 'rank': 29, 'fitness': 0.06633294278506818, 'generation': 150}","{'id': 11371, 'rank': 30, 'fitness': 0.01798620996209155, 'generation': 150}"
"{'id': 11442, 'rank': 1, 'fitness': 0.9820137900379085, 'generation': 151}","{'id': 11452, 'rank': 2, 'fitness': 0.95502569940522, 'generation': 151}","{'id': 11479, 'rank': 3, 'fitness': 0.9213533296882208, 'generation': 151}","{'id': 11472, 'rank': 4, 'fitness': 0.9138659391105989, 'generation': 151}","{'id': 11417, 'rank': 5, 'fitness': 0.9093390350743539, 'generation': 151}","{'id': 11417, 'rank': 6, 'fitness': 0.9093390350743539, 'generation': 151}","{'id': 11404, 'rank': 7, 'fitness': 0.8630526232941954, 'generation': 151}","{'id': 11404, 'rank': 8, 'fitness': 0.8630526232941954, 'generation': 151}","{'id': 11404, 'rank': 9, 'fitness': 0.8630526232941954, 'generation': 151}","{'id': 11295, 'rank': 10, 'fitness': 0.8595288232377074, 'generation': 151}","{'id': 11266, 'rank': 11, 'fitness': 0.8576660142370581, 'generation': 151}","{'id': 11478, 'rank': 12, 'fitness': 0.8502190217447652, 'generation': 151}","{'id': 11341, 'rank': 13, 'fitness': 0.7792649940260039, 'generation': 151}","{'id': 11341, 'rank': 14, 'fitness': 0.7792649940260039, 'generation': 151}","{'id': 11409, 'rank': 15, 'fitness': 0.7474862325566805, 'generation': 151}","{'id': 11343, 'rank': 16, 'fitness': 0.7355023946647752, 'generation': 151}","{'id': 11343, 'rank': 17, 'fitness': 0.7355023946647752, 'generation': 151}","{'id': 11440, 'rank': 18, 'fitness': 0.7157488928268263, 'generation': 151}","{'id': 11330, 'rank': 19, 'fitness': 0.6763968118166339, 'generation': 151}","{'id': 11482, 'rank': 20, 'fitness': 0.6166806591789892, 'generation': 151}","{'id': 11241, 'rank': 21, 'fitness': 0.5898351845346903, 'generation': 151}","{'id': 11366, 'rank': 22, 'fitness': 0.5624666107971391, 'generation': 151}","{'id': 11430, 'rank': 23, 'fitness': 0.24057312675691445, 'generation': 151}","{'id': 11438, 'rank': 24, 'fitness': 0.18673837689739742, 'generation': 151}","{'id': 11484, 'rank': 25, 'fitness': 0.1272508750124457, 'generation': 151}","{'id': 11418, 'rank': 26, 'fitness': 0.09609016199049775, 'generation': 151}","{'id': 11418, 'rank': 27, 'fitness': 0.09609016199049775, 'generation': 151}","{'id': 11471, 'rank': 28, 'fitness': 0.08684942752257979, 'generation': 151}","{'id': 11449, 'rank': 29, 'fitness': 0.03332277443674758, 'generation': 151}","{'id': 11419, 'rank': 30, 'fitness': 0.01798620996209155, 'generation': 151}"
"{'id': 11529, 'rank': 1, 'fitness': 0.9820137900379085, 'generation': 152}","{'id': 11452, 'rank': 2, 'fitness': 0.9798926779877829, 'generation': 152}","{'id': 11452, 'rank': 3, 'fitness': 0.9798926779877829, 'generation': 152}","{'id': 11452, 'rank': 4, 'fitness': 0.9798926779877829, 'generation': 152}","{'id': 11531, 'rank': 5, 'fitness': 0.9797700882098477, 'generation': 152}","{'id': 11531, 'rank': 6, 'fitness': 0.9797700882098477, 'generation': 152}","{'id': 11531, 'rank': 7, 'fitness': 0.9797700882098477, 'generation': 152}","{'id': 11531, 'rank': 8, 'fitness': 0.9797700882098477, 'generation': 152}","{'id': 11479, 'rank': 9, 'fitness': 0.9784511731115366, 'generation': 152}","{'id': 11472, 'rank': 10, 'fitness': 0.9782013611113203, 'generation': 152}","{'id': 11472, 'rank': 11, 'fitness': 0.9782013611113203, 'generation': 152}","{'id': 11417, 'rank': 12, 'fitness': 0.9780584659056224, 'generation': 152}","{'id': 11417, 'rank': 13, 'fitness': 0.9780584659056224, 'generation': 152}","{'id': 11417, 'rank': 14, 'fitness': 0.9780584659056224, 'generation': 152}","{'id': 11417, 'rank': 15, 'fitness': 0.9780584659056224, 'generation': 152}","{'id': 11404, 'rank': 16, 'fitness': 0.976841000032848, 'generation': 152}","{'id': 11241, 'rank': 17, 'fitness': 0.9725158117863681, 'generation': 152}","{'id': 11241, 'rank': 18, 'fitness': 0.9725158117863681, 'generation': 152}","{'id': 11241, 'rank': 19, 'fitness': 0.9725158117863681, 'generation': 152}","{'id': 11430, 'rank': 20, 'fitness': 0.9672774923884901, 'generation': 152}","{'id': 11418, 'rank': 21, 'fitness': 0.9629099302233372, 'generation': 152}","{'id': 11524, 'rank': 22, 'fitness': 0.9581838081142217, 'generation': 152}","{'id': 11523, 'rank': 23, 'fitness': 0.9406070079973671, 'generation': 152}","{'id': 11552, 'rank': 24, 'fitness': 0.9324213247299376, 'generation': 152}","{'id': 11491, 'rank': 25, 'fitness': 0.9309318596874727, 'generation': 152}","{'id': 11521, 'rank': 26, 'fitness': 0.9165940965333703, 'generation': 152}","{'id': 11537, 'rank': 27, 'fitness': 0.7178276817907913, 'generation': 152}","{'id': 11503, 'rank': 28, 'fitness': 0.5349965719126087, 'generation': 152}","{'id': 11534, 'rank': 29, 'fitness': 0.27710847611599576, 'generation': 152}","{'id': 11518, 'rank': 30, 'fitness': 0.01798620996209155, 'generation': 152}"
"{'id': 11529, 'rank': 1, 'fitness': 0.9820137900379085, 'generation': 153}","{'id': 11529, 'rank': 2, 'fitness': 0.9820137900379085, 'generation': 153}","{'id': 11637, 'rank': 3, 'fitness': 0.9811334202267157, 'generation': 153}","{'id': 11637, 'rank': 4, 'fitness': 0.9811334202267157, 'generation': 153}","{'id': 11637, 'rank': 5, 'fitness': 0.9811334202267157, 'generation': 153}","{'id': 11452, 'rank': 6, 'fitness': 0.980790812726068, 'generation': 153}","{'id': 11452, 'rank': 7, 'fitness': 0.980790812726068, 'generation': 153}","{'id': 11531, 'rank': 8, 'fitness': 0.9807217555964333, 'generation': 153}","{'id': 11531, 'rank': 9, 'fitness': 0.9807217555964333, 'generation': 153}","{'id': 11531, 'rank': 10, 'fitness': 0.9807217555964333, 'generation': 153}","{'id': 11613, 'rank': 11, 'fitness': 0.9806783547197229, 'generation': 153}","{'id': 11579, 'rank': 12, 'fitness': 0.980499833676539, 'generation': 153}","{'id': 11579, 'rank': 13, 'fitness': 0.980499833676539, 'generation': 153}","{'id': 11472, 'rank': 14, 'fitness': 0.9798523532768175, 'generation': 153}","{'id': 11472, 'rank': 15, 'fitness': 0.9798523532768175, 'generation': 153}","{'id': 11602, 'rank': 16, 'fitness': 0.9796001932201686, 'generation': 153}","{'id': 11577, 'rank': 17, 'fitness': 0.9793692078743342, 'generation': 153}","{'id': 11638, 'rank': 18, 'fitness': 0.9792832457726732, 'generation': 153}","{'id': 11404, 'rank': 19, 'fitness': 0.9791184641604282, 'generation': 153}","{'id': 11585, 'rank': 20, 'fitness': 0.9790921003236033, 'generation': 153}","{'id': 11639, 'rank': 21, 'fitness': 0.97896445803071, 'generation': 153}","{'id': 11641, 'rank': 22, 'fitness': 0.978523747899545, 'generation': 153}","{'id': 11564, 'rank': 23, 'fitness': 0.9783779530517822, 'generation': 153}","{'id': 11564, 'rank': 24, 'fitness': 0.9783779530517822, 'generation': 153}","{'id': 11625, 'rank': 25, 'fitness': 0.9770106993875463, 'generation': 153}","{'id': 11599, 'rank': 26, 'fitness': 0.9745642986385221, 'generation': 153}","{'id': 11559, 'rank': 27, 'fitness': 0.9431254488914412, 'generation': 153}","{'id': 11561, 'rank': 28, 'fitness': 0.9415088930806552, 'generation': 153}","{'id': 11617, 'rank': 29, 'fitness': 0.9225985596187836, 'generation': 153}","{'id': 11620, 'rank': 30, 'fitness': 0.01798620996209155, 'generation': 153}"
"{'id': 11706, 'rank': 1, 'fitness': 0.9820137900379085, 'generation': 154}","{'id': 11705, 'rank': 2, 'fitness': 0.9786211861320319, 'generation': 154}","{'id': 11705, 'rank': 3, 'fitness': 0.9786211861320319, 'generation': 154}","{'id': 11661, 'rank': 4, 'fitness': 0.9770852911249785, 'generation': 154}","{'id': 11651, 'rank': 5, 'fitness': 0.9765154576610342, 'generation': 154}","{'id': 11637, 'rank': 6, 'fitness': 0.974992838907162, 'generation': 154}","{'id': 11729, 'rank': 7, 'fitness': 0.9720963909228411, 'generation': 154}","{'id': 11452, 'rank': 8, 'fitness': 0.971630040673843, 'generation': 154}","{'id': 11531, 'rank': 9, 'fitness': 0.9709086532411988, 'generation': 154}","{'id': 11531, 'rank': 10, 'fitness': 0.9709086532411988, 'generation': 154}","{'id': 11579, 'rank': 11, 'fitness': 0.968486601744792, 'generation': 154}","{'id': 11690, 'rank': 12, 'fitness': 0.9682410982065734, 'generation': 154}","{'id': 11687, 'rank': 13, 'fitness': 0.9632095119730644, 'generation': 154}","{'id': 11673, 'rank': 14, 'fitness': 0.9625528424851524, 'generation': 154}","{'id': 11654, 'rank': 15, 'fitness': 0.9603812387839636, 'generation': 154}","{'id': 11674, 'rank': 16, 'fitness': 0.9594778591897524, 'generation': 154}","{'id': 11732, 'rank': 17, 'fitness': 0.9549162019840698, 'generation': 154}","{'id': 11727, 'rank': 18, 'fitness': 0.9368310732763127, 'generation': 154}","{'id': 11564, 'rank': 19, 'fitness': 0.9358487108270661, 'generation': 154}","{'id': 11672, 'rank': 20, 'fitness': 0.9355206058687712, 'generation': 154}","{'id': 11644, 'rank': 21, 'fitness': 0.9295756725041187, 'generation': 154}","{'id': 11730, 'rank': 22, 'fitness': 0.9263893342157313, 'generation': 154}","{'id': 11625, 'rank': 23, 'fitness': 0.9035320674252654, 'generation': 154}","{'id': 11707, 'rank': 24, 'fitness': 0.8873661507557447, 'generation': 154}","{'id': 11699, 'rank': 25, 'fitness': 0.8826310870273963, 'generation': 154}","{'id': 11678, 'rank': 26, 'fitness': 0.8585182010907577, 'generation': 154}","{'id': 11681, 'rank': 27, 'fitness': 0.8334903069193569, 'generation': 154}","{'id': 11682, 'rank': 28, 'fitness': 0.7974135971570624, 'generation': 154}","{'id': 11684, 'rank': 29, 'fitness': 0.6173323023357138, 'generation': 154}","{'id': 11693, 'rank': 30, 'fitness': 0.01798620996209155, 'generation': 154}"
"{'id': 11706, 'rank': 1, 'fitness': 0.9820137900379085, 'generation': 155}","{'id': 11786, 'rank': 2, 'fitness': 0.971828544537258, 'generation': 155}","{'id': 11651, 'rank': 3, 'fitness': 0.9709349891409293, 'generation': 155}","{'id': 11751, 'rank': 4, 'fitness': 0.9630637729433484, 'generation': 155}","{'id': 11729, 'rank': 5, 'fitness': 0.9604386965665608, 'generation': 155}","{'id': 11729, 'rank': 6, 'fitness': 0.9604386965665608, 'generation': 155}","{'id': 11782, 'rank': 7, 'fitness': 0.9577542367235014, 'generation': 155}","{'id': 11531, 'rank': 8, 'fitness': 0.9573907949223384, 'generation': 155}","{'id': 11531, 'rank': 9, 'fitness': 0.9573907949223384, 'generation': 155}","{'id': 11531, 'rank': 10, 'fitness': 0.9573907949223384, 'generation': 155}","{'id': 11736, 'rank': 11, 'fitness': 0.9519019906808861, 'generation': 155}","{'id': 11579, 'rank': 12, 'fitness': 0.9508920763983897, 'generation': 155}","{'id': 11579, 'rank': 13, 'fitness': 0.9508920763983897, 'generation': 155}","{'id': 11690, 'rank': 14, 'fitness': 0.950212641854959, 'generation': 155}","{'id': 11795, 'rank': 15, 'fitness': 0.9464994463739363, 'generation': 155}","{'id': 11791, 'rank': 16, 'fitness': 0.9435847093709321, 'generation': 155}","{'id': 11687, 'rank': 17, 'fitness': 0.9354896468817644, 'generation': 155}","{'id': 11673, 'rank': 18, 'fitness': 0.9334604335804211, 'generation': 155}","{'id': 11673, 'rank': 19, 'fitness': 0.9334604335804211, 'generation': 155}","{'id': 11749, 'rank': 20, 'fitness': 0.9333239184937574, 'generation': 155}","{'id': 11750, 'rank': 21, 'fitness': 0.9054945572339687, 'generation': 155}","{'id': 11744, 'rank': 22, 'fitness': 0.8865229045549297, 'generation': 155}","{'id': 11744, 'rank': 23, 'fitness': 0.8865229045549297, 'generation': 155}","{'id': 11742, 'rank': 24, 'fitness': 0.8305639577500707, 'generation': 155}","{'id': 11781, 'rank': 25, 'fitness': 0.8126121525553383, 'generation': 155}","{'id': 11644, 'rank': 26, 'fitness': 0.8082854496058243, 'generation': 155}","{'id': 11730, 'rank': 27, 'fitness': 0.7946021351616606, 'generation': 155}","{'id': 11779, 'rank': 28, 'fitness': 0.047117834637157296, 'generation': 155}","{'id': 11787, 'rank': 29, 'fitness': 0.0223043082497969, 'generation': 155}","{'id': 11789, 'rank': 30, 'fitness': 0.01798620996209155, 'generation': 155}"
"{'id': 11823, 'rank': 1, 'fitness': 0.9820137900379085, 'generation': 156}","{'id': 11865, 'rank': 2, 'fitness': 0.9776278620111669, 'generation': 156}","{'id': 11858, 'rank': 3, 'fitness': 0.9606066482376019, 'generation': 156}","{'id': 11859, 'rank': 4, 'fitness': 0.9593984217207867, 'generation': 156}","{'id': 11859, 'rank': 5, 'fitness': 0.9593984217207867, 'generation': 156}","{'id': 11859, 'rank': 6, 'fitness': 0.9593984217207867, 'generation': 156}","{'id': 11729, 'rank': 7, 'fitness': 0.9532438958134374, 'generation': 156}","{'id': 11531, 'rank': 8, 'fitness': 0.9499268670625515, 'generation': 156}","{'id': 11579, 'rank': 9, 'fitness': 0.9429165753705944, 'generation': 156}","{'id': 11579, 'rank': 10, 'fitness': 0.9429165753705944, 'generation': 156}","{'id': 11579, 'rank': 11, 'fitness': 0.9429165753705944, 'generation': 156}","{'id': 11690, 'rank': 12, 'fitness': 0.9421881833460959, 'generation': 156}","{'id': 11824, 'rank': 13, 'fitness': 0.9371502798713415, 'generation': 156}","{'id': 11673, 'rank': 14, 'fitness': 0.9244604187001435, 'generation': 156}","{'id': 11673, 'rank': 15, 'fitness': 0.9244604187001435, 'generation': 156}","{'id': 11749, 'rank': 16, 'fitness': 0.9243175978528821, 'generation': 156}","{'id': 11851, 'rank': 17, 'fitness': 0.9232874338835557, 'generation': 156}","{'id': 11872, 'rank': 18, 'fitness': 0.9006125321932393, 'generation': 156}","{'id': 11879, 'rank': 19, 'fitness': 0.844260474404532, 'generation': 156}","{'id': 11841, 'rank': 20, 'fitness': 0.8117259652718503, 'generation': 156}","{'id': 11730, 'rank': 21, 'fitness': 0.7868015551362383, 'generation': 156}","{'id': 11877, 'rank': 22, 'fitness': 0.7585477920271976, 'generation': 156}","{'id': 11838, 'rank': 23, 'fitness': 0.7101100868257867, 'generation': 156}","{'id': 11813, 'rank': 24, 'fitness': 0.7087249439508977, 'generation': 156}","{'id': 11813, 'rank': 25, 'fitness': 0.7087249439508977, 'generation': 156}","{'id': 11855, 'rank': 26, 'fitness': 0.5155186349988974, 'generation': 156}","{'id': 11876, 'rank': 27, 'fitness': 0.41695027126192036, 'generation': 156}","{'id': 11833, 'rank': 28, 'fitness': 0.3498602005143543, 'generation': 156}","{'id': 11829, 'rank': 29, 'fitness': 0.15298427394349684, 'generation': 156}","{'id': 11868, 'rank': 30, 'fitness': 0.01798620996209155, 'generation': 156}"
"{'id': 11823, 'rank': 1, 'fitness': 0.9820137900379085, 'generation': 157}","{'id': 11823, 'rank': 2, 'fitness': 0.9820137900379085, 'generation': 157}","{'id': 11823, 'rank': 3, 'fitness': 0.9820137900379085, 'generation': 157}","{'id': 11823, 'rank': 4, 'fitness': 0.9820137900379085, 'generation': 157}","{'id': 11944, 'rank': 5, 'fitness': 0.980456423616477, 'generation': 157}","{'id': 11944, 'rank': 6, 'fitness': 0.980456423616477, 'generation': 157}","{'id': 11858, 'rank': 7, 'fitness': 0.9723932831056257, 'generation': 157}","{'id': 11941, 'rank': 8, 'fitness': 0.9706916820060361, 'generation': 157}","{'id': 11904, 'rank': 9, 'fitness': 0.9698290040590736, 'generation': 157}","{'id': 11729, 'rank': 10, 'fitness': 0.9696560119200678, 'generation': 157}","{'id': 11925, 'rank': 11, 'fitness': 0.9694930985066476, 'generation': 157}","{'id': 11531, 'rank': 12, 'fitness': 0.9684821921488738, 'generation': 157}","{'id': 11579, 'rank': 13, 'fitness': 0.9661015401854419, 'generation': 157}","{'id': 11673, 'rank': 14, 'fitness': 0.9603351138098665, 'generation': 157}","{'id': 11749, 'rank': 15, 'fitness': 0.9602927669575839, 'generation': 157}","{'id': 11907, 'rank': 16, 'fitness': 0.9555915835903114, 'generation': 157}","{'id': 11907, 'rank': 17, 'fitness': 0.9555915835903114, 'generation': 157}","{'id': 11872, 'rank': 18, 'fitness': 0.9536205648519105, 'generation': 157}","{'id': 11915, 'rank': 19, 'fitness': 0.9460180378207351, 'generation': 157}","{'id': 11947, 'rank': 20, 'fitness': 0.942980089148572, 'generation': 157}","{'id': 11879, 'rank': 21, 'fitness': 0.9395755078733523, 'generation': 157}","{'id': 11948, 'rank': 22, 'fitness': 0.9388456569436718, 'generation': 157}","{'id': 11838, 'rank': 23, 'fitness': 0.9098728374734144, 'generation': 157}","{'id': 11838, 'rank': 24, 'fitness': 0.9098728374734144, 'generation': 157}","{'id': 11813, 'rank': 25, 'fitness': 0.9095727633178325, 'generation': 157}","{'id': 11916, 'rank': 26, 'fitness': 0.74478409773831, 'generation': 157}","{'id': 11918, 'rank': 27, 'fitness': 0.5589645403224887, 'generation': 157}","{'id': 11913, 'rank': 28, 'fitness': 0.4584215897306142, 'generation': 157}","{'id': 11868, 'rank': 29, 'fitness': 0.4133370673367202, 'generation': 157}","{'id': 11931, 'rank': 30, 'fitness': 0.01798620996209155, 'generation': 157}"
"{'id': 11969, 'rank': 1, 'fitness': 0.9820137900379085, 'generation': 158}","{'id': 12010, 'rank': 2, 'fitness': 0.9811282429270931, 'generation': 158}","{'id': 11823, 'rank': 3, 'fitness': 0.9805564052080524, 'generation': 158}","{'id': 11823, 'rank': 4, 'fitness': 0.9805564052080524, 'generation': 158}","{'id': 11823, 'rank': 5, 'fitness': 0.9805564052080524, 'generation': 158}","{'id': 11823, 'rank': 6, 'fitness': 0.9805564052080524, 'generation': 158}","{'id': 11944, 'rank': 7, 'fitness': 0.9775310731191849, 'generation': 158}","{'id': 12013, 'rank': 8, 'fitness': 0.9766500729993135, 'generation': 158}","{'id': 12013, 'rank': 9, 'fitness': 0.9766500729993135, 'generation': 158}","{'id': 11981, 'rank': 10, 'fitness': 0.9756531645946201, 'generation': 158}","{'id': 11981, 'rank': 11, 'fitness': 0.9756531645946201, 'generation': 158}","{'id': 12014, 'rank': 12, 'fitness': 0.9644818924130203, 'generation': 158}","{'id': 12014, 'rank': 13, 'fitness': 0.9644818924130203, 'generation': 158}","{'id': 11858, 'rank': 14, 'fitness': 0.9591296186744798, 'generation': 158}","{'id': 11904, 'rank': 15, 'fitness': 0.9523925076065206, 'generation': 158}","{'id': 11531, 'rank': 16, 'fitness': 0.9486969694234866, 'generation': 158}","{'id': 12002, 'rank': 17, 'fitness': 0.9375535299454136, 'generation': 158}","{'id': 11749, 'rank': 18, 'fitness': 0.9240981889833182, 'generation': 158}","{'id': 11907, 'rank': 19, 'fitness': 0.9085049960751762, 'generation': 158}","{'id': 11958, 'rank': 20, 'fitness': 0.9076551343057314, 'generation': 158}","{'id': 11915, 'rank': 21, 'fitness': 0.8740458203972356, 'generation': 158}","{'id': 12003, 'rank': 22, 'fitness': 0.8319007178447981, 'generation': 158}","{'id': 11990, 'rank': 23, 'fitness': 0.8195697234564745, 'generation': 158}","{'id': 11971, 'rank': 24, 'fitness': 0.7245816572388146, 'generation': 158}","{'id': 11998, 'rank': 25, 'fitness': 0.39501625896002845, 'generation': 158}","{'id': 11999, 'rank': 26, 'fitness': 0.32188398309318467, 'generation': 158}","{'id': 11959, 'rank': 27, 'fitness': 0.2664590323983449, 'generation': 158}","{'id': 12023, 'rank': 28, 'fitness': 0.2303365863795201, 'generation': 158}","{'id': 11913, 'rank': 29, 'fitness': 0.033838969631257376, 'generation': 158}","{'id': 11962, 'rank': 30, 'fitness': 0.01798620996209155, 'generation': 158}"
"{'id': 12044, 'rank': 1, 'fitness': 0.9820137900379085, 'generation': 159}","{'id': 11823, 'rank': 2, 'fitness': 0.9800524869160112, 'generation': 159}","{'id': 11823, 'rank': 3, 'fitness': 0.9800524869160112, 'generation': 159}","{'id': 11823, 'rank': 4, 'fitness': 0.9800524869160112, 'generation': 159}","{'id': 12089, 'rank': 5, 'fitness': 0.9791908588741098, 'generation': 159}","{'id': 12013, 'rank': 6, 'fitness': 0.9791125524314339, 'generation': 159}","{'id': 12013, 'rank': 7, 'fitness': 0.9791125524314339, 'generation': 159}","{'id': 12013, 'rank': 8, 'fitness': 0.9791125524314339, 'generation': 159}","{'id': 11981, 'rank': 9, 'fitness': 0.9788913296407789, 'generation': 159}","{'id': 12032, 'rank': 10, 'fitness': 0.9785473290064739, 'generation': 159}","{'id': 12046, 'rank': 11, 'fitness': 0.9781919137618926, 'generation': 159}","{'id': 12074, 'rank': 12, 'fitness': 0.9781104831955205, 'generation': 159}","{'id': 12034, 'rank': 13, 'fitness': 0.9777016193991135, 'generation': 159}","{'id': 12026, 'rank': 14, 'fitness': 0.9772223352124445, 'generation': 159}","{'id': 12014, 'rank': 15, 'fitness': 0.9767733803272856, 'generation': 159}","{'id': 12085, 'rank': 16, 'fitness': 0.9767427556933117, 'generation': 159}","{'id': 12085, 'rank': 17, 'fitness': 0.9767427556933117, 'generation': 159}","{'id': 12045, 'rank': 18, 'fitness': 0.9766752525901987, 'generation': 159}","{'id': 12031, 'rank': 19, 'fitness': 0.972798622059805, 'generation': 159}","{'id': 12073, 'rank': 20, 'fitness': 0.972321343774819, 'generation': 159}","{'id': 11958, 'rank': 21, 'fitness': 0.9702180300290427, 'generation': 159}","{'id': 12029, 'rank': 22, 'fitness': 0.9665754432500362, 'generation': 159}","{'id': 11990, 'rank': 23, 'fitness': 0.9640726262383761, 'generation': 159}","{'id': 12049, 'rank': 24, 'fitness': 0.9468670279084026, 'generation': 159}","{'id': 12053, 'rank': 25, 'fitness': 0.9450116051162384, 'generation': 159}","{'id': 12023, 'rank': 26, 'fitness': 0.9312638611760731, 'generation': 159}","{'id': 12080, 'rank': 27, 'fitness': 0.8243323979275012, 'generation': 159}","{'id': 12081, 'rank': 28, 'fitness': 0.7639522425319796, 'generation': 159}","{'id': 12058, 'rank': 29, 'fitness': 0.024364106526470752, 'generation': 159}","{'id': 12079, 'rank': 30, 'fitness': 0.01798620996209155, 'generation': 159}"
"{'id': 12156, 'rank': 1, 'fitness': 0.9820137900379085, 'generation': 160}","{'id': 12156, 'rank': 2, 'fitness': 0.9820137900379085, 'generation': 160}","{'id': 12044, 'rank': 3, 'fitness': 0.9628741896637385, 'generation': 160}","{'id': 12112, 'rank': 4, 'fitness': 0.9459183419180607, 'generation': 160}","{'id': 12161, 'rank': 5, 'fitness': 0.9423179507852311, 'generation': 160}","{'id': 12154, 'rank': 6, 'fitness': 0.9349595282260058, 'generation': 160}","{'id': 12153, 'rank': 7, 'fitness': 0.9318200738928559, 'generation': 160}","{'id': 12098, 'rank': 8, 'fitness': 0.9186457105331324, 'generation': 160}","{'id': 11823, 'rank': 9, 'fitness': 0.9118660814053159, 'generation': 160}","{'id': 11823, 'rank': 10, 'fitness': 0.9118660814053159, 'generation': 160}","{'id': 11823, 'rank': 11, 'fitness': 0.9118660814053159, 'generation': 160}","{'id': 11823, 'rank': 12, 'fitness': 0.9118660814053159, 'generation': 160}","{'id': 12013, 'rank': 13, 'fitness': 0.8729389956743596, 'generation': 160}","{'id': 12013, 'rank': 14, 'fitness': 0.8729389956743596, 'generation': 160}","{'id': 11981, 'rank': 15, 'fitness': 0.8621730970603634, 'generation': 160}","{'id': 12099, 'rank': 16, 'fitness': 0.8546231433916832, 'generation': 160}","{'id': 12074, 'rank': 17, 'fitness': 0.8190753728462725, 'generation': 160}","{'id': 12074, 'rank': 18, 'fitness': 0.8190753728462725, 'generation': 160}","{'id': 12074, 'rank': 19, 'fitness': 0.8190753728462725, 'generation': 160}","{'id': 12045, 'rank': 20, 'fitness': 0.719928538327855, 'generation': 160}","{'id': 12130, 'rank': 21, 'fitness': 0.7141778828736391, 'generation': 160}","{'id': 12096, 'rank': 22, 'fitness': 0.5769531355570335, 'generation': 160}","{'id': 12157, 'rank': 23, 'fitness': 0.5675552435324971, 'generation': 160}","{'id': 12097, 'rank': 24, 'fitness': 0.566371946602297, 'generation': 160}","{'id': 12165, 'rank': 25, 'fitness': 0.5586478414626147, 'generation': 160}","{'id': 12102, 'rank': 26, 'fitness': 0.47070165786603335, 'generation': 160}","{'id': 12031, 'rank': 27, 'fitness': 0.3941632893541607, 'generation': 160}","{'id': 12073, 'rank': 28, 'fitness': 0.3576369732936006, 'generation': 160}","{'id': 12121, 'rank': 29, 'fitness': 0.25000731703195156, 'generation': 160}","{'id': 12126, 'rank': 30, 'fitness': 0.01798620996209155, 'generation': 160}"
"{'id': 12217, 'rank': 1, 'fitness': 0.9820137900379085, 'generation': 161}","{'id': 12217, 'rank': 2, 'fitness': 0.9820137900379085, 'generation': 161}","{'id': 12156, 'rank': 3, 'fitness': 0.981887703248689, 'generation': 161}","{'id': 12156, 'rank': 4, 'fitness': 0.981887703248689, 'generation': 161}","{'id': 12156, 'rank': 5, 'fitness': 0.981887703248689, 'generation': 161}","{'id': 12220, 'rank': 6, 'fitness': 0.9815667446512357, 'generation': 161}","{'id': 12220, 'rank': 7, 'fitness': 0.9815667446512357, 'generation': 161}","{'id': 12216, 'rank': 8, 'fitness': 0.9812896371789521, 'generation': 161}","{'id': 12216, 'rank': 9, 'fitness': 0.9812896371789521, 'generation': 161}","{'id': 12216, 'rank': 10, 'fitness': 0.9812896371789521, 'generation': 161}","{'id': 12098, 'rank': 11, 'fitness': 0.9797547651197679, 'generation': 161}","{'id': 11823, 'rank': 12, 'fitness': 0.9796294526024228, 'generation': 161}","{'id': 11823, 'rank': 13, 'fitness': 0.9796294526024228, 'generation': 161}","{'id': 12013, 'rank': 14, 'fitness': 0.9790325800061861, 'generation': 161}","{'id': 12013, 'rank': 15, 'fitness': 0.9790325800061861, 'generation': 161}","{'id': 12099, 'rank': 16, 'fitness': 0.9788008890756219, 'generation': 161}","{'id': 12074, 'rank': 17, 'fitness': 0.9784069429928928, 'generation': 161}","{'id': 12074, 'rank': 18, 'fitness': 0.9784069429928928, 'generation': 161}","{'id': 12074, 'rank': 19, 'fitness': 0.9784069429928928, 'generation': 161}","{'id': 12204, 'rank': 20, 'fitness': 0.9746467416288469, 'generation': 161}","{'id': 12189, 'rank': 21, 'fitness': 0.9683516904771226, 'generation': 161}","{'id': 12126, 'rank': 22, 'fitness': 0.9682222914740161, 'generation': 161}","{'id': 12126, 'rank': 23, 'fitness': 0.9682222914740161, 'generation': 161}","{'id': 12229, 'rank': 24, 'fitness': 0.9648829693448701, 'generation': 161}","{'id': 12179, 'rank': 25, 'fitness': 0.9551440757350687, 'generation': 161}","{'id': 12195, 'rank': 26, 'fitness': 0.9518777758286097, 'generation': 161}","{'id': 12208, 'rank': 27, 'fitness': 0.9437728688493598, 'generation': 161}","{'id': 12168, 'rank': 28, 'fitness': 0.8483227478740663, 'generation': 161}","{'id': 12168, 'rank': 29, 'fitness': 0.8483227478740663, 'generation': 161}","{'id': 12197, 'rank': 30, 'fitness': 0.01798620996209155, 'generation': 161}"
"{'id': 12217, 'rank': 1, 'fitness': 0.9820137900379085, 'generation': 162}","{'id': 12217, 'rank': 2, 'fitness': 0.9820137900379085, 'generation': 162}","{'id': 12156, 'rank': 3, 'fitness': 0.9815672509138922, 'generation': 162}","{'id': 12156, 'rank': 4, 'fitness': 0.9815672509138922, 'generation': 162}","{'id': 12305, 'rank': 5, 'fitness': 0.9808839026566539, 'generation': 162}","{'id': 12275, 'rank': 6, 'fitness': 0.9808245523276788, 'generation': 162}","{'id': 12296, 'rank': 7, 'fitness': 0.9805124363382051, 'generation': 162}","{'id': 12250, 'rank': 8, 'fitness': 0.9787887184309669, 'generation': 162}","{'id': 12250, 'rank': 9, 'fitness': 0.9787887184309669, 'generation': 162}","{'id': 12250, 'rank': 10, 'fitness': 0.9787887184309669, 'generation': 162}","{'id': 12288, 'rank': 11, 'fitness': 0.9762435328604986, 'generation': 162}","{'id': 12285, 'rank': 12, 'fitness': 0.976085254564266, 'generation': 162}","{'id': 12276, 'rank': 13, 'fitness': 0.975663615278624, 'generation': 162}","{'id': 12253, 'rank': 14, 'fitness': 0.9754913469330624, 'generation': 162}","{'id': 12268, 'rank': 15, 'fitness': 0.9725220708826297, 'generation': 162}","{'id': 11823, 'rank': 16, 'fitness': 0.9721962646673612, 'generation': 162}","{'id': 12273, 'rank': 17, 'fitness': 0.9721806425577713, 'generation': 162}","{'id': 12300, 'rank': 18, 'fitness': 0.9691022228006476, 'generation': 162}","{'id': 12099, 'rank': 19, 'fitness': 0.9680599161530976, 'generation': 162}","{'id': 12074, 'rank': 20, 'fitness': 0.9659529100950428, 'generation': 162}","{'id': 12251, 'rank': 21, 'fitness': 0.965774249555413, 'generation': 162}","{'id': 12237, 'rank': 22, 'fitness': 0.9648710466630667, 'generation': 162}","{'id': 12263, 'rank': 23, 'fitness': 0.9629274749640471, 'generation': 162}","{'id': 12266, 'rank': 24, 'fitness': 0.9546153834665521, 'generation': 162}","{'id': 12280, 'rank': 25, 'fitness': 0.9500090351108623, 'generation': 162}","{'id': 12280, 'rank': 26, 'fitness': 0.9500090351108623, 'generation': 162}","{'id': 12262, 'rank': 27, 'fitness': 0.9253617254525883, 'generation': 162}","{'id': 12294, 'rank': 28, 'fitness': 0.8574850885821539, 'generation': 162}","{'id': 12229, 'rank': 29, 'fitness': 0.8304761835700696, 'generation': 162}","{'id': 12168, 'rank': 30, 'fitness': 0.01798620996209155, 'generation': 162}"
"{'id': 12319, 'rank': 1, 'fitness': 0.9820137900379085, 'generation': 163}","{'id': 12250, 'rank': 2, 'fitness': 0.9795544872821731, 'generation': 163}","{'id': 12250, 'rank': 3, 'fitness': 0.9795544872821731, 'generation': 163}","{'id': 12321, 'rank': 4, 'fitness': 0.977318133608049, 'generation': 163}","{'id': 12340, 'rank': 5, 'fitness': 0.9710939910112143, 'generation': 163}","{'id': 12318, 'rank': 6, 'fitness': 0.9658695084783864, 'generation': 163}","{'id': 12285, 'rank': 7, 'fitness': 0.9577407051124496, 'generation': 163}","{'id': 12320, 'rank': 8, 'fitness': 0.9450670797357004, 'generation': 163}","{'id': 12320, 'rank': 9, 'fitness': 0.9450670797357004, 'generation': 163}","{'id': 12361, 'rank': 10, 'fitness': 0.9191447783255566, 'generation': 163}","{'id': 12367, 'rank': 11, 'fitness': 0.9007759385553452, 'generation': 163}","{'id': 11823, 'rank': 12, 'fitness': 0.8981975275477374, 'generation': 163}","{'id': 12273, 'rank': 13, 'fitness': 0.8978748271137628, 'generation': 163}","{'id': 12338, 'rank': 14, 'fitness': 0.8655199470370156, 'generation': 163}","{'id': 12338, 'rank': 15, 'fitness': 0.8655199470370156, 'generation': 163}","{'id': 12300, 'rank': 16, 'fitness': 0.8197018098131548, 'generation': 163}","{'id': 12325, 'rank': 17, 'fitness': 0.7987497585249986, 'generation': 163}","{'id': 12348, 'rank': 18, 'fitness': 0.7619820249185824, 'generation': 163}","{'id': 12326, 'rank': 19, 'fitness': 0.7203947853143734, 'generation': 163}","{'id': 12347, 'rank': 20, 'fitness': 0.6989807060857528, 'generation': 163}","{'id': 12369, 'rank': 21, 'fitness': 0.6221648794448519, 'generation': 163}","{'id': 12349, 'rank': 22, 'fitness': 0.466344157254698, 'generation': 163}","{'id': 12378, 'rank': 23, 'fitness': 0.36009553426621366, 'generation': 163}","{'id': 12362, 'rank': 24, 'fitness': 0.26356396624675216, 'generation': 163}","{'id': 12376, 'rank': 25, 'fitness': 0.2291809529403121, 'generation': 163}","{'id': 12328, 'rank': 26, 'fitness': 0.093675299088541, 'generation': 163}","{'id': 12344, 'rank': 27, 'fitness': 0.08135447809546009, 'generation': 163}","{'id': 12377, 'rank': 28, 'fitness': 0.02513884601665506, 'generation': 163}","{'id': 12370, 'rank': 29, 'fitness': 0.019704074117873727, 'generation': 163}","{'id': 12351, 'rank': 30, 'fitness': 0.01798620996209155, 'generation': 163}"
"{'id': 12319, 'rank': 1, 'fitness': 0.9820137900379085, 'generation': 164}","{'id': 12321, 'rank': 2, 'fitness': 0.981846889831269, 'generation': 164}","{'id': 12321, 'rank': 3, 'fitness': 0.981846889831269, 'generation': 164}","{'id': 12321, 'rank': 4, 'fitness': 0.981846889831269, 'generation': 164}","{'id': 12386, 'rank': 5, 'fitness': 0.9814400127011549, 'generation': 164}","{'id': 12386, 'rank': 6, 'fitness': 0.9814400127011549, 'generation': 164}","{'id': 12388, 'rank': 7, 'fitness': 0.9813962933506828, 'generation': 164}","{'id': 12388, 'rank': 8, 'fitness': 0.9813962933506828, 'generation': 164}","{'id': 12389, 'rank': 9, 'fitness': 0.9812478666163718, 'generation': 164}","{'id': 12320, 'rank': 10, 'fitness': 0.9811851741905906, 'generation': 164}","{'id': 12443, 'rank': 11, 'fitness': 0.9809051637988571, 'generation': 164}","{'id': 12423, 'rank': 12, 'fitness': 0.9808968102681805, 'generation': 164}","{'id': 12414, 'rank': 13, 'fitness': 0.9808586458681046, 'generation': 164}","{'id': 12424, 'rank': 14, 'fitness': 0.9808168223862835, 'generation': 164}","{'id': 12273, 'rank': 15, 'fitness': 0.9806864137986704, 'generation': 164}","{'id': 12338, 'rank': 16, 'fitness': 0.9804502822646135, 'generation': 164}","{'id': 12387, 'rank': 17, 'fitness': 0.980402521111909, 'generation': 164}","{'id': 12439, 'rank': 18, 'fitness': 0.980339229722383, 'generation': 164}","{'id': 12427, 'rank': 19, 'fitness': 0.9802028274125654, 'generation': 164}","{'id': 12440, 'rank': 20, 'fitness': 0.9797715029886416, 'generation': 164}","{'id': 12376, 'rank': 21, 'fitness': 0.9779658894135075, 'generation': 164}","{'id': 12377, 'rank': 22, 'fitness': 0.9757725317999715, 'generation': 164}","{'id': 12377, 'rank': 23, 'fitness': 0.9757725317999715, 'generation': 164}","{'id': 12409, 'rank': 24, 'fitness': 0.9736804641081385, 'generation': 164}","{'id': 12409, 'rank': 25, 'fitness': 0.9736804641081385, 'generation': 164}","{'id': 12404, 'rank': 26, 'fitness': 0.9679378956201976, 'generation': 164}","{'id': 12407, 'rank': 27, 'fitness': 0.9627773247107373, 'generation': 164}","{'id': 12407, 'rank': 28, 'fitness': 0.9627773247107373, 'generation': 164}","{'id': 12406, 'rank': 29, 'fitness': 0.941765848372822, 'generation': 164}","{'id': 12430, 'rank': 30, 'fitness': 0.01798620996209155, 'generation': 164}"
"{'id': 12448, 'rank': 1, 'fitness': 0.9820137900379085, 'generation': 165}","{'id': 12321, 'rank': 2, 'fitness': 0.9750144244321763, 'generation': 165}","{'id': 12321, 'rank': 3, 'fitness': 0.9750144244321763, 'generation': 165}","{'id': 12321, 'rank': 4, 'fitness': 0.9750144244321763, 'generation': 165}","{'id': 12321, 'rank': 5, 'fitness': 0.9750144244321763, 'generation': 165}","{'id': 12501, 'rank': 6, 'fitness': 0.9615667532203007, 'generation': 165}","{'id': 12463, 'rank': 7, 'fitness': 0.9598843342627692, 'generation': 165}","{'id': 12484, 'rank': 8, 'fitness': 0.9593387809369657, 'generation': 165}","{'id': 12484, 'rank': 9, 'fitness': 0.9593387809369657, 'generation': 165}","{'id': 12513, 'rank': 10, 'fitness': 0.9560559553924919, 'generation': 165}","{'id': 12389, 'rank': 11, 'fitness': 0.9524265597420706, 'generation': 165}","{'id': 12320, 'rank': 12, 'fitness': 0.9492182288299049, 'generation': 165}","{'id': 12487, 'rank': 13, 'fitness': 0.9391137168013786, 'generation': 165}","{'id': 12462, 'rank': 14, 'fitness': 0.9336884653149834, 'generation': 165}","{'id': 12476, 'rank': 15, 'fitness': 0.9134176443151387, 'generation': 165}","{'id': 12504, 'rank': 16, 'fitness': 0.9048606161615433, 'generation': 165}","{'id': 12523, 'rank': 17, 'fitness': 0.8971583406043676, 'generation': 165}","{'id': 12495, 'rank': 18, 'fitness': 0.8948163924868489, 'generation': 165}","{'id': 12495, 'rank': 19, 'fitness': 0.8948163924868489, 'generation': 165}","{'id': 12493, 'rank': 20, 'fitness': 0.848725232164488, 'generation': 165}","{'id': 12510, 'rank': 21, 'fitness': 0.8420891544347685, 'generation': 165}","{'id': 12494, 'rank': 22, 'fitness': 0.8363334205142692, 'generation': 165}","{'id': 12491, 'rank': 23, 'fitness': 0.8021440317650868, 'generation': 165}","{'id': 12482, 'rank': 24, 'fitness': 0.7829015397929139, 'generation': 165}","{'id': 12503, 'rank': 25, 'fitness': 0.7033640729901143, 'generation': 165}","{'id': 12519, 'rank': 26, 'fitness': 0.5863386065305587, 'generation': 165}","{'id': 12514, 'rank': 27, 'fitness': 0.4911132116237619, 'generation': 165}","{'id': 12520, 'rank': 28, 'fitness': 0.3045685016997829, 'generation': 165}","{'id': 12457, 'rank': 29, 'fitness': 0.29925898496815106, 'generation': 165}","{'id': 12409, 'rank': 30, 'fitness': 0.01798620996209155, 'generation': 165}"
"{'id': 12448, 'rank': 1, 'fitness': 0.9820137900379085, 'generation': 166}","{'id': 12448, 'rank': 2, 'fitness': 0.9820137900379085, 'generation': 166}","{'id': 12321, 'rank': 3, 'fitness': 0.9807903525590159, 'generation': 166}","{'id': 12463, 'rank': 4, 'fitness': 0.9788614682895949, 'generation': 166}","{'id': 12389, 'rank': 5, 'fitness': 0.9781121440485306, 'generation': 166}","{'id': 12583, 'rank': 6, 'fitness': 0.9780382733566533, 'generation': 166}","{'id': 12583, 'rank': 7, 'fitness': 0.9780382733566533, 'generation': 166}","{'id': 12554, 'rank': 8, 'fitness': 0.9773504596092033, 'generation': 166}","{'id': 12554, 'rank': 9, 'fitness': 0.9773504596092033, 'generation': 166}","{'id': 12555, 'rank': 10, 'fitness': 0.9764517876621484, 'generation': 166}","{'id': 12588, 'rank': 11, 'fitness': 0.9756955065890878, 'generation': 166}","{'id': 12504, 'rank': 12, 'fitness': 0.9746941466238495, 'generation': 166}","{'id': 12523, 'rank': 13, 'fitness': 0.974265177116297, 'generation': 166}","{'id': 12580, 'rank': 14, 'fitness': 0.9731767480087119, 'generation': 166}","{'id': 12580, 'rank': 15, 'fitness': 0.9731767480087119, 'generation': 166}","{'id': 12547, 'rank': 16, 'fitness': 0.9727498048426979, 'generation': 166}","{'id': 12547, 'rank': 17, 'fitness': 0.9727498048426979, 'generation': 166}","{'id': 12559, 'rank': 18, 'fitness': 0.9590945314351518, 'generation': 166}","{'id': 12595, 'rank': 19, 'fitness': 0.9504623341811831, 'generation': 166}","{'id': 12575, 'rank': 20, 'fitness': 0.946046197165319, 'generation': 166}","{'id': 12590, 'rank': 21, 'fitness': 0.9150479931544262, 'generation': 166}","{'id': 12590, 'rank': 22, 'fitness': 0.9150479931544262, 'generation': 166}","{'id': 12590, 'rank': 23, 'fitness': 0.9150479931544262, 'generation': 166}","{'id': 12533, 'rank': 24, 'fitness': 0.529952688301784, 'generation': 166}","{'id': 12533, 'rank': 25, 'fitness': 0.529952688301784, 'generation': 166}","{'id': 12551, 'rank': 26, 'fitness': 0.16704863803825992, 'generation': 166}","{'id': 12548, 'rank': 27, 'fitness': 0.09242270424535415, 'generation': 166}","{'id': 12548, 'rank': 28, 'fitness': 0.09242270424535415, 'generation': 166}","{'id': 12544, 'rank': 29, 'fitness': 0.04078251361207691, 'generation': 166}","{'id': 12532, 'rank': 30, 'fitness': 0.01798620996209155, 'generation': 166}"
"{'id': 12648, 'rank': 1, 'fitness': 0.9820137900379085, 'generation': 167}","{'id': 12448, 'rank': 2, 'fitness': 0.9814939805269391, 'generation': 167}","{'id': 12662, 'rank': 3, 'fitness': 0.9787839419797632, 'generation': 167}","{'id': 12662, 'rank': 4, 'fitness': 0.9787839419797632, 'generation': 167}","{'id': 12662, 'rank': 5, 'fitness': 0.9787839419797632, 'generation': 167}","{'id': 12655, 'rank': 6, 'fitness': 0.9777129259298644, 'generation': 167}","{'id': 12645, 'rank': 7, 'fitness': 0.9747325517240529, 'generation': 167}","{'id': 12644, 'rank': 8, 'fitness': 0.9730002414955516, 'generation': 167}","{'id': 12617, 'rank': 9, 'fitness': 0.9721584662875515, 'generation': 167}","{'id': 12624, 'rank': 10, 'fitness': 0.9718002198932545, 'generation': 167}","{'id': 12523, 'rank': 11, 'fitness': 0.9706112832196601, 'generation': 167}","{'id': 12623, 'rank': 12, 'fitness': 0.9661816975313873, 'generation': 167}","{'id': 12642, 'rank': 13, 'fitness': 0.9653625220159394, 'generation': 167}","{'id': 12601, 'rank': 14, 'fitness': 0.96300522266023, 'generation': 167}","{'id': 12625, 'rank': 15, 'fitness': 0.9558916372281083, 'generation': 167}","{'id': 12632, 'rank': 16, 'fitness': 0.9491585785801666, 'generation': 167}","{'id': 12639, 'rank': 17, 'fitness': 0.9484714279685338, 'generation': 167}","{'id': 12618, 'rank': 18, 'fitness': 0.9398434205554149, 'generation': 167}","{'id': 12618, 'rank': 19, 'fitness': 0.9398434205554149, 'generation': 167}","{'id': 12597, 'rank': 20, 'fitness': 0.9391512317913503, 'generation': 167}","{'id': 12597, 'rank': 21, 'fitness': 0.9391512317913503, 'generation': 167}","{'id': 12604, 'rank': 22, 'fitness': 0.9350013839491484, 'generation': 167}","{'id': 12595, 'rank': 23, 'fitness': 0.9320211118236238, 'generation': 167}","{'id': 12590, 'rank': 24, 'fitness': 0.8666125025714193, 'generation': 167}","{'id': 12622, 'rank': 25, 'fitness': 0.6172332116450394, 'generation': 167}","{'id': 12620, 'rank': 26, 'fitness': 0.49132811437632457, 'generation': 167}","{'id': 12533, 'rank': 27, 'fitness': 0.25956584864768184, 'generation': 167}","{'id': 12659, 'rank': 28, 'fitness': 0.16273159305505214, 'generation': 167}","{'id': 12660, 'rank': 29, 'fitness': 0.019821730541993654, 'generation': 167}","{'id': 12661, 'rank': 30, 'fitness': 0.01798620996209155, 'generation': 167}"
"{'id': 12743, 'rank': 1, 'fitness': 0.9820137900379085, 'generation': 168}","{'id': 12662, 'rank': 2, 'fitness': 0.9814406712321482, 'generation': 168}","{'id': 12675, 'rank': 3, 'fitness': 0.9808997730201986, 'generation': 168}","{'id': 12655, 'rank': 4, 'fitness': 0.9802687443572562, 'generation': 168}","{'id': 12655, 'rank': 5, 'fitness': 0.9802687443572562, 'generation': 168}","{'id': 12726, 'rank': 6, 'fitness': 0.9754396484069979, 'generation': 168}","{'id': 12726, 'rank': 7, 'fitness': 0.9754396484069979, 'generation': 168}","{'id': 12691, 'rank': 8, 'fitness': 0.9748143039182977, 'generation': 168}","{'id': 12688, 'rank': 9, 'fitness': 0.9742494237413168, 'generation': 168}","{'id': 12523, 'rank': 10, 'fitness': 0.9721747525096334, 'generation': 168}","{'id': 12679, 'rank': 11, 'fitness': 0.9671528638849068, 'generation': 168}","{'id': 12623, 'rank': 12, 'fitness': 0.9668766774428039, 'generation': 168}","{'id': 12738, 'rank': 13, 'fitness': 0.9656714398335529, 'generation': 168}","{'id': 12721, 'rank': 14, 'fitness': 0.9636699756624874, 'generation': 168}","{'id': 12754, 'rank': 15, 'fitness': 0.9624437698418252, 'generation': 168}","{'id': 12632, 'rank': 16, 'fitness': 0.945123367138778, 'generation': 168}","{'id': 12639, 'rank': 17, 'fitness': 0.9442062423212879, 'generation': 168}","{'id': 12639, 'rank': 18, 'fitness': 0.9442062423212879, 'generation': 168}","{'id': 12709, 'rank': 19, 'fitness': 0.9413442167505655, 'generation': 168}","{'id': 12709, 'rank': 20, 'fitness': 0.9413442167505655, 'generation': 168}","{'id': 12618, 'rank': 21, 'fitness': 0.9324772251823198, 'generation': 168}","{'id': 12685, 'rank': 22, 'fitness': 0.9282975632114753, 'generation': 168}","{'id': 12685, 'rank': 23, 'fitness': 0.9282975632114753, 'generation': 168}","{'id': 12604, 'rank': 24, 'fitness': 0.9257371366582181, 'generation': 168}","{'id': 12674, 'rank': 25, 'fitness': 0.8952483635046777, 'generation': 168}","{'id': 12731, 'rank': 26, 'fitness': 0.597628571546119, 'generation': 168}","{'id': 12705, 'rank': 27, 'fitness': 0.5755232027767202, 'generation': 168}","{'id': 12695, 'rank': 28, 'fitness': 0.41668607463013874, 'generation': 168}","{'id': 12729, 'rank': 29, 'fitness': 0.1274301149418336, 'generation': 168}","{'id': 12730, 'rank': 30, 'fitness': 0.01798620996209155, 'generation': 168}"
"{'id': 12743, 'rank': 1, 'fitness': 0.9820137900379085, 'generation': 169}","{'id': 12675, 'rank': 2, 'fitness': 0.9808997730201986, 'generation': 169}","{'id': 12655, 'rank': 3, 'fitness': 0.9802687443572562, 'generation': 169}","{'id': 12827, 'rank': 4, 'fitness': 0.9786019276476391, 'generation': 169}","{'id': 12726, 'rank': 5, 'fitness': 0.9754396484069979, 'generation': 169}","{'id': 12726, 'rank': 6, 'fitness': 0.9754396484069979, 'generation': 169}","{'id': 12691, 'rank': 7, 'fitness': 0.9748143039182977, 'generation': 169}","{'id': 12688, 'rank': 8, 'fitness': 0.9742494237413168, 'generation': 169}","{'id': 12688, 'rank': 9, 'fitness': 0.9742494237413168, 'generation': 169}","{'id': 12800, 'rank': 10, 'fitness': 0.9740384195789966, 'generation': 169}","{'id': 12800, 'rank': 11, 'fitness': 0.9740384195789966, 'generation': 169}","{'id': 12812, 'rank': 12, 'fitness': 0.9678617160107121, 'generation': 169}","{'id': 12792, 'rank': 13, 'fitness': 0.9675433214710847, 'generation': 169}","{'id': 12792, 'rank': 14, 'fitness': 0.9675433214710847, 'generation': 169}","{'id': 12798, 'rank': 15, 'fitness': 0.9658125316692645, 'generation': 169}","{'id': 12738, 'rank': 16, 'fitness': 0.9656714398335529, 'generation': 169}","{'id': 12813, 'rank': 17, 'fitness': 0.9651550441279423, 'generation': 169}","{'id': 12810, 'rank': 18, 'fitness': 0.9611375806741687, 'generation': 169}","{'id': 12773, 'rank': 19, 'fitness': 0.9587329910974285, 'generation': 169}","{'id': 12801, 'rank': 20, 'fitness': 0.9581777158705294, 'generation': 169}","{'id': 12801, 'rank': 21, 'fitness': 0.9581777158705294, 'generation': 169}","{'id': 12639, 'rank': 22, 'fitness': 0.9442062423212879, 'generation': 169}","{'id': 12618, 'rank': 23, 'fitness': 0.9324772251823198, 'generation': 169}","{'id': 12685, 'rank': 24, 'fitness': 0.9282975632114753, 'generation': 169}","{'id': 12804, 'rank': 25, 'fitness': 0.9192253527563576, 'generation': 169}","{'id': 12811, 'rank': 26, 'fitness': 0.8838110927009173, 'generation': 169}","{'id': 12770, 'rank': 27, 'fitness': 0.6165647002079452, 'generation': 169}","{'id': 12826, 'rank': 28, 'fitness': 0.21487225010900424, 'generation': 169}","{'id': 12767, 'rank': 29, 'fitness': 0.07072026124321867, 'generation': 169}","{'id': 12730, 'rank': 30, 'fitness': 0.01798620996209155, 'generation': 169}"
"{'id': 12900, 'rank': 1, 'fitness': 0.9820137900379085, 'generation': 170}","{'id': 12900, 'rank': 2, 'fitness': 0.9820137900379085, 'generation': 170}","{'id': 12868, 'rank': 3, 'fitness': 0.9806893894721705, 'generation': 170}","{'id': 12827, 'rank': 4, 'fitness': 0.9797331733583281, 'generation': 170}","{'id': 12827, 'rank': 5, 'fitness': 0.9797331733583281, 'generation': 170}","{'id': 12864, 'rank': 6, 'fitness': 0.9782972031354025, 'generation': 170}","{'id': 12864, 'rank': 7, 'fitness': 0.9782972031354025, 'generation': 170}","{'id': 12881, 'rank': 8, 'fitness': 0.9764059653889794, 'generation': 170}","{'id': 12691, 'rank': 9, 'fitness': 0.9753502191854232, 'generation': 170}","{'id': 12800, 'rank': 10, 'fitness': 0.9744355421119859, 'generation': 170}","{'id': 12865, 'rank': 11, 'fitness': 0.9641451922099238, 'generation': 170}","{'id': 12845, 'rank': 12, 'fitness': 0.9634053879729744, 'generation': 170}","{'id': 12845, 'rank': 13, 'fitness': 0.9634053879729744, 'generation': 170}","{'id': 12872, 'rank': 14, 'fitness': 0.9620666626213765, 'generation': 170}","{'id': 12872, 'rank': 15, 'fitness': 0.9620666626213765, 'generation': 170}","{'id': 12855, 'rank': 16, 'fitness': 0.9585904516693806, 'generation': 170}","{'id': 12810, 'rank': 17, 'fitness': 0.9585310904632552, 'generation': 170}","{'id': 12801, 'rank': 18, 'fitness': 0.9547244474176726, 'generation': 170}","{'id': 12801, 'rank': 19, 'fitness': 0.9547244474176726, 'generation': 170}","{'id': 12874, 'rank': 20, 'fitness': 0.9490111832481674, 'generation': 170}","{'id': 12870, 'rank': 21, 'fitness': 0.9427552609805954, 'generation': 170}","{'id': 12839, 'rank': 22, 'fitness': 0.9423164130989133, 'generation': 170}","{'id': 12896, 'rank': 23, 'fitness': 0.9343940340979277, 'generation': 170}","{'id': 12840, 'rank': 24, 'fitness': 0.9343290217163804, 'generation': 170}","{'id': 12907, 'rank': 25, 'fitness': 0.9309918707865235, 'generation': 170}","{'id': 12902, 'rank': 26, 'fitness': 0.876399885784238, 'generation': 170}","{'id': 12841, 'rank': 27, 'fitness': 0.8418397964503339, 'generation': 170}","{'id': 12844, 'rank': 28, 'fitness': 0.805324844242184, 'generation': 170}","{'id': 12770, 'rank': 29, 'fitness': 0.46506913027438024, 'generation': 170}","{'id': 12885, 'rank': 30, 'fitness': 0.01798620996209155, 'generation': 170}"
"{'id': 12900, 'rank': 1, 'fitness': 0.9820137900379085, 'generation': 171}","{'id': 12827, 'rank': 2, 'fitness': 0.9758917422939105, 'generation': 171}","{'id': 12881, 'rank': 3, 'fitness': 0.9650658951276412, 'generation': 171}","{'id': 12691, 'rank': 4, 'fitness': 0.9611513256886017, 'generation': 171}","{'id': 12958, 'rank': 5, 'fitness': 0.9560939999035516, 'generation': 171}","{'id': 12958, 'rank': 6, 'fitness': 0.9560939999035516, 'generation': 171}","{'id': 12927, 'rank': 7, 'fitness': 0.948438059562031, 'generation': 171}","{'id': 12918, 'rank': 8, 'fitness': 0.929952031880186, 'generation': 171}","{'id': 12918, 'rank': 9, 'fitness': 0.929952031880186, 'generation': 171}","{'id': 12954, 'rank': 10, 'fitness': 0.9239092748214819, 'generation': 171}","{'id': 12930, 'rank': 11, 'fitness': 0.9169943793367491, 'generation': 171}","{'id': 12943, 'rank': 12, 'fitness': 0.9102950548937836, 'generation': 171}","{'id': 12865, 'rank': 13, 'fitness': 0.9054117442319695, 'generation': 171}","{'id': 12959, 'rank': 14, 'fitness': 0.8955660450375234, 'generation': 171}","{'id': 12965, 'rank': 15, 'fitness': 0.8909231811526861, 'generation': 171}","{'id': 12949, 'rank': 16, 'fitness': 0.8781747517452203, 'generation': 171}","{'id': 12949, 'rank': 17, 'fitness': 0.8781747517452203, 'generation': 171}","{'id': 12855, 'rank': 18, 'fitness': 0.8688188705796994, 'generation': 171}","{'id': 12915, 'rank': 19, 'fitness': 0.862520308030106, 'generation': 171}","{'id': 12948, 'rank': 20, 'fitness': 0.8569784150573325, 'generation': 171}","{'id': 12952, 'rank': 21, 'fitness': 0.8507855490988466, 'generation': 171}","{'id': 12932, 'rank': 22, 'fitness': 0.8505603788497667, 'generation': 171}","{'id': 12801, 'rank': 23, 'fitness': 0.8403980006944571, 'generation': 171}","{'id': 12896, 'rank': 24, 'fitness': 0.667399790770316, 'generation': 171}","{'id': 12902, 'rank': 25, 'fitness': 0.26537709687579514, 'generation': 171}","{'id': 12950, 'rank': 26, 'fitness': 0.12328481488729914, 'generation': 171}","{'id': 12950, 'rank': 27, 'fitness': 0.12328481488729914, 'generation': 171}","{'id': 12971, 'rank': 28, 'fitness': 0.05432032222565325, 'generation': 171}","{'id': 12970, 'rank': 29, 'fitness': 0.034314991144317686, 'generation': 171}","{'id': 12972, 'rank': 30, 'fitness': 0.01798620996209155, 'generation': 171}"
"{'id': 12881, 'rank': 1, 'fitness': 0.9820137900379085, 'generation': 172}","{'id': 12691, 'rank': 2, 'fitness': 0.9816779159561718, 'generation': 172}","{'id': 12958, 'rank': 3, 'fitness': 0.9812814221044666, 'generation': 172}","{'id': 12927, 'rank': 4, 'fitness': 0.9807442655461045, 'generation': 172}","{'id': 12993, 'rank': 5, 'fitness': 0.9805101505358155, 'generation': 172}","{'id': 12995, 'rank': 6, 'fitness': 0.9776656135152977, 'generation': 172}","{'id': 12949, 'rank': 7, 'fitness': 0.9774767454234947, 'generation': 172}","{'id': 13021, 'rank': 8, 'fitness': 0.9770090127461619, 'generation': 172}","{'id': 13021, 'rank': 9, 'fitness': 0.9770090127461619, 'generation': 172}","{'id': 12915, 'rank': 10, 'fitness': 0.9769483190147885, 'generation': 172}","{'id': 13061, 'rank': 11, 'fitness': 0.9746739676901277, 'generation': 172}","{'id': 13062, 'rank': 12, 'fitness': 0.9743420526319977, 'generation': 172}","{'id': 13062, 'rank': 13, 'fitness': 0.9743420526319977, 'generation': 172}","{'id': 13062, 'rank': 14, 'fitness': 0.9743420526319977, 'generation': 172}","{'id': 12896, 'rank': 15, 'fitness': 0.9721290154116647, 'generation': 172}","{'id': 13054, 'rank': 16, 'fitness': 0.9689693587655421, 'generation': 172}","{'id': 12902, 'rank': 17, 'fitness': 0.9629916543605191, 'generation': 172}","{'id': 12950, 'rank': 18, 'fitness': 0.9567969024126062, 'generation': 172}","{'id': 13058, 'rank': 19, 'fitness': 0.9289972442383634, 'generation': 172}","{'id': 12990, 'rank': 20, 'fitness': 0.9275550546339917, 'generation': 172}","{'id': 13019, 'rank': 21, 'fitness': 0.9198644946174112, 'generation': 172}","{'id': 13057, 'rank': 22, 'fitness': 0.9156016404689554, 'generation': 172}","{'id': 13055, 'rank': 23, 'fitness': 0.905810934277463, 'generation': 172}","{'id': 13007, 'rank': 24, 'fitness': 0.8575821665826744, 'generation': 172}","{'id': 13009, 'rank': 25, 'fitness': 0.6125866663625456, 'generation': 172}","{'id': 13009, 'rank': 26, 'fitness': 0.6125866663625456, 'generation': 172}","{'id': 13031, 'rank': 27, 'fitness': 0.21506811621585198, 'generation': 172}","{'id': 13031, 'rank': 28, 'fitness': 0.21506811621585198, 'generation': 172}","{'id': 13026, 'rank': 29, 'fitness': 0.04282266008129232, 'generation': 172}","{'id': 13024, 'rank': 30, 'fitness': 0.01798620996209155, 'generation': 172}"
"{'id': 13082, 'rank': 1, 'fitness': 0.9820137900379085, 'generation': 173}","{'id': 13070, 'rank': 2, 'fitness': 0.9816758757478985, 'generation': 173}","{'id': 13108, 'rank': 3, 'fitness': 0.9803134439924395, 'generation': 173}","{'id': 13108, 'rank': 4, 'fitness': 0.9803134439924395, 'generation': 173}","{'id': 13085, 'rank': 5, 'fitness': 0.9779706718728135, 'generation': 173}","{'id': 13094, 'rank': 6, 'fitness': 0.9776583492426378, 'generation': 173}","{'id': 13094, 'rank': 7, 'fitness': 0.9776583492426378, 'generation': 173}","{'id': 12958, 'rank': 8, 'fitness': 0.9752814092272889, 'generation': 173}","{'id': 12993, 'rank': 9, 'fitness': 0.9730101089347648, 'generation': 173}","{'id': 12993, 'rank': 10, 'fitness': 0.9730101089347648, 'generation': 173}","{'id': 12995, 'rank': 11, 'fitness': 0.9637332471424803, 'generation': 173}","{'id': 13021, 'rank': 12, 'fitness': 0.961391977659436, 'generation': 173}","{'id': 12915, 'rank': 13, 'fitness': 0.9611718014990777, 'generation': 173}","{'id': 12915, 'rank': 14, 'fitness': 0.9611718014990777, 'generation': 173}","{'id': 13127, 'rank': 15, 'fitness': 0.9570417472370016, 'generation': 173}","{'id': 13062, 'rank': 16, 'fitness': 0.9511229217176117, 'generation': 173}","{'id': 13062, 'rank': 17, 'fitness': 0.9511229217176117, 'generation': 173}","{'id': 13083, 'rank': 18, 'fitness': 0.9492012005884558, 'generation': 173}","{'id': 13134, 'rank': 19, 'fitness': 0.947255123228452, 'generation': 173}","{'id': 13109, 'rank': 20, 'fitness': 0.9459488576354127, 'generation': 173}","{'id': 13109, 'rank': 21, 'fitness': 0.9459488576354127, 'generation': 173}","{'id': 13097, 'rank': 22, 'fitness': 0.944010533338502, 'generation': 173}","{'id': 13142, 'rank': 23, 'fitness': 0.9142525864538043, 'generation': 173}","{'id': 13126, 'rank': 24, 'fitness': 0.9011507734068109, 'generation': 173}","{'id': 12902, 'rank': 25, 'fitness': 0.8946995547381286, 'generation': 173}","{'id': 13104, 'rank': 26, 'fitness': 0.654984585074748, 'generation': 173}","{'id': 13130, 'rank': 27, 'fitness': 0.6295875113136344, 'generation': 173}","{'id': 13118, 'rank': 28, 'fitness': 0.33646163157163367, 'generation': 173}","{'id': 13118, 'rank': 29, 'fitness': 0.33646163157163367, 'generation': 173}","{'id': 13009, 'rank': 30, 'fitness': 0.01798620996209155, 'generation': 173}"
"{'id': 13147, 'rank': 1, 'fitness': 0.9820137900379085, 'generation': 174}","{'id': 13147, 'rank': 2, 'fitness': 0.9820137900379085, 'generation': 174}","{'id': 13085, 'rank': 3, 'fitness': 0.9712663767836419, 'generation': 174}","{'id': 13094, 'rank': 4, 'fitness': 0.9705829332809592, 'generation': 174}","{'id': 13094, 'rank': 5, 'fitness': 0.9705829332809592, 'generation': 174}","{'id': 13094, 'rank': 6, 'fitness': 0.9705829332809592, 'generation': 174}","{'id': 13198, 'rank': 7, 'fitness': 0.9602378659274257, 'generation': 174}","{'id': 13160, 'rank': 8, 'fitness': 0.9506945587676441, 'generation': 174}","{'id': 13148, 'rank': 9, 'fitness': 0.9376527171225808, 'generation': 174}","{'id': 13148, 'rank': 10, 'fitness': 0.9376527171225808, 'generation': 174}","{'id': 13148, 'rank': 11, 'fitness': 0.9376527171225808, 'generation': 174}","{'id': 13174, 'rank': 12, 'fitness': 0.9345007100684581, 'generation': 174}","{'id': 13199, 'rank': 13, 'fitness': 0.9281776918370966, 'generation': 174}","{'id': 12915, 'rank': 14, 'fitness': 0.9267838016114474, 'generation': 174}","{'id': 13222, 'rank': 15, 'fitness': 0.9239631965676323, 'generation': 174}","{'id': 13222, 'rank': 16, 'fitness': 0.9239631965676323, 'generation': 174}","{'id': 13062, 'rank': 17, 'fitness': 0.8941250059603421, 'generation': 174}","{'id': 13109, 'rank': 18, 'fitness': 0.8760131818566539, 'generation': 174}","{'id': 13097, 'rank': 19, 'fitness': 0.8690412726665162, 'generation': 174}","{'id': 13193, 'rank': 20, 'fitness': 0.8263449552094837, 'generation': 174}","{'id': 13190, 'rank': 21, 'fitness': 0.8021930165611802, 'generation': 174}","{'id': 13149, 'rank': 22, 'fitness': 0.7879539042698762, 'generation': 174}","{'id': 13186, 'rank': 23, 'fitness': 0.43741725468480835, 'generation': 174}","{'id': 13152, 'rank': 24, 'fitness': 0.3810963038190689, 'generation': 174}","{'id': 13207, 'rank': 25, 'fitness': 0.3788653825928055, 'generation': 174}","{'id': 13164, 'rank': 26, 'fitness': 0.18866700126289326, 'generation': 174}","{'id': 13182, 'rank': 27, 'fitness': 0.18616122115210149, 'generation': 174}","{'id': 13182, 'rank': 28, 'fitness': 0.18616122115210149, 'generation': 174}","{'id': 13165, 'rank': 29, 'fitness': 0.031241897520812467, 'generation': 174}","{'id': 13118, 'rank': 30, 'fitness': 0.01798620996209155, 'generation': 174}"
"{'id': 13232, 'rank': 1, 'fitness': 0.9820137900379085, 'generation': 175}","{'id': 13230, 'rank': 2, 'fitness': 0.9729177780251934, 'generation': 175}","{'id': 13277, 'rank': 3, 'fitness': 0.9695515841397074, 'generation': 175}","{'id': 13094, 'rank': 4, 'fitness': 0.9679524365097187, 'generation': 175}","{'id': 13273, 'rank': 5, 'fitness': 0.9670680245799165, 'generation': 175}","{'id': 13198, 'rank': 6, 'fitness': 0.9630045721094959, 'generation': 175}","{'id': 13275, 'rank': 7, 'fitness': 0.9605619476329862, 'generation': 175}","{'id': 13234, 'rank': 8, 'fitness': 0.957748128202536, 'generation': 175}","{'id': 13234, 'rank': 9, 'fitness': 0.957748128202536, 'generation': 175}","{'id': 13148, 'rank': 10, 'fitness': 0.9540685425499023, 'generation': 175}","{'id': 13148, 'rank': 11, 'fitness': 0.9540685425499023, 'generation': 175}","{'id': 13199, 'rank': 12, 'fitness': 0.95079631118745, 'generation': 175}","{'id': 12915, 'rank': 13, 'fitness': 0.9503322505387952, 'generation': 175}","{'id': 13222, 'rank': 14, 'fitness': 0.9494053940856363, 'generation': 175}","{'id': 13227, 'rank': 15, 'fitness': 0.9413607581074162, 'generation': 175}","{'id': 13227, 'rank': 16, 'fitness': 0.9413607581074162, 'generation': 175}","{'id': 13152, 'rank': 17, 'fitness': 0.8191898186194599, 'generation': 175}","{'id': 13164, 'rank': 18, 'fitness': 0.7401682366746067, 'generation': 175}","{'id': 13182, 'rank': 19, 'fitness': 0.7386575012243315, 'generation': 175}","{'id': 13291, 'rank': 20, 'fitness': 0.7332534490516743, 'generation': 175}","{'id': 13271, 'rank': 21, 'fitness': 0.6900222740104862, 'generation': 175}","{'id': 13271, 'rank': 22, 'fitness': 0.6900222740104862, 'generation': 175}","{'id': 13271, 'rank': 23, 'fitness': 0.6900222740104862, 'generation': 175}","{'id': 13285, 'rank': 24, 'fitness': 0.6497936978809813, 'generation': 175}","{'id': 13247, 'rank': 25, 'fitness': 0.6274547980443649, 'generation': 175}","{'id': 13246, 'rank': 26, 'fitness': 0.621915394129054, 'generation': 175}","{'id': 13265, 'rank': 27, 'fitness': 0.548386465635279, 'generation': 175}","{'id': 13165, 'rank': 28, 'fitness': 0.5263425102274824, 'generation': 175}","{'id': 13294, 'rank': 29, 'fitness': 0.09860748213706211, 'generation': 175}","{'id': 13292, 'rank': 30, 'fitness': 0.01798620996209155, 'generation': 175}"
"{'id': 13360, 'rank': 1, 'fitness': 0.9820137900379085, 'generation': 176}","{'id': 13230, 'rank': 2, 'fitness': 0.9812746013783717, 'generation': 176}","{'id': 13094, 'rank': 3, 'fitness': 0.9808864259203999, 'generation': 176}","{'id': 13094, 'rank': 4, 'fitness': 0.9808864259203999, 'generation': 176}","{'id': 13332, 'rank': 5, 'fitness': 0.9806460340271509, 'generation': 176}","{'id': 13346, 'rank': 6, 'fitness': 0.9806223010991796, 'generation': 176}","{'id': 13198, 'rank': 7, 'fitness': 0.9805473918480736, 'generation': 176}","{'id': 13363, 'rank': 8, 'fitness': 0.9802503042392107, 'generation': 176}","{'id': 13234, 'rank': 9, 'fitness': 0.9802267140349845, 'generation': 176}","{'id': 13234, 'rank': 10, 'fitness': 0.9802267140349845, 'generation': 176}","{'id': 13148, 'rank': 11, 'fitness': 0.9800215507288841, 'generation': 176}","{'id': 12915, 'rank': 12, 'fitness': 0.9798267498499504, 'generation': 176}","{'id': 13227, 'rank': 13, 'fitness': 0.9794041487873728, 'generation': 176}","{'id': 13227, 'rank': 14, 'fitness': 0.9794041487873728, 'generation': 176}","{'id': 13364, 'rank': 15, 'fitness': 0.9775810154879909, 'generation': 176}","{'id': 13367, 'rank': 16, 'fitness': 0.9774188382733973, 'generation': 176}","{'id': 13367, 'rank': 17, 'fitness': 0.9774188382733973, 'generation': 176}","{'id': 13367, 'rank': 18, 'fitness': 0.9774188382733973, 'generation': 176}","{'id': 13312, 'rank': 19, 'fitness': 0.9766335693678412, 'generation': 176}","{'id': 13361, 'rank': 20, 'fitness': 0.9753482142840204, 'generation': 176}","{'id': 13361, 'rank': 21, 'fitness': 0.9753482142840204, 'generation': 176}","{'id': 13182, 'rank': 22, 'fitness': 0.9747274548181853, 'generation': 176}","{'id': 13322, 'rank': 23, 'fitness': 0.9746737302465232, 'generation': 176}","{'id': 13271, 'rank': 24, 'fitness': 0.9740084969105675, 'generation': 176}","{'id': 13285, 'rank': 25, 'fitness': 0.9734468841816037, 'generation': 176}","{'id': 13165, 'rank': 26, 'fitness': 0.9718015781439417, 'generation': 176}","{'id': 13343, 'rank': 27, 'fitness': 0.9691505661701401, 'generation': 176}","{'id': 13370, 'rank': 28, 'fitness': 0.9690079398943039, 'generation': 176}","{'id': 13353, 'rank': 29, 'fitness': 0.6818649118120648, 'generation': 176}","{'id': 13320, 'rank': 30, 'fitness': 0.01798620996209155, 'generation': 176}"
"{'id': 13360, 'rank': 1, 'fitness': 0.9820137900379085, 'generation': 177}","{'id': 13408, 'rank': 2, 'fitness': 0.9664145933957513, 'generation': 177}","{'id': 13405, 'rank': 3, 'fitness': 0.9556632306573144, 'generation': 177}","{'id': 13435, 'rank': 4, 'fitness': 0.9542080211582076, 'generation': 177}","{'id': 13406, 'rank': 5, 'fitness': 0.9519370204246174, 'generation': 177}","{'id': 13094, 'rank': 6, 'fitness': 0.9518042717533124, 'generation': 177}","{'id': 13375, 'rank': 7, 'fitness': 0.9476497643473869, 'generation': 177}","{'id': 13332, 'rank': 8, 'fitness': 0.9412475965560143, 'generation': 177}","{'id': 13332, 'rank': 9, 'fitness': 0.9412475965560143, 'generation': 177}","{'id': 13391, 'rank': 10, 'fitness': 0.9387758284951883, 'generation': 177}","{'id': 13378, 'rank': 11, 'fitness': 0.9247608075591531, 'generation': 177}","{'id': 13363, 'rank': 12, 'fitness': 0.919454128766841, 'generation': 177}","{'id': 13234, 'rank': 13, 'fitness': 0.917961012770085, 'generation': 177}","{'id': 13234, 'rank': 14, 'fitness': 0.917961012770085, 'generation': 177}","{'id': 13434, 'rank': 15, 'fitness': 0.9107135066551624, 'generation': 177}","{'id': 12915, 'rank': 16, 'fitness': 0.8888943424807123, 'generation': 177}","{'id': 12915, 'rank': 17, 'fitness': 0.8888943424807123, 'generation': 177}","{'id': 13431, 'rank': 18, 'fitness': 0.8623785997060329, 'generation': 177}","{'id': 13227, 'rank': 19, 'fitness': 0.849674666707521, 'generation': 177}","{'id': 13401, 'rank': 20, 'fitness': 0.8392780791950122, 'generation': 177}","{'id': 13453, 'rank': 21, 'fitness': 0.7672575141076303, 'generation': 177}","{'id': 13428, 'rank': 22, 'fitness': 0.6269951069644899, 'generation': 177}","{'id': 13430, 'rank': 23, 'fitness': 0.462142983382981, 'generation': 177}","{'id': 13312, 'rank': 24, 'fitness': 0.40456662020168627, 'generation': 177}","{'id': 13312, 'rank': 25, 'fitness': 0.40456662020168627, 'generation': 177}","{'id': 13380, 'rank': 26, 'fitness': 0.2961201303393082, 'generation': 177}","{'id': 13437, 'rank': 27, 'fitness': 0.24896135876329972, 'generation': 177}","{'id': 13454, 'rank': 28, 'fitness': 0.24234096589325083, 'generation': 177}","{'id': 13463, 'rank': 29, 'fitness': 0.15823953463350898, 'generation': 177}","{'id': 13420, 'rank': 30, 'fitness': 0.01798620996209155, 'generation': 177}"
"{'id': 13360, 'rank': 1, 'fitness': 0.9820137900379085, 'generation': 178}","{'id': 13483, 'rank': 2, 'fitness': 0.9819963254223489, 'generation': 178}","{'id': 13408, 'rank': 3, 'fitness': 0.9818828751237014, 'generation': 178}","{'id': 13485, 'rank': 4, 'fitness': 0.9818798412962424, 'generation': 178}","{'id': 13485, 'rank': 5, 'fitness': 0.9818798412962424, 'generation': 178}","{'id': 13405, 'rank': 6, 'fitness': 0.9818235176069672, 'generation': 178}","{'id': 13406, 'rank': 7, 'fitness': 0.9818060992127076, 'generation': 178}","{'id': 13375, 'rank': 8, 'fitness': 0.9817875606663372, 'generation': 178}","{'id': 13505, 'rank': 9, 'fitness': 0.9817674011024581, 'generation': 178}","{'id': 13332, 'rank': 10, 'fitness': 0.9817623574350364, 'generation': 178}","{'id': 13378, 'rank': 11, 'fitness': 0.9817075618253197, 'generation': 178}","{'id': 12915, 'rank': 12, 'fitness': 0.981618439942068, 'generation': 178}","{'id': 12915, 'rank': 13, 'fitness': 0.981618439942068, 'generation': 178}","{'id': 13431, 'rank': 14, 'fitness': 0.9815675396428849, 'generation': 178}","{'id': 13509, 'rank': 15, 'fitness': 0.9814690221316369, 'generation': 178}","{'id': 13428, 'rank': 16, 'fitness': 0.9812910046102296, 'generation': 178}","{'id': 13479, 'rank': 17, 'fitness': 0.9810498408463736, 'generation': 178}","{'id': 13487, 'rank': 18, 'fitness': 0.9810456946420721, 'generation': 178}","{'id': 13437, 'rank': 19, 'fitness': 0.9809441982302156, 'generation': 178}","{'id': 13463, 'rank': 20, 'fitness': 0.9808215499927144, 'generation': 178}","{'id': 13520, 'rank': 21, 'fitness': 0.9805455204680416, 'generation': 178}","{'id': 13420, 'rank': 22, 'fitness': 0.9803098858749919, 'generation': 178}","{'id': 13532, 'rank': 23, 'fitness': 0.9801212271171735, 'generation': 178}","{'id': 13464, 'rank': 24, 'fitness': 0.9798530923598345, 'generation': 178}","{'id': 13522, 'rank': 25, 'fitness': 0.9794996498225944, 'generation': 178}","{'id': 13500, 'rank': 26, 'fitness': 0.979371903279512, 'generation': 178}","{'id': 13493, 'rank': 27, 'fitness': 0.9772195035050673, 'generation': 178}","{'id': 13492, 'rank': 28, 'fitness': 0.9708153097872405, 'generation': 178}","{'id': 13512, 'rank': 29, 'fitness': 0.9486341326028406, 'generation': 178}","{'id': 13489, 'rank': 30, 'fitness': 0.01798620996209155, 'generation': 178}"
"{'id': 13483, 'rank': 1, 'fitness': 0.9820137900379085, 'generation': 179}","{'id': 13601, 'rank': 2, 'fitness': 0.9813387249445178, 'generation': 179}","{'id': 13549, 'rank': 3, 'fitness': 0.9804105297285445, 'generation': 179}","{'id': 13549, 'rank': 4, 'fitness': 0.9804105297285445, 'generation': 179}","{'id': 13551, 'rank': 5, 'fitness': 0.9803804623191714, 'generation': 179}","{'id': 13561, 'rank': 6, 'fitness': 0.9803408044641184, 'generation': 179}","{'id': 13485, 'rank': 7, 'fitness': 0.9803222812798129, 'generation': 179}","{'id': 13405, 'rank': 8, 'fitness': 0.9794535650309114, 'generation': 179}","{'id': 13595, 'rank': 9, 'fitness': 0.979283094080228, 'generation': 179}","{'id': 13541, 'rank': 10, 'fitness': 0.9791420317574815, 'generation': 179}","{'id': 13563, 'rank': 11, 'fitness': 0.977977196614376, 'generation': 179}","{'id': 13563, 'rank': 12, 'fitness': 0.977977196614376, 'generation': 179}","{'id': 13378, 'rank': 13, 'fitness': 0.9775545092078505, 'generation': 179}","{'id': 13575, 'rank': 14, 'fitness': 0.9773879353540482, 'generation': 179}","{'id': 13539, 'rank': 15, 'fitness': 0.9770016560563283, 'generation': 179}","{'id': 13545, 'rank': 16, 'fitness': 0.9768218871446983, 'generation': 179}","{'id': 13618, 'rank': 17, 'fitness': 0.976245578938228, 'generation': 179}","{'id': 13562, 'rank': 18, 'fitness': 0.9744186986753075, 'generation': 179}","{'id': 13562, 'rank': 19, 'fitness': 0.9744186986753075, 'generation': 179}","{'id': 13562, 'rank': 20, 'fitness': 0.9744186986753075, 'generation': 179}","{'id': 13620, 'rank': 21, 'fitness': 0.9734301033657673, 'generation': 179}","{'id': 13428, 'rank': 22, 'fitness': 0.9693498931204426, 'generation': 179}","{'id': 13610, 'rank': 23, 'fitness': 0.9601497232826355, 'generation': 179}","{'id': 13463, 'rank': 24, 'fitness': 0.9569608699547267, 'generation': 179}","{'id': 13568, 'rank': 25, 'fitness': 0.956278740981364, 'generation': 179}","{'id': 13534, 'rank': 26, 'fitness': 0.9562475185796928, 'generation': 179}","{'id': 13560, 'rank': 27, 'fitness': 0.9535740431610278, 'generation': 179}","{'id': 13611, 'rank': 28, 'fitness': 0.9192164721440768, 'generation': 179}","{'id': 13464, 'rank': 29, 'fitness': 0.9168854122473826, 'generation': 179}","{'id': 13543, 'rank': 30, 'fitness': 0.01798620996209155, 'generation': 179}"
"{'id': 13483, 'rank': 1, 'fitness': 0.9820137900379085, 'generation': 180}","{'id': 13680, 'rank': 2, 'fitness': 0.9767098210162339, 'generation': 180}","{'id': 13680, 'rank': 3, 'fitness': 0.9767098210162339, 'generation': 180}","{'id': 13551, 'rank': 4, 'fitness': 0.9743158191191164, 'generation': 180}","{'id': 13561, 'rank': 5, 'fitness': 0.9741030867252236, 'generation': 180}","{'id': 13674, 'rank': 6, 'fitness': 0.9733027045444824, 'generation': 180}","{'id': 13691, 'rank': 7, 'fitness': 0.9691441466101663, 'generation': 180}","{'id': 13595, 'rank': 8, 'fitness': 0.967939333515361, 'generation': 180}","{'id': 13595, 'rank': 9, 'fitness': 0.967939333515361, 'generation': 180}","{'id': 13541, 'rank': 10, 'fitness': 0.9670434307864442, 'generation': 180}","{'id': 13654, 'rank': 11, 'fitness': 0.9656282043789184, 'generation': 180}","{'id': 13640, 'rank': 12, 'fitness': 0.9612535367437629, 'generation': 180}","{'id': 13659, 'rank': 13, 'fitness': 0.9609041019598636, 'generation': 180}","{'id': 13545, 'rank': 14, 'fitness': 0.9495853786865663, 'generation': 180}","{'id': 13702, 'rank': 15, 'fitness': 0.9491812368887353, 'generation': 180}","{'id': 13655, 'rank': 16, 'fitness': 0.9477979099241358, 'generation': 180}","{'id': 13694, 'rank': 17, 'fitness': 0.9349850366320034, 'generation': 180}","{'id': 13687, 'rank': 18, 'fitness': 0.9338626534584172, 'generation': 180}","{'id': 13631, 'rank': 19, 'fitness': 0.9308228014132658, 'generation': 180}","{'id': 13562, 'rank': 20, 'fitness': 0.9255384617255862, 'generation': 180}","{'id': 13562, 'rank': 21, 'fitness': 0.9255384617255862, 'generation': 180}","{'id': 13562, 'rank': 22, 'fitness': 0.9255384617255862, 'generation': 180}","{'id': 13620, 'rank': 23, 'fitness': 0.9137303219560461, 'generation': 180}","{'id': 13643, 'rank': 24, 'fitness': 0.8851650655141612, 'generation': 180}","{'id': 13630, 'rank': 25, 'fitness': 0.8565975742101666, 'generation': 180}","{'id': 13428, 'rank': 26, 'fitness': 0.8526526347052379, 'generation': 180}","{'id': 13624, 'rank': 27, 'fitness': 0.8368977474151154, 'generation': 180}","{'id': 13662, 'rank': 28, 'fitness': 0.6886384105431657, 'generation': 180}","{'id': 13672, 'rank': 29, 'fitness': 0.0989601767430911, 'generation': 180}","{'id': 13646, 'rank': 30, 'fitness': 0.01798620996209155, 'generation': 180}"
"{'id': 13483, 'rank': 1, 'fitness': 0.9820137900379085, 'generation': 181}","{'id': 13551, 'rank': 2, 'fitness': 0.9791235413485841, 'generation': 181}","{'id': 13691, 'rank': 3, 'fitness': 0.9774509684115893, 'generation': 181}","{'id': 13691, 'rank': 4, 'fitness': 0.9774509684115893, 'generation': 181}","{'id': 13790, 'rank': 5, 'fitness': 0.9768654980012126, 'generation': 181}","{'id': 13790, 'rank': 6, 'fitness': 0.9768654980012126, 'generation': 181}","{'id': 13654, 'rank': 7, 'fitness': 0.9764018488149085, 'generation': 181}","{'id': 13771, 'rank': 8, 'fitness': 0.9761947925605525, 'generation': 181}","{'id': 13640, 'rank': 9, 'fitness': 0.9751761728869426, 'generation': 181}","{'id': 13659, 'rank': 10, 'fitness': 0.9750816245338232, 'generation': 181}","{'id': 13659, 'rank': 11, 'fitness': 0.9750816245338232, 'generation': 181}","{'id': 13717, 'rank': 12, 'fitness': 0.9745921211320195, 'generation': 181}","{'id': 13750, 'rank': 13, 'fitness': 0.9734774995925768, 'generation': 181}","{'id': 13545, 'rank': 14, 'fitness': 0.9722360542145148, 'generation': 181}","{'id': 13743, 'rank': 15, 'fitness': 0.9721665966513869, 'generation': 181}","{'id': 13655, 'rank': 16, 'fitness': 0.9718193388207137, 'generation': 181}","{'id': 13745, 'rank': 17, 'fitness': 0.9705763283652984, 'generation': 181}","{'id': 13694, 'rank': 18, 'fitness': 0.9690293019970664, 'generation': 181}","{'id': 13766, 'rank': 19, 'fitness': 0.9665596259988571, 'generation': 181}","{'id': 13620, 'rank': 20, 'fitness': 0.9649605387425133, 'generation': 181}","{'id': 13785, 'rank': 21, 'fitness': 0.9584132618122747, 'generation': 181}","{'id': 13783, 'rank': 22, 'fitness': 0.9582765555988159, 'generation': 181}","{'id': 13758, 'rank': 23, 'fitness': 0.9564818819521864, 'generation': 181}","{'id': 13762, 'rank': 24, 'fitness': 0.9379149549984626, 'generation': 181}","{'id': 13760, 'rank': 25, 'fitness': 0.8581447163920953, 'generation': 181}","{'id': 13732, 'rank': 26, 'fitness': 0.8245712221730351, 'generation': 181}","{'id': 13672, 'rank': 27, 'fitness': 0.8035931027413286, 'generation': 181}","{'id': 13736, 'rank': 28, 'fitness': 0.7884306915125607, 'generation': 181}","{'id': 13794, 'rank': 29, 'fitness': 0.07795734360215711, 'generation': 181}","{'id': 13793, 'rank': 30, 'fitness': 0.01798620996209155, 'generation': 181}"
"{'id': 13829, 'rank': 1, 'fitness': 0.9820137900379085, 'generation': 182}","{'id': 13824, 'rank': 2, 'fitness': 0.9757952555175966, 'generation': 182}","{'id': 13824, 'rank': 3, 'fitness': 0.9757952555175966, 'generation': 182}","{'id': 13691, 'rank': 4, 'fitness': 0.9708488260997592, 'generation': 182}","{'id': 13691, 'rank': 5, 'fitness': 0.9708488260997592, 'generation': 182}","{'id': 13790, 'rank': 6, 'fitness': 0.9680345673136816, 'generation': 182}","{'id': 13832, 'rank': 7, 'fitness': 0.9642715582931938, 'generation': 182}","{'id': 13640, 'rank': 8, 'fitness': 0.9588665911305846, 'generation': 182}","{'id': 13640, 'rank': 9, 'fitness': 0.9588665911305846, 'generation': 182}","{'id': 13820, 'rank': 10, 'fitness': 0.9576672092261522, 'generation': 182}","{'id': 13827, 'rank': 11, 'fitness': 0.9554285221630079, 'generation': 182}","{'id': 13850, 'rank': 12, 'fitness': 0.951304422425875, 'generation': 182}","{'id': 13828, 'rank': 13, 'fitness': 0.9492159566059997, 'generation': 182}","{'id': 13750, 'rank': 14, 'fitness': 0.9479821402738553, 'generation': 182}","{'id': 13884, 'rank': 15, 'fitness': 0.9451468242399403, 'generation': 182}","{'id': 13743, 'rank': 16, 'fitness': 0.9383723073370523, 'generation': 182}","{'id': 13805, 'rank': 17, 'fitness': 0.932587370466522, 'generation': 182}","{'id': 13745, 'rank': 18, 'fitness': 0.9252385073404985, 'generation': 182}","{'id': 13818, 'rank': 19, 'fitness': 0.9113475443757448, 'generation': 182}","{'id': 13694, 'rank': 20, 'fitness': 0.9108673272191181, 'generation': 182}","{'id': 13846, 'rank': 21, 'fitness': 0.8930511045432714, 'generation': 182}","{'id': 13804, 'rank': 22, 'fitness': 0.8828774311686974, 'generation': 182}","{'id': 13848, 'rank': 23, 'fitness': 0.8774202024975352, 'generation': 182}","{'id': 13817, 'rank': 24, 'fitness': 0.8541957455533413, 'generation': 182}","{'id': 13808, 'rank': 25, 'fitness': 0.8468428935636463, 'generation': 182}","{'id': 13821, 'rank': 26, 'fitness': 0.818066979956608, 'generation': 182}","{'id': 13834, 'rank': 27, 'fitness': 0.7516733548092194, 'generation': 182}","{'id': 13860, 'rank': 28, 'fitness': 0.7440916583483308, 'generation': 182}","{'id': 13860, 'rank': 29, 'fitness': 0.7440916583483308, 'generation': 182}","{'id': 13843, 'rank': 30, 'fitness': 0.01798620996209155, 'generation': 182}"
"{'id': 13829, 'rank': 1, 'fitness': 0.9820137900379085, 'generation': 183}","{'id': 13824, 'rank': 2, 'fitness': 0.977801890061346, 'generation': 183}","{'id': 13824, 'rank': 3, 'fitness': 0.977801890061346, 'generation': 183}","{'id': 13905, 'rank': 4, 'fitness': 0.9741989952894614, 'generation': 183}","{'id': 13908, 'rank': 5, 'fitness': 0.9720917705297003, 'generation': 183}","{'id': 13907, 'rank': 6, 'fitness': 0.9720843718752241, 'generation': 183}","{'id': 13907, 'rank': 7, 'fitness': 0.9720843718752241, 'generation': 183}","{'id': 13832, 'rank': 8, 'fitness': 0.9707230068610553, 'generation': 183}","{'id': 13640, 'rank': 9, 'fitness': 0.9676274759567149, 'generation': 183}","{'id': 13827, 'rank': 10, 'fitness': 0.9657152911824155, 'generation': 183}","{'id': 13850, 'rank': 11, 'fitness': 0.9634719651518333, 'generation': 183}","{'id': 13887, 'rank': 12, 'fitness': 0.9533174771948273, 'generation': 183}","{'id': 13846, 'rank': 13, 'fitness': 0.9352808751432501, 'generation': 183}","{'id': 13886, 'rank': 14, 'fitness': 0.9252749081835976, 'generation': 183}","{'id': 13940, 'rank': 15, 'fitness': 0.9188937694044708, 'generation': 183}","{'id': 13940, 'rank': 16, 'fitness': 0.9188937694044708, 'generation': 183}","{'id': 13948, 'rank': 17, 'fitness': 0.8863633382215996, 'generation': 183}","{'id': 13834, 'rank': 18, 'fitness': 0.8757156090846289, 'generation': 183}","{'id': 13860, 'rank': 19, 'fitness': 0.8725841917927486, 'generation': 183}","{'id': 13954, 'rank': 20, 'fitness': 0.8352222205988566, 'generation': 183}","{'id': 13903, 'rank': 21, 'fitness': 0.833750107733048, 'generation': 183}","{'id': 13949, 'rank': 22, 'fitness': 0.8058287487289651, 'generation': 183}","{'id': 13910, 'rank': 23, 'fitness': 0.7919622286746899, 'generation': 183}","{'id': 13945, 'rank': 24, 'fitness': 0.7418093882040766, 'generation': 183}","{'id': 13945, 'rank': 25, 'fitness': 0.7418093882040766, 'generation': 183}","{'id': 13926, 'rank': 26, 'fitness': 0.6067558711375267, 'generation': 183}","{'id': 13947, 'rank': 27, 'fitness': 0.40652884719558724, 'generation': 183}","{'id': 13894, 'rank': 28, 'fitness': 0.3103595462107946, 'generation': 183}","{'id': 13944, 'rank': 29, 'fitness': 0.09412866869771613, 'generation': 183}","{'id': 13930, 'rank': 30, 'fitness': 0.01798620996209155, 'generation': 183}"
"{'id': 14004, 'rank': 1, 'fitness': 0.9820137900379085, 'generation': 184}","{'id': 13824, 'rank': 2, 'fitness': 0.9819426412719349, 'generation': 184}","{'id': 13824, 'rank': 3, 'fitness': 0.9819426412719349, 'generation': 184}","{'id': 13824, 'rank': 4, 'fitness': 0.9819426412719349, 'generation': 184}","{'id': 13908, 'rank': 5, 'fitness': 0.9817693999836705, 'generation': 184}","{'id': 13908, 'rank': 6, 'fitness': 0.9817693999836705, 'generation': 184}","{'id': 13907, 'rank': 7, 'fitness': 0.9817691978217584, 'generation': 184}","{'id': 13907, 'rank': 8, 'fitness': 0.9817691978217584, 'generation': 184}","{'id': 13832, 'rank': 9, 'fitness': 0.9817328219161577, 'generation': 184}","{'id': 13827, 'rank': 10, 'fitness': 0.981611292695783, 'generation': 184}","{'id': 13887, 'rank': 11, 'fitness': 0.9813692938785299, 'generation': 184}","{'id': 14009, 'rank': 12, 'fitness': 0.9813622235437544, 'generation': 184}","{'id': 13989, 'rank': 13, 'fitness': 0.981088738447573, 'generation': 184}","{'id': 14032, 'rank': 14, 'fitness': 0.9810339860089514, 'generation': 184}","{'id': 13886, 'rank': 15, 'fitness': 0.9809865901476783, 'generation': 184}","{'id': 14006, 'rank': 16, 'fitness': 0.9808767666299976, 'generation': 184}","{'id': 14006, 'rank': 17, 'fitness': 0.9808767666299976, 'generation': 184}","{'id': 14006, 'rank': 18, 'fitness': 0.9808767666299976, 'generation': 184}","{'id': 13992, 'rank': 19, 'fitness': 0.9806062607626325, 'generation': 184}","{'id': 13975, 'rank': 20, 'fitness': 0.9803974460552756, 'generation': 184}","{'id': 13954, 'rank': 21, 'fitness': 0.9802841064202121, 'generation': 184}","{'id': 13978, 'rank': 22, 'fitness': 0.9797952335368934, 'generation': 184}","{'id': 13959, 'rank': 23, 'fitness': 0.9770611832412687, 'generation': 184}","{'id': 13967, 'rank': 24, 'fitness': 0.9769434192191386, 'generation': 184}","{'id': 13944, 'rank': 25, 'fitness': 0.9769190647619783, 'generation': 184}","{'id': 14011, 'rank': 26, 'fitness': 0.9766768890356716, 'generation': 184}","{'id': 14012, 'rank': 27, 'fitness': 0.9764629841250831, 'generation': 184}","{'id': 13963, 'rank': 28, 'fitness': 0.9582594805003308, 'generation': 184}","{'id': 13982, 'rank': 29, 'fitness': 0.8770337583720449, 'generation': 184}","{'id': 13980, 'rank': 30, 'fitness': 0.01798620996209155, 'generation': 184}"
"{'id': 14004, 'rank': 1, 'fitness': 0.9820137900379085, 'generation': 185}","{'id': 14086, 'rank': 2, 'fitness': 0.9797354049207432, 'generation': 185}","{'id': 13907, 'rank': 3, 'fitness': 0.9737983729972309, 'generation': 185}","{'id': 14104, 'rank': 4, 'fitness': 0.9730089239766166, 'generation': 185}","{'id': 14104, 'rank': 5, 'fitness': 0.9730089239766166, 'generation': 185}","{'id': 13832, 'rank': 6, 'fitness': 0.9723103217903319, 'generation': 185}","{'id': 13832, 'rank': 7, 'fitness': 0.9723103217903319, 'generation': 185}","{'id': 14075, 'rank': 8, 'fitness': 0.9657218671886084, 'generation': 185}","{'id': 14069, 'rank': 9, 'fitness': 0.9638582884701397, 'generation': 185}","{'id': 14117, 'rank': 10, 'fitness': 0.9635860852685154, 'generation': 185}","{'id': 14088, 'rank': 11, 'fitness': 0.9629492509245539, 'generation': 185}","{'id': 14085, 'rank': 12, 'fitness': 0.9622115554077281, 'generation': 185}","{'id': 14085, 'rank': 13, 'fitness': 0.9622115554077281, 'generation': 185}","{'id': 14106, 'rank': 14, 'fitness': 0.9605400086022438, 'generation': 185}","{'id': 14082, 'rank': 15, 'fitness': 0.956943694315922, 'generation': 185}","{'id': 14053, 'rank': 16, 'fitness': 0.9480673076994977, 'generation': 185}","{'id': 14037, 'rank': 17, 'fitness': 0.9474368479238048, 'generation': 185}","{'id': 14061, 'rank': 18, 'fitness': 0.9326941656104282, 'generation': 185}","{'id': 14045, 'rank': 19, 'fitness': 0.9270348989489352, 'generation': 185}","{'id': 14103, 'rank': 20, 'fitness': 0.9230497391408647, 'generation': 185}","{'id': 14074, 'rank': 21, 'fitness': 0.9214180143753392, 'generation': 185}","{'id': 14113, 'rank': 22, 'fitness': 0.873931758665011, 'generation': 185}","{'id': 14038, 'rank': 23, 'fitness': 0.8343060874694476, 'generation': 185}","{'id': 14094, 'rank': 24, 'fitness': 0.8306366227665726, 'generation': 185}","{'id': 14094, 'rank': 25, 'fitness': 0.8306366227665726, 'generation': 185}","{'id': 14114, 'rank': 26, 'fitness': 0.824151069581526, 'generation': 185}","{'id': 14091, 'rank': 27, 'fitness': 0.7466492221573546, 'generation': 185}","{'id': 14070, 'rank': 28, 'fitness': 0.7209179044560368, 'generation': 185}","{'id': 13967, 'rank': 29, 'fitness': 0.043592353849519094, 'generation': 185}","{'id': 14058, 'rank': 30, 'fitness': 0.01798620996209155, 'generation': 185}"
"{'id': 14004, 'rank': 1, 'fitness': 0.9820137900379085, 'generation': 186}","{'id': 14149, 'rank': 2, 'fitness': 0.9818849946800718, 'generation': 186}","{'id': 14130, 'rank': 3, 'fitness': 0.9818732463837523, 'generation': 186}","{'id': 14104, 'rank': 4, 'fitness': 0.9802884330226518, 'generation': 186}","{'id': 13832, 'rank': 5, 'fitness': 0.9801739386251873, 'generation': 186}","{'id': 14165, 'rank': 6, 'fitness': 0.9796048139177014, 'generation': 186}","{'id': 14075, 'rank': 7, 'fitness': 0.97918810894092, 'generation': 186}","{'id': 14069, 'rank': 8, 'fitness': 0.9789351299864248, 'generation': 186}","{'id': 14085, 'rank': 9, 'fitness': 0.9787194916819901, 'generation': 186}","{'id': 14053, 'rank': 10, 'fitness': 0.9771036958093092, 'generation': 186}","{'id': 14037, 'rank': 11, 'fitness': 0.977039547261749, 'generation': 186}","{'id': 14061, 'rank': 12, 'fitness': 0.9756749893128246, 'generation': 186}","{'id': 14182, 'rank': 13, 'fitness': 0.9748870704503639, 'generation': 186}","{'id': 14139, 'rank': 14, 'fitness': 0.9711403996487518, 'generation': 186}","{'id': 14154, 'rank': 15, 'fitness': 0.9708524292005865, 'generation': 186}","{'id': 14038, 'rank': 16, 'fitness': 0.9696442208752706, 'generation': 186}","{'id': 14094, 'rank': 17, 'fitness': 0.9694695546814203, 'generation': 186}","{'id': 14094, 'rank': 18, 'fitness': 0.9694695546814203, 'generation': 186}","{'id': 14114, 'rank': 19, 'fitness': 0.9691657734116118, 'generation': 186}","{'id': 14155, 'rank': 20, 'fitness': 0.9685786068377155, 'generation': 186}","{'id': 14070, 'rank': 21, 'fitness': 0.9649004133858361, 'generation': 186}","{'id': 14175, 'rank': 22, 'fitness': 0.9644726150834657, 'generation': 186}","{'id': 14172, 'rank': 23, 'fitness': 0.9601109784284463, 'generation': 186}","{'id': 14176, 'rank': 24, 'fitness': 0.9549897326035783, 'generation': 186}","{'id': 14168, 'rank': 25, 'fitness': 0.9536929752419925, 'generation': 186}","{'id': 14168, 'rank': 26, 'fitness': 0.9536929752419925, 'generation': 186}","{'id': 14123, 'rank': 27, 'fitness': 0.9429132850918904, 'generation': 186}","{'id': 14186, 'rank': 28, 'fitness': 0.9028067115575829, 'generation': 186}","{'id': 14121, 'rank': 29, 'fitness': 0.6676769947623165, 'generation': 186}","{'id': 14132, 'rank': 30, 'fitness': 0.01798620996209155, 'generation': 186}"
"{'id': 14149, 'rank': 1, 'fitness': 0.9820137900379085, 'generation': 187}","{'id': 14130, 'rank': 2, 'fitness': 0.981960819874462, 'generation': 187}","{'id': 14252, 'rank': 3, 'fitness': 0.9789459298439034, 'generation': 187}","{'id': 14229, 'rank': 4, 'fitness': 0.9732690479953656, 'generation': 187}","{'id': 14285, 'rank': 5, 'fitness': 0.9696180877138473, 'generation': 187}","{'id': 14219, 'rank': 6, 'fitness': 0.9692017611384793, 'generation': 187}","{'id': 14228, 'rank': 7, 'fitness': 0.9681377472688166, 'generation': 187}","{'id': 14069, 'rank': 8, 'fitness': 0.9645016592731732, 'generation': 187}","{'id': 14257, 'rank': 9, 'fitness': 0.9610342614289566, 'generation': 187}","{'id': 14053, 'rank': 10, 'fitness': 0.9486086920990553, 'generation': 187}","{'id': 14053, 'rank': 11, 'fitness': 0.9486086920990553, 'generation': 187}","{'id': 14053, 'rank': 12, 'fitness': 0.9486086920990553, 'generation': 187}","{'id': 14037, 'rank': 13, 'fitness': 0.947971889249686, 'generation': 187}","{'id': 14255, 'rank': 14, 'fitness': 0.9436598696690418, 'generation': 187}","{'id': 14248, 'rank': 15, 'fitness': 0.9367966162511117, 'generation': 187}","{'id': 14246, 'rank': 16, 'fitness': 0.9319152219509657, 'generation': 187}","{'id': 14207, 'rank': 17, 'fitness': 0.9208140206210109, 'generation': 187}","{'id': 14271, 'rank': 18, 'fitness': 0.9084437501999032, 'generation': 187}","{'id': 14208, 'rank': 19, 'fitness': 0.9049153812148554, 'generation': 187}","{'id': 14213, 'rank': 20, 'fitness': 0.8802216038225507, 'generation': 187}","{'id': 14247, 'rank': 21, 'fitness': 0.8599930263128979, 'generation': 187}","{'id': 14154, 'rank': 22, 'fitness': 0.8571240586037998, 'generation': 187}","{'id': 14245, 'rank': 23, 'fitness': 0.8396789331814037, 'generation': 187}","{'id': 14114, 'rank': 24, 'fitness': 0.8217999569691276, 'generation': 187}","{'id': 14114, 'rank': 25, 'fitness': 0.8217999569691276, 'generation': 187}","{'id': 14114, 'rank': 26, 'fitness': 0.8217999569691276, 'generation': 187}","{'id': 14220, 'rank': 27, 'fitness': 0.667513366656862, 'generation': 187}","{'id': 14236, 'rank': 28, 'fitness': 0.588601681334147, 'generation': 187}","{'id': 14123, 'rank': 29, 'fitness': 0.19949101608312297, 'generation': 187}","{'id': 14186, 'rank': 30, 'fitness': 0.01798620996209155, 'generation': 187}"
"{'id': 14130, 'rank': 1, 'fitness': 0.9820137900379085, 'generation': 188}","{'id': 14130, 'rank': 2, 'fitness': 0.9820137900379085, 'generation': 188}","{'id': 14312, 'rank': 3, 'fitness': 0.9816867886817351, 'generation': 188}","{'id': 14252, 'rank': 4, 'fitness': 0.9813680970033871, 'generation': 188}","{'id': 14252, 'rank': 5, 'fitness': 0.9813680970033871, 'generation': 188}","{'id': 14311, 'rank': 6, 'fitness': 0.9807075171400506, 'generation': 188}","{'id': 14311, 'rank': 7, 'fitness': 0.9807075171400506, 'generation': 188}","{'id': 14288, 'rank': 8, 'fitness': 0.9802026877589392, 'generation': 188}","{'id': 14326, 'rank': 9, 'fitness': 0.9801739155794755, 'generation': 188}","{'id': 14285, 'rank': 10, 'fitness': 0.9797331591985796, 'generation': 188}","{'id': 14219, 'rank': 11, 'fitness': 0.9796695201356455, 'generation': 188}","{'id': 14228, 'rank': 12, 'fitness': 0.9795097293965427, 'generation': 188}","{'id': 14257, 'rank': 13, 'fitness': 0.9785332409797203, 'generation': 188}","{'id': 14290, 'rank': 14, 'fitness': 0.9775314026739708, 'generation': 188}","{'id': 14053, 'rank': 15, 'fitness': 0.977100929773974, 'generation': 188}","{'id': 14255, 'rank': 16, 'fitness': 0.9766001009776155, 'generation': 188}","{'id': 14255, 'rank': 17, 'fitness': 0.9766001009776155, 'generation': 188}","{'id': 14248, 'rank': 18, 'fitness': 0.9759547898914553, 'generation': 188}","{'id': 14248, 'rank': 19, 'fitness': 0.9759547898914553, 'generation': 188}","{'id': 14271, 'rank': 20, 'fitness': 0.9737120167992338, 'generation': 188}","{'id': 14271, 'rank': 21, 'fitness': 0.9737120167992338, 'generation': 188}","{'id': 14301, 'rank': 22, 'fitness': 0.9683167178316288, 'generation': 188}","{'id': 14349, 'rank': 23, 'fitness': 0.9670736807901175, 'generation': 188}","{'id': 14349, 'rank': 24, 'fitness': 0.9670736807901175, 'generation': 188}","{'id': 14294, 'rank': 25, 'fitness': 0.9626280866182915, 'generation': 188}","{'id': 14220, 'rank': 26, 'fitness': 0.9625941631423217, 'generation': 188}","{'id': 14351, 'rank': 27, 'fitness': 0.94269852846417, 'generation': 188}","{'id': 14338, 'rank': 28, 'fitness': 0.9416432544248867, 'generation': 188}","{'id': 14310, 'rank': 29, 'fitness': 0.8318351163605697, 'generation': 188}","{'id': 14303, 'rank': 30, 'fitness': 0.01798620996209155, 'generation': 188}"
"{'id': 14312, 'rank': 1, 'fitness': 0.9820137900379085, 'generation': 189}","{'id': 14373, 'rank': 2, 'fitness': 0.9810057603940979, 'generation': 189}","{'id': 14424, 'rank': 3, 'fitness': 0.9787675618589695, 'generation': 189}","{'id': 14288, 'rank': 4, 'fitness': 0.9766075412118221, 'generation': 189}","{'id': 14436, 'rank': 5, 'fitness': 0.9762492021335525, 'generation': 189}","{'id': 14436, 'rank': 6, 'fitness': 0.9762492021335525, 'generation': 189}","{'id': 14434, 'rank': 7, 'fitness': 0.9753639234140963, 'generation': 189}","{'id': 14383, 'rank': 8, 'fitness': 0.9751328985935968, 'generation': 189}","{'id': 14405, 'rank': 9, 'fitness': 0.9742716786146102, 'generation': 189}","{'id': 14387, 'rank': 10, 'fitness': 0.9741948055659777, 'generation': 189}","{'id': 14387, 'rank': 11, 'fitness': 0.9741948055659777, 'generation': 189}","{'id': 14447, 'rank': 12, 'fitness': 0.9734706159945997, 'generation': 189}","{'id': 14399, 'rank': 13, 'fitness': 0.9701829974730394, 'generation': 189}","{'id': 14411, 'rank': 14, 'fitness': 0.9640090076603395, 'generation': 189}","{'id': 14386, 'rank': 15, 'fitness': 0.9626629306822183, 'generation': 189}","{'id': 14409, 'rank': 16, 'fitness': 0.9612095217804062, 'generation': 189}","{'id': 14371, 'rank': 17, 'fitness': 0.9604277103855383, 'generation': 189}","{'id': 14371, 'rank': 18, 'fitness': 0.9604277103855383, 'generation': 189}","{'id': 14391, 'rank': 19, 'fitness': 0.9595289713922874, 'generation': 189}","{'id': 14449, 'rank': 20, 'fitness': 0.9540295718030054, 'generation': 189}","{'id': 14414, 'rank': 21, 'fitness': 0.9524792564520811, 'generation': 189}","{'id': 14392, 'rank': 22, 'fitness': 0.9477632928556702, 'generation': 189}","{'id': 14393, 'rank': 23, 'fitness': 0.9376526668313041, 'generation': 189}","{'id': 14395, 'rank': 24, 'fitness': 0.9149475962995293, 'generation': 189}","{'id': 14439, 'rank': 25, 'fitness': 0.914277538603206, 'generation': 189}","{'id': 14420, 'rank': 26, 'fitness': 0.9059077870480924, 'generation': 189}","{'id': 14389, 'rank': 27, 'fitness': 0.9050529690637006, 'generation': 189}","{'id': 14428, 'rank': 28, 'fitness': 0.7560636623489125, 'generation': 189}","{'id': 14446, 'rank': 29, 'fitness': 0.03263711746058717, 'generation': 189}","{'id': 14443, 'rank': 30, 'fitness': 0.01798620996209155, 'generation': 189}"
"{'id': 14312, 'rank': 1, 'fitness': 0.9820137900379085, 'generation': 190}","{'id': 14478, 'rank': 2, 'fitness': 0.9798186023337977, 'generation': 190}","{'id': 14424, 'rank': 3, 'fitness': 0.9774209122846553, 'generation': 190}","{'id': 14383, 'rank': 4, 'fitness': 0.9719706264039865, 'generation': 190}","{'id': 14387, 'rank': 5, 'fitness': 0.9705155896266962, 'generation': 190}","{'id': 14529, 'rank': 6, 'fitness': 0.9704761769124867, 'generation': 190}","{'id': 14529, 'rank': 7, 'fitness': 0.9704761769124867, 'generation': 190}","{'id': 14399, 'rank': 8, 'fitness': 0.9640883305825869, 'generation': 190}","{'id': 14399, 'rank': 9, 'fitness': 0.9640883305825869, 'generation': 190}","{'id': 14471, 'rank': 10, 'fitness': 0.9576148796071124, 'generation': 190}","{'id': 14541, 'rank': 11, 'fitness': 0.9572075852723465, 'generation': 190}","{'id': 14548, 'rank': 12, 'fitness': 0.9564215851363591, 'generation': 190}","{'id': 14503, 'rank': 13, 'fitness': 0.952616555896876, 'generation': 190}","{'id': 14542, 'rank': 14, 'fitness': 0.9461696196373264, 'generation': 190}","{'id': 14502, 'rank': 15, 'fitness': 0.9381554040217098, 'generation': 190}","{'id': 14449, 'rank': 16, 'fitness': 0.9354353332966736, 'generation': 190}","{'id': 14449, 'rank': 17, 'fitness': 0.9354353332966736, 'generation': 190}","{'id': 14454, 'rank': 18, 'fitness': 0.9190852240314262, 'generation': 190}","{'id': 14454, 'rank': 19, 'fitness': 0.9190852240314262, 'generation': 190}","{'id': 14485, 'rank': 20, 'fitness': 0.9145774421252363, 'generation': 190}","{'id': 14546, 'rank': 21, 'fitness': 0.9126731527761155, 'generation': 190}","{'id': 14536, 'rank': 22, 'fitness': 0.8929285847688884, 'generation': 190}","{'id': 14472, 'rank': 23, 'fitness': 0.8901874365476692, 'generation': 190}","{'id': 14512, 'rank': 24, 'fitness': 0.8875913408398274, 'generation': 190}","{'id': 14496, 'rank': 25, 'fitness': 0.8697628071357854, 'generation': 190}","{'id': 14533, 'rank': 26, 'fitness': 0.8521684253011521, 'generation': 190}","{'id': 14517, 'rank': 27, 'fitness': 0.8126367102466052, 'generation': 190}","{'id': 14466, 'rank': 28, 'fitness': 0.778102484371876, 'generation': 190}","{'id': 14516, 'rank': 29, 'fitness': 0.22644973602913054, 'generation': 190}","{'id': 14551, 'rank': 30, 'fitness': 0.01798620996209155, 'generation': 190}"
"{'id': 14312, 'rank': 1, 'fitness': 0.9820137900379085, 'generation': 191}","{'id': 14424, 'rank': 2, 'fitness': 0.9805493446329879, 'generation': 191}","{'id': 14617, 'rank': 3, 'fitness': 0.9800006087714528, 'generation': 191}","{'id': 14617, 'rank': 4, 'fitness': 0.9800006087714528, 'generation': 191}","{'id': 14387, 'rank': 5, 'fitness': 0.9786702504465967, 'generation': 191}","{'id': 14621, 'rank': 6, 'fitness': 0.9766041973858942, 'generation': 191}","{'id': 14471, 'rank': 7, 'fitness': 0.9757966579530764, 'generation': 191}","{'id': 14471, 'rank': 8, 'fitness': 0.9757966579530764, 'generation': 191}","{'id': 14541, 'rank': 9, 'fitness': 0.9757154493790684, 'generation': 191}","{'id': 14541, 'rank': 10, 'fitness': 0.9757154493790684, 'generation': 191}","{'id': 14608, 'rank': 11, 'fitness': 0.9719219637760181, 'generation': 191}","{'id': 14449, 'rank': 12, 'fitness': 0.9719160263720457, 'generation': 191}","{'id': 14570, 'rank': 13, 'fitness': 0.9680353571326179, 'generation': 191}","{'id': 14570, 'rank': 14, 'fitness': 0.9680353571326179, 'generation': 191}","{'id': 14616, 'rank': 15, 'fitness': 0.9671375326430087, 'generation': 191}","{'id': 14536, 'rank': 16, 'fitness': 0.9662437472767204, 'generation': 191}","{'id': 14472, 'rank': 17, 'fitness': 0.9659244752271474, 'generation': 191}","{'id': 14472, 'rank': 18, 'fitness': 0.9659244752271474, 'generation': 191}","{'id': 14615, 'rank': 19, 'fitness': 0.9658253090101735, 'generation': 191}","{'id': 14563, 'rank': 20, 'fitness': 0.9608239711777993, 'generation': 191}","{'id': 14643, 'rank': 21, 'fitness': 0.9572551456140544, 'generation': 191}","{'id': 14618, 'rank': 22, 'fitness': 0.9571260162581716, 'generation': 191}","{'id': 14569, 'rank': 23, 'fitness': 0.9564569506168121, 'generation': 191}","{'id': 14578, 'rank': 24, 'fitness': 0.9488960731337444, 'generation': 191}","{'id': 14581, 'rank': 25, 'fitness': 0.9480557841976809, 'generation': 191}","{'id': 14577, 'rank': 26, 'fitness': 0.9297489990674184, 'generation': 191}","{'id': 14568, 'rank': 27, 'fitness': 0.9290808467961542, 'generation': 191}","{'id': 14551, 'rank': 28, 'fitness': 0.7774126642453477, 'generation': 191}","{'id': 14648, 'rank': 29, 'fitness': 0.1436553358427976, 'generation': 191}","{'id': 14557, 'rank': 30, 'fitness': 0.01798620996209155, 'generation': 191}"
"{'id': 14677, 'rank': 1, 'fitness': 0.9820137900379085, 'generation': 192}","{'id': 14617, 'rank': 2, 'fitness': 0.9451634170813492, 'generation': 192}","{'id': 14617, 'rank': 3, 'fitness': 0.9451634170813492, 'generation': 192}","{'id': 14693, 'rank': 4, 'fitness': 0.934491250316718, 'generation': 192}","{'id': 14726, 'rank': 5, 'fitness': 0.9080934641618204, 'generation': 192}","{'id': 14726, 'rank': 6, 'fitness': 0.9080934641618204, 'generation': 192}","{'id': 14692, 'rank': 7, 'fitness': 0.9077443479850424, 'generation': 192}","{'id': 14471, 'rank': 8, 'fitness': 0.8909506560046311, 'generation': 192}","{'id': 14541, 'rank': 9, 'fitness': 0.8896678215457312, 'generation': 192}","{'id': 14725, 'rank': 10, 'fitness': 0.8651928228328325, 'generation': 192}","{'id': 14725, 'rank': 11, 'fitness': 0.8651928228328325, 'generation': 192}","{'id': 14729, 'rank': 12, 'fitness': 0.8453121905520125, 'generation': 192}","{'id': 14729, 'rank': 13, 'fitness': 0.8453121905520125, 'generation': 192}","{'id': 14449, 'rank': 14, 'fitness': 0.8199785054320223, 'generation': 192}","{'id': 14683, 'rank': 15, 'fitness': 0.8110050861255985, 'generation': 192}","{'id': 14696, 'rank': 16, 'fitness': 0.787543509391445, 'generation': 192}","{'id': 14570, 'rank': 17, 'fitness': 0.7321617992813616, 'generation': 192}","{'id': 14570, 'rank': 18, 'fitness': 0.7321617992813616, 'generation': 192}","{'id': 14472, 'rank': 19, 'fitness': 0.6797366432716654, 'generation': 192}","{'id': 14708, 'rank': 20, 'fitness': 0.6238531572241353, 'generation': 192}","{'id': 14682, 'rank': 21, 'fitness': 0.5113840649333036, 'generation': 192}","{'id': 14657, 'rank': 22, 'fitness': 0.42958642077116377, 'generation': 192}","{'id': 14662, 'rank': 23, 'fitness': 0.38651210060547714, 'generation': 192}","{'id': 14722, 'rank': 24, 'fitness': 0.33058928089636236, 'generation': 192}","{'id': 14578, 'rank': 25, 'fitness': 0.2960192355516341, 'generation': 192}","{'id': 14581, 'rank': 26, 'fitness': 0.2824940329581166, 'generation': 192}","{'id': 14697, 'rank': 27, 'fitness': 0.20294732263671, 'generation': 192}","{'id': 14734, 'rank': 28, 'fitness': 0.13536047324736394, 'generation': 192}","{'id': 14670, 'rank': 29, 'fitness': 0.04188877240496092, 'generation': 192}","{'id': 14674, 'rank': 30, 'fitness': 0.01798620996209155, 'generation': 192}"
"{'id': 14774, 'rank': 1, 'fitness': 0.9820137900379085, 'generation': 193}","{'id': 14774, 'rank': 2, 'fitness': 0.9820137900379085, 'generation': 193}","{'id': 14677, 'rank': 3, 'fitness': 0.9819630118711364, 'generation': 193}","{'id': 14677, 'rank': 4, 'fitness': 0.9819630118711364, 'generation': 193}","{'id': 14617, 'rank': 5, 'fitness': 0.9817065396746544, 'generation': 193}","{'id': 14617, 'rank': 6, 'fitness': 0.9817065396746544, 'generation': 193}","{'id': 14617, 'rank': 7, 'fitness': 0.9817065396746544, 'generation': 193}","{'id': 14692, 'rank': 8, 'fitness': 0.9815805503119027, 'generation': 193}","{'id': 14471, 'rank': 9, 'fitness': 0.9815385810884513, 'generation': 193}","{'id': 14471, 'rank': 10, 'fitness': 0.9815385810884513, 'generation': 193}","{'id': 14725, 'rank': 11, 'fitness': 0.9814839493076335, 'generation': 193}","{'id': 14725, 'rank': 12, 'fitness': 0.9814839493076335, 'generation': 193}","{'id': 14570, 'rank': 13, 'fitness': 0.9812895047774715, 'generation': 193}","{'id': 14570, 'rank': 14, 'fitness': 0.9812895047774715, 'generation': 193}","{'id': 14708, 'rank': 15, 'fitness': 0.9811747371916872, 'generation': 193}","{'id': 14777, 'rank': 16, 'fitness': 0.9809633789949399, 'generation': 193}","{'id': 14581, 'rank': 17, 'fitness': 0.9808405762066958, 'generation': 193}","{'id': 14697, 'rank': 18, 'fitness': 0.9807381542676963, 'generation': 193}","{'id': 14697, 'rank': 19, 'fitness': 0.9807381542676963, 'generation': 193}","{'id': 14670, 'rank': 20, 'fitness': 0.9803186042583789, 'generation': 193}","{'id': 14746, 'rank': 21, 'fitness': 0.9802066439283288, 'generation': 193}","{'id': 14674, 'rank': 22, 'fitness': 0.9801081423220803, 'generation': 193}","{'id': 14674, 'rank': 23, 'fitness': 0.9801081423220803, 'generation': 193}","{'id': 14674, 'rank': 24, 'fitness': 0.9801081423220803, 'generation': 193}","{'id': 14739, 'rank': 25, 'fitness': 0.975101692160788, 'generation': 193}","{'id': 14761, 'rank': 26, 'fitness': 0.9680776898112728, 'generation': 193}","{'id': 14779, 'rank': 27, 'fitness': 0.9438944733311718, 'generation': 193}","{'id': 14779, 'rank': 28, 'fitness': 0.9438944733311718, 'generation': 193}","{'id': 14769, 'rank': 29, 'fitness': 0.1640068226882821, 'generation': 193}","{'id': 14788, 'rank': 30, 'fitness': 0.01798620996209155, 'generation': 193}"
"{'id': 14810, 'rank': 1, 'fitness': 0.9820137900379085, 'generation': 194}","{'id': 14774, 'rank': 2, 'fitness': 0.981129463095648, 'generation': 194}","{'id': 14887, 'rank': 3, 'fitness': 0.9714748884162634, 'generation': 194}","{'id': 14887, 'rank': 4, 'fitness': 0.9714748884162634, 'generation': 194}","{'id': 14887, 'rank': 5, 'fitness': 0.9714748884162634, 'generation': 194}","{'id': 14887, 'rank': 6, 'fitness': 0.9714748884162634, 'generation': 194}","{'id': 14896, 'rank': 7, 'fitness': 0.9662005591103016, 'generation': 194}","{'id': 14894, 'rank': 8, 'fitness': 0.9612141769017275, 'generation': 194}","{'id': 14894, 'rank': 9, 'fitness': 0.9612141769017275, 'generation': 194}","{'id': 14811, 'rank': 10, 'fitness': 0.9101812426884761, 'generation': 194}","{'id': 14892, 'rank': 11, 'fitness': 0.8973717109659338, 'generation': 194}","{'id': 14725, 'rank': 12, 'fitness': 0.8642104548303233, 'generation': 194}","{'id': 14842, 'rank': 13, 'fitness': 0.862321203179536, 'generation': 194}","{'id': 14842, 'rank': 14, 'fitness': 0.862321203179536, 'generation': 194}","{'id': 14814, 'rank': 15, 'fitness': 0.8331621130113881, 'generation': 194}","{'id': 14851, 'rank': 16, 'fitness': 0.812809321889417, 'generation': 194}","{'id': 14890, 'rank': 17, 'fitness': 0.803138140842623, 'generation': 194}","{'id': 14816, 'rank': 18, 'fitness': 0.7991096957730826, 'generation': 194}","{'id': 14816, 'rank': 19, 'fitness': 0.7991096957730826, 'generation': 194}","{'id': 14848, 'rank': 20, 'fitness': 0.7984909660151538, 'generation': 194}","{'id': 14708, 'rank': 21, 'fitness': 0.6574653357600229, 'generation': 194}","{'id': 14847, 'rank': 22, 'fitness': 0.6321585202394897, 'generation': 194}","{'id': 14850, 'rank': 23, 'fitness': 0.6197363071071565, 'generation': 194}","{'id': 14850, 'rank': 24, 'fitness': 0.6197363071071565, 'generation': 194}","{'id': 14777, 'rank': 25, 'fitness': 0.4610116688604098, 'generation': 194}","{'id': 14813, 'rank': 26, 'fitness': 0.318750010363285, 'generation': 194}","{'id': 14697, 'rank': 27, 'fitness': 0.26737898610681887, 'generation': 194}","{'id': 14670, 'rank': 28, 'fitness': 0.07117470687911798, 'generation': 194}","{'id': 14874, 'rank': 29, 'fitness': 0.027972135721078872, 'generation': 194}","{'id': 14873, 'rank': 30, 'fitness': 0.01798620996209155, 'generation': 194}"
"{'id': 14774, 'rank': 1, 'fitness': 0.9820137900379085, 'generation': 195}","{'id': 14932, 'rank': 2, 'fitness': 0.9817128419065639, 'generation': 195}","{'id': 14887, 'rank': 3, 'fitness': 0.981000391594164, 'generation': 195}","{'id': 14896, 'rank': 4, 'fitness': 0.9805647610412958, 'generation': 195}","{'id': 14894, 'rank': 5, 'fitness': 0.9802023007582102, 'generation': 195}","{'id': 14894, 'rank': 6, 'fitness': 0.9802023007582102, 'generation': 195}","{'id': 14894, 'rank': 7, 'fitness': 0.9802023007582102, 'generation': 195}","{'id': 14905, 'rank': 8, 'fitness': 0.9798938585441899, 'generation': 195}","{'id': 14928, 'rank': 9, 'fitness': 0.9790015472458065, 'generation': 195}","{'id': 14933, 'rank': 10, 'fitness': 0.9785985061764153, 'generation': 195}","{'id': 14934, 'rank': 11, 'fitness': 0.9783209735034946, 'generation': 195}","{'id': 14926, 'rank': 12, 'fitness': 0.9777888459894086, 'generation': 195}","{'id': 14811, 'rank': 13, 'fitness': 0.9777768431267475, 'generation': 195}","{'id': 14919, 'rank': 14, 'fitness': 0.9776885090041094, 'generation': 195}","{'id': 14947, 'rank': 15, 'fitness': 0.9770938411423251, 'generation': 195}","{'id': 14921, 'rank': 16, 'fitness': 0.9770871165582615, 'generation': 195}","{'id': 14842, 'rank': 17, 'fitness': 0.9763540957647421, 'generation': 195}","{'id': 14814, 'rank': 18, 'fitness': 0.975653931428843, 'generation': 195}","{'id': 14848, 'rank': 19, 'fitness': 0.974918022378515, 'generation': 195}","{'id': 14946, 'rank': 20, 'fitness': 0.9727424978942464, 'generation': 195}","{'id': 14929, 'rank': 21, 'fitness': 0.9665942643460592, 'generation': 195}","{'id': 14670, 'rank': 22, 'fitness': 0.9584880191275623, 'generation': 195}","{'id': 14874, 'rank': 23, 'fitness': 0.9530281144701294, 'generation': 195}","{'id': 14873, 'rank': 24, 'fitness': 0.9502849572034122, 'generation': 195}","{'id': 14913, 'rank': 25, 'fitness': 0.9283683758918635, 'generation': 195}","{'id': 14950, 'rank': 26, 'fitness': 0.8460135845746347, 'generation': 195}","{'id': 14912, 'rank': 27, 'fitness': 0.7908309444864782, 'generation': 195}","{'id': 14914, 'rank': 28, 'fitness': 0.7827572689306621, 'generation': 195}","{'id': 14911, 'rank': 29, 'fitness': 0.6382365172278972, 'generation': 195}","{'id': 14969, 'rank': 30, 'fitness': 0.01798620996209155, 'generation': 195}"
"{'id': 14774, 'rank': 1, 'fitness': 0.9820137900379085, 'generation': 196}","{'id': 14774, 'rank': 2, 'fitness': 0.9820137900379085, 'generation': 196}","{'id': 14932, 'rank': 3, 'fitness': 0.981640889795977, 'generation': 196}","{'id': 14896, 'rank': 4, 'fitness': 0.980205378181352, 'generation': 196}","{'id': 14894, 'rank': 5, 'fitness': 0.9797480267629475, 'generation': 196}","{'id': 14894, 'rank': 6, 'fitness': 0.9797480267629475, 'generation': 196}","{'id': 14894, 'rank': 7, 'fitness': 0.9797480267629475, 'generation': 196}","{'id': 14905, 'rank': 8, 'fitness': 0.9793573089676268, 'generation': 196}","{'id': 14905, 'rank': 9, 'fitness': 0.9793573089676268, 'generation': 196}","{'id': 15019, 'rank': 10, 'fitness': 0.9788021718873798, 'generation': 196}","{'id': 15033, 'rank': 11, 'fitness': 0.9782635379910469, 'generation': 196}","{'id': 15033, 'rank': 12, 'fitness': 0.9782635379910469, 'generation': 196}","{'id': 14928, 'rank': 13, 'fitness': 0.9782192473607629, 'generation': 196}","{'id': 15047, 'rank': 14, 'fitness': 0.9778249231070639, 'generation': 196}","{'id': 14994, 'rank': 15, 'fitness': 0.9777030354915843, 'generation': 196}","{'id': 15031, 'rank': 16, 'fitness': 0.9774696091384683, 'generation': 196}","{'id': 14993, 'rank': 17, 'fitness': 0.9773898640012058, 'generation': 196}","{'id': 15043, 'rank': 18, 'fitness': 0.9771489927339163, 'generation': 196}","{'id': 15043, 'rank': 19, 'fitness': 0.9771489927339163, 'generation': 196}","{'id': 15001, 'rank': 20, 'fitness': 0.9770436649096947, 'generation': 196}","{'id': 14979, 'rank': 21, 'fitness': 0.9768819662776513, 'generation': 196}","{'id': 15046, 'rank': 22, 'fitness': 0.976053265441839, 'generation': 196}","{'id': 15046, 'rank': 23, 'fitness': 0.976053265441839, 'generation': 196}","{'id': 14814, 'rank': 24, 'fitness': 0.9738532996209941, 'generation': 196}","{'id': 15003, 'rank': 25, 'fitness': 0.9694305736885096, 'generation': 196}","{'id': 14874, 'rank': 26, 'fitness': 0.9413536074080783, 'generation': 196}","{'id': 14990, 'rank': 27, 'fitness': 0.8755750737459039, 'generation': 196}","{'id': 14950, 'rank': 28, 'fitness': 0.7613597408120067, 'generation': 196}","{'id': 15040, 'rank': 29, 'fitness': 0.7124379857863156, 'generation': 196}","{'id': 15008, 'rank': 30, 'fitness': 0.01798620996209155, 'generation': 196}"
"{'id': 14774, 'rank': 1, 'fitness': 0.9820137900379085, 'generation': 197}","{'id': 15093, 'rank': 2, 'fitness': 0.9767778427323739, 'generation': 197}","{'id': 15136, 'rank': 3, 'fitness': 0.9692366614466665, 'generation': 197}","{'id': 15136, 'rank': 4, 'fitness': 0.9692366614466665, 'generation': 197}","{'id': 15090, 'rank': 5, 'fitness': 0.9639612957454922, 'generation': 197}","{'id': 15059, 'rank': 6, 'fitness': 0.963196012678394, 'generation': 197}","{'id': 15059, 'rank': 7, 'fitness': 0.963196012678394, 'generation': 197}","{'id': 14894, 'rank': 8, 'fitness': 0.9534739926064504, 'generation': 197}","{'id': 14894, 'rank': 9, 'fitness': 0.9534739926064504, 'generation': 197}","{'id': 15135, 'rank': 10, 'fitness': 0.9496690972744227, 'generation': 197}","{'id': 15118, 'rank': 11, 'fitness': 0.9481754141720762, 'generation': 197}","{'id': 15118, 'rank': 12, 'fitness': 0.9481754141720762, 'generation': 197}","{'id': 15118, 'rank': 13, 'fitness': 0.9481754141720762, 'generation': 197}","{'id': 15100, 'rank': 14, 'fitness': 0.9457844122508647, 'generation': 197}","{'id': 15105, 'rank': 15, 'fitness': 0.9287260876048518, 'generation': 197}","{'id': 15105, 'rank': 16, 'fitness': 0.9287260876048518, 'generation': 197}","{'id': 15107, 'rank': 17, 'fitness': 0.912856731711466, 'generation': 197}","{'id': 15128, 'rank': 18, 'fitness': 0.895058273686181, 'generation': 197}","{'id': 15128, 'rank': 19, 'fitness': 0.895058273686181, 'generation': 197}","{'id': 15043, 'rank': 20, 'fitness': 0.882923875544611, 'generation': 197}","{'id': 15043, 'rank': 21, 'fitness': 0.882923875544611, 'generation': 197}","{'id': 15001, 'rank': 22, 'fitness': 0.8789246275435334, 'generation': 197}","{'id': 15086, 'rank': 23, 'fitness': 0.8706446820854165, 'generation': 197}","{'id': 15129, 'rank': 24, 'fitness': 0.8674818805877299, 'generation': 197}","{'id': 15120, 'rank': 25, 'fitness': 0.8507975465750829, 'generation': 197}","{'id': 15046, 'rank': 26, 'fitness': 0.8364283294078776, 'generation': 197}","{'id': 15103, 'rank': 27, 'fitness': 0.7839304444514211, 'generation': 197}","{'id': 15104, 'rank': 28, 'fitness': 0.7094713498379739, 'generation': 197}","{'id': 15003, 'rank': 29, 'fitness': 0.40099256352011015, 'generation': 197}","{'id': 15097, 'rank': 30, 'fitness': 0.01798620996209155, 'generation': 197}"
"{'id': 15143, 'rank': 1, 'fitness': 0.9820137900379085, 'generation': 198}","{'id': 15145, 'rank': 2, 'fitness': 0.9819196892849819, 'generation': 198}","{'id': 15146, 'rank': 3, 'fitness': 0.9815356155551029, 'generation': 198}","{'id': 15136, 'rank': 4, 'fitness': 0.9810262464119837, 'generation': 198}","{'id': 15136, 'rank': 5, 'fitness': 0.9810262464119837, 'generation': 198}","{'id': 15150, 'rank': 6, 'fitness': 0.9804386990399931, 'generation': 198}","{'id': 15118, 'rank': 7, 'fitness': 0.9797340859023103, 'generation': 198}","{'id': 15118, 'rank': 8, 'fitness': 0.9797340859023103, 'generation': 198}","{'id': 15144, 'rank': 9, 'fitness': 0.979701174645262, 'generation': 198}","{'id': 15151, 'rank': 10, 'fitness': 0.9788461758931273, 'generation': 198}","{'id': 15128, 'rank': 11, 'fitness': 0.9777731540166428, 'generation': 198}","{'id': 15128, 'rank': 12, 'fitness': 0.9777731540166428, 'generation': 198}","{'id': 15043, 'rank': 13, 'fitness': 0.9774400361717739, 'generation': 198}","{'id': 15086, 'rank': 14, 'fitness': 0.9771278257325906, 'generation': 198}","{'id': 15120, 'rank': 15, 'fitness': 0.9766651550910626, 'generation': 198}","{'id': 15190, 'rank': 16, 'fitness': 0.9766288849469289, 'generation': 198}","{'id': 15149, 'rank': 17, 'fitness': 0.9753309129027365, 'generation': 198}","{'id': 15221, 'rank': 18, 'fitness': 0.9744586313101714, 'generation': 198}","{'id': 15104, 'rank': 19, 'fitness': 0.974152138605572, 'generation': 198}","{'id': 15157, 'rank': 20, 'fitness': 0.9711974559781844, 'generation': 198}","{'id': 15156, 'rank': 21, 'fitness': 0.9696202519306876, 'generation': 198}","{'id': 15185, 'rank': 22, 'fitness': 0.9691622996025666, 'generation': 198}","{'id': 15185, 'rank': 23, 'fitness': 0.9691622996025666, 'generation': 198}","{'id': 15159, 'rank': 24, 'fitness': 0.9688798631414021, 'generation': 198}","{'id': 15168, 'rank': 25, 'fitness': 0.9646441907331325, 'generation': 198}","{'id': 15224, 'rank': 26, 'fitness': 0.9641073552099617, 'generation': 198}","{'id': 15155, 'rank': 27, 'fitness': 0.9514314456899664, 'generation': 198}","{'id': 15202, 'rank': 28, 'fitness': 0.925960562774452, 'generation': 198}","{'id': 15172, 'rank': 29, 'fitness': 0.5170027812360282, 'generation': 198}","{'id': 15174, 'rank': 30, 'fitness': 0.01798620996209155, 'generation': 198}"
"{'id': 15145, 'rank': 1, 'fitness': 0.9820137900379085, 'generation': 199}","{'id': 15277, 'rank': 2, 'fitness': 0.9788657402725481, 'generation': 199}","{'id': 15146, 'rank': 3, 'fitness': 0.9785069404898854, 'generation': 199}","{'id': 15253, 'rank': 4, 'fitness': 0.9617417827346574, 'generation': 199}","{'id': 15305, 'rank': 5, 'fitness': 0.9567035013802757, 'generation': 199}","{'id': 15254, 'rank': 6, 'fitness': 0.9523595841691922, 'generation': 199}","{'id': 15306, 'rank': 7, 'fitness': 0.950206879404723, 'generation': 199}","{'id': 15306, 'rank': 8, 'fitness': 0.950206879404723, 'generation': 199}","{'id': 15307, 'rank': 9, 'fitness': 0.9417451341286358, 'generation': 199}","{'id': 15278, 'rank': 10, 'fitness': 0.9358267633825061, 'generation': 199}","{'id': 15151, 'rank': 11, 'fitness': 0.9334590899851388, 'generation': 199}","{'id': 15151, 'rank': 12, 'fitness': 0.9334590899851388, 'generation': 199}","{'id': 15285, 'rank': 13, 'fitness': 0.9330858335915875, 'generation': 199}","{'id': 15238, 'rank': 14, 'fitness': 0.9289852303498465, 'generation': 199}","{'id': 15276, 'rank': 15, 'fitness': 0.9277236497984283, 'generation': 199}","{'id': 15248, 'rank': 16, 'fitness': 0.9119550250347266, 'generation': 199}","{'id': 15248, 'rank': 17, 'fitness': 0.9119550250347266, 'generation': 199}","{'id': 15260, 'rank': 18, 'fitness': 0.9075309985397702, 'generation': 199}","{'id': 15287, 'rank': 19, 'fitness': 0.8930837356025791, 'generation': 199}","{'id': 15246, 'rank': 20, 'fitness': 0.8483306125275502, 'generation': 199}","{'id': 15308, 'rank': 21, 'fitness': 0.8477365612814495, 'generation': 199}","{'id': 15303, 'rank': 22, 'fitness': 0.840315908022131, 'generation': 199}","{'id': 15227, 'rank': 23, 'fitness': 0.7332836740115534, 'generation': 199}","{'id': 15261, 'rank': 24, 'fitness': 0.5830914178039017, 'generation': 199}","{'id': 15258, 'rank': 25, 'fitness': 0.5135084274874792, 'generation': 199}","{'id': 15251, 'rank': 26, 'fitness': 0.3502636687807774, 'generation': 199}","{'id': 15159, 'rank': 27, 'fitness': 0.3270084101272527, 'generation': 199}","{'id': 15252, 'rank': 28, 'fitness': 0.18035617733586873, 'generation': 199}","{'id': 15168, 'rank': 29, 'fitness': 0.13683424792411625, 'generation': 199}","{'id': 15237, 'rank': 30, 'fitness': 0.01798620996209155, 'generation': 199}"
"{'id': 15145, 'rank': 1, 'fitness': 0.9820137900379085, 'generation': 200}","{'id': 15374, 'rank': 2, 'fitness': 0.9807423318338122, 'generation': 200}","{'id': 15374, 'rank': 3, 'fitness': 0.9807423318338122, 'generation': 200}","{'id': 15277, 'rank': 4, 'fitness': 0.9800402525058682, 'generation': 200}","{'id': 15307, 'rank': 5, 'fitness': 0.9613882063441342, 'generation': 200}","{'id': 15307, 'rank': 6, 'fitness': 0.9613882063441342, 'generation': 200}","{'id': 15315, 'rank': 7, 'fitness': 0.9610791555529123, 'generation': 200}","{'id': 15278, 'rank': 8, 'fitness': 0.9588429416851698, 'generation': 200}","{'id': 15151, 'rank': 9, 'fitness': 0.9578446575893236, 'generation': 200}","{'id': 15151, 'rank': 10, 'fitness': 0.9578446575893236, 'generation': 200}","{'id': 15151, 'rank': 11, 'fitness': 0.9578446575893236, 'generation': 200}","{'id': 15151, 'rank': 12, 'fitness': 0.9578446575893236, 'generation': 200}","{'id': 15151, 'rank': 13, 'fitness': 0.9578446575893236, 'generation': 200}","{'id': 15248, 'rank': 14, 'fitness': 0.9491956581197737, 'generation': 200}","{'id': 15248, 'rank': 15, 'fitness': 0.9491956581197737, 'generation': 200}","{'id': 15248, 'rank': 16, 'fitness': 0.9491956581197737, 'generation': 200}","{'id': 15248, 'rank': 17, 'fitness': 0.9491956581197737, 'generation': 200}","{'id': 15362, 'rank': 18, 'fitness': 0.9446137865261683, 'generation': 200}","{'id': 15320, 'rank': 19, 'fitness': 0.9317580591610186, 'generation': 200}","{'id': 15246, 'rank': 20, 'fitness': 0.9262266675317993, 'generation': 200}","{'id': 15308, 'rank': 21, 'fitness': 0.9260232089123144, 'generation': 200}","{'id': 15261, 'rank': 22, 'fitness': 0.836978652257498, 'generation': 200}","{'id': 15258, 'rank': 23, 'fitness': 0.8106684170262395, 'generation': 200}","{'id': 15340, 'rank': 24, 'fitness': 0.7838639335459674, 'generation': 200}","{'id': 15334, 'rank': 25, 'fitness': 0.7371797617933387, 'generation': 200}","{'id': 15251, 'rank': 26, 'fitness': 0.7351441362713789, 'generation': 200}","{'id': 15251, 'rank': 27, 'fitness': 0.7351441362713789, 'generation': 200}","{'id': 15159, 'rank': 28, 'fitness': 0.7218935477484687, 'generation': 200}","{'id': 15341, 'rank': 29, 'fitness': 0.693992483024203, 'generation': 200}","{'id': 15356, 'rank': 30, 'fitness': 0.01798620996209155, 'generation': 200}"
"{'id': 15427, 'rank': 1, 'fitness': 0.9820137900379085, 'generation': 201}","{'id': 15277, 'rank': 2, 'fitness': 0.9817631518537256, 'generation': 201}","{'id': 15399, 'rank': 3, 'fitness': 0.9793117951555057, 'generation': 201}","{'id': 15399, 'rank': 4, 'fitness': 0.9793117951555057, 'generation': 201}","{'id': 15399, 'rank': 5, 'fitness': 0.9793117951555057, 'generation': 201}","{'id': 15307, 'rank': 6, 'fitness': 0.9788883407958655, 'generation': 201}","{'id': 15315, 'rank': 7, 'fitness': 0.9788506202443586, 'generation': 201}","{'id': 15315, 'rank': 8, 'fitness': 0.9788506202443586, 'generation': 201}","{'id': 15151, 'rank': 9, 'fitness': 0.9784685396489224, 'generation': 201}","{'id': 15151, 'rank': 10, 'fitness': 0.9784685396489224, 'generation': 201}","{'id': 15248, 'rank': 11, 'fitness': 0.9775430911268463, 'generation': 201}","{'id': 15362, 'rank': 12, 'fitness': 0.9770986845282141, 'generation': 201}","{'id': 15362, 'rank': 13, 'fitness': 0.9770986845282141, 'generation': 201}","{'id': 15320, 'rank': 14, 'fitness': 0.9759783298090952, 'generation': 201}","{'id': 15308, 'rank': 15, 'fitness': 0.9755264314954808, 'generation': 201}","{'id': 15308, 'rank': 16, 'fitness': 0.9755264314954808, 'generation': 201}","{'id': 15407, 'rank': 17, 'fitness': 0.9753096793309721, 'generation': 201}","{'id': 15407, 'rank': 18, 'fitness': 0.9753096793309721, 'generation': 201}","{'id': 15392, 'rank': 19, 'fitness': 0.9728077893800371, 'generation': 201}","{'id': 15444, 'rank': 20, 'fitness': 0.9711384123964972, 'generation': 201}","{'id': 15420, 'rank': 21, 'fitness': 0.969439217726666, 'generation': 201}","{'id': 15420, 'rank': 22, 'fitness': 0.969439217726666, 'generation': 201}","{'id': 15340, 'rank': 23, 'fitness': 0.9681079267741592, 'generation': 201}","{'id': 15403, 'rank': 24, 'fitness': 0.9648899091305991, 'generation': 201}","{'id': 15341, 'rank': 25, 'fitness': 0.9647619735137376, 'generation': 201}","{'id': 15341, 'rank': 26, 'fitness': 0.9647619735137376, 'generation': 201}","{'id': 15436, 'rank': 27, 'fitness': 0.9638370923113808, 'generation': 201}","{'id': 15429, 'rank': 28, 'fitness': 0.9623519275321804, 'generation': 201}","{'id': 15382, 'rank': 29, 'fitness': 0.9211748989790658, 'generation': 201}","{'id': 15377, 'rank': 30, 'fitness': 0.01798620996209155, 'generation': 201}"
"{'id': 15277, 'rank': 1, 'fitness': 0.9820137900379085, 'generation': 202}","{'id': 15481, 'rank': 2, 'fitness': 0.9798871077118312, 'generation': 202}","{'id': 15399, 'rank': 3, 'fitness': 0.93204233168718, 'generation': 202}","{'id': 15315, 'rank': 4, 'fitness': 0.9150276179224227, 'generation': 202}","{'id': 15151, 'rank': 5, 'fitness': 0.8984501227738035, 'generation': 202}","{'id': 15151, 'rank': 6, 'fitness': 0.8984501227738035, 'generation': 202}","{'id': 15500, 'rank': 7, 'fitness': 0.8386774251966558, 'generation': 202}","{'id': 15489, 'rank': 8, 'fitness': 0.8312443620858366, 'generation': 202}","{'id': 15466, 'rank': 9, 'fitness': 0.8253561607120621, 'generation': 202}","{'id': 15466, 'rank': 10, 'fitness': 0.8253561607120621, 'generation': 202}","{'id': 15525, 'rank': 11, 'fitness': 0.8059775289404805, 'generation': 202}","{'id': 15478, 'rank': 12, 'fitness': 0.7809353752735906, 'generation': 202}","{'id': 15479, 'rank': 13, 'fitness': 0.7775194340974316, 'generation': 202}","{'id': 15491, 'rank': 14, 'fitness': 0.7507798742823194, 'generation': 202}","{'id': 15491, 'rank': 15, 'fitness': 0.7507798742823194, 'generation': 202}","{'id': 15457, 'rank': 16, 'fitness': 0.7384741054973638, 'generation': 202}","{'id': 15490, 'rank': 17, 'fitness': 0.7172100342892945, 'generation': 202}","{'id': 15523, 'rank': 18, 'fitness': 0.6766487749264336, 'generation': 202}","{'id': 15523, 'rank': 19, 'fitness': 0.6766487749264336, 'generation': 202}","{'id': 15508, 'rank': 20, 'fitness': 0.5483213828092397, 'generation': 202}","{'id': 15506, 'rank': 21, 'fitness': 0.46317451688462963, 'generation': 202}","{'id': 15392, 'rank': 22, 'fitness': 0.40388056292236707, 'generation': 202}","{'id': 15477, 'rank': 23, 'fitness': 0.3803369592043742, 'generation': 202}","{'id': 15483, 'rank': 24, 'fitness': 0.33763710786817835, 'generation': 202}","{'id': 15504, 'rank': 25, 'fitness': 0.2837636628675716, 'generation': 202}","{'id': 15467, 'rank': 26, 'fitness': 0.20513823004847354, 'generation': 202}","{'id': 15472, 'rank': 27, 'fitness': 0.12751505935283558, 'generation': 202}","{'id': 15472, 'rank': 28, 'fitness': 0.12751505935283558, 'generation': 202}","{'id': 15485, 'rank': 29, 'fitness': 0.028390771210045018, 'generation': 202}","{'id': 15429, 'rank': 30, 'fitness': 0.01798620996209155, 'generation': 202}"
"{'id': 15481, 'rank': 1, 'fitness': 0.9820137900379085, 'generation': 203}","{'id': 15535, 'rank': 2, 'fitness': 0.9819400754812433, 'generation': 203}","{'id': 15535, 'rank': 3, 'fitness': 0.9819400754812433, 'generation': 203}","{'id': 15399, 'rank': 4, 'fitness': 0.9818650205362733, 'generation': 203}","{'id': 15315, 'rank': 5, 'fitness': 0.9818364971853255, 'generation': 203}","{'id': 15315, 'rank': 6, 'fitness': 0.9818364971853255, 'generation': 203}","{'id': 15151, 'rank': 7, 'fitness': 0.9818132905719545, 'generation': 203}","{'id': 15151, 'rank': 8, 'fitness': 0.9818132905719545, 'generation': 203}","{'id': 15500, 'rank': 9, 'fitness': 0.9817503529925276, 'generation': 203}","{'id': 15500, 'rank': 10, 'fitness': 0.9817503529925276, 'generation': 203}","{'id': 15500, 'rank': 11, 'fitness': 0.9817503529925276, 'generation': 203}","{'id': 15500, 'rank': 12, 'fitness': 0.9817503529925276, 'generation': 203}","{'id': 15489, 'rank': 13, 'fitness': 0.9817439552025247, 'generation': 203}","{'id': 15489, 'rank': 14, 'fitness': 0.9817439552025247, 'generation': 203}","{'id': 15489, 'rank': 15, 'fitness': 0.9817439552025247, 'generation': 203}","{'id': 15491, 'rank': 16, 'fitness': 0.9816855427016049, 'generation': 203}","{'id': 15477, 'rank': 17, 'fitness': 0.9814952881983595, 'generation': 203}","{'id': 15472, 'rank': 18, 'fitness': 0.9813220153529562, 'generation': 203}","{'id': 15485, 'rank': 19, 'fitness': 0.9811257428763653, 'generation': 203}","{'id': 15547, 'rank': 20, 'fitness': 0.9805062437578325, 'generation': 203}","{'id': 15570, 'rank': 21, 'fitness': 0.978770930223157, 'generation': 203}","{'id': 15538, 'rank': 22, 'fitness': 0.9783091114634083, 'generation': 203}","{'id': 15568, 'rank': 23, 'fitness': 0.9724353403475885, 'generation': 203}","{'id': 15591, 'rank': 24, 'fitness': 0.9669011637486713, 'generation': 203}","{'id': 15578, 'rank': 25, 'fitness': 0.9668566161231392, 'generation': 203}","{'id': 15586, 'rank': 26, 'fitness': 0.9662155066436241, 'generation': 203}","{'id': 15530, 'rank': 27, 'fitness': 0.9596563673921544, 'generation': 203}","{'id': 15531, 'rank': 28, 'fitness': 0.9421152790998939, 'generation': 203}","{'id': 15583, 'rank': 29, 'fitness': 0.10307210256386234, 'generation': 203}","{'id': 15579, 'rank': 30, 'fitness': 0.01798620996209155, 'generation': 203}"
"{'id': 15681, 'rank': 1, 'fitness': 0.9820137900379085, 'generation': 204}","{'id': 15681, 'rank': 2, 'fitness': 0.9820137900379085, 'generation': 204}","{'id': 15594, 'rank': 3, 'fitness': 0.9818509889497231, 'generation': 204}","{'id': 15667, 'rank': 4, 'fitness': 0.9818455032049977, 'generation': 204}","{'id': 15652, 'rank': 5, 'fitness': 0.9818417881531556, 'generation': 204}","{'id': 15656, 'rank': 6, 'fitness': 0.9816473020286649, 'generation': 204}","{'id': 15656, 'rank': 7, 'fitness': 0.9816473020286649, 'generation': 204}","{'id': 15399, 'rank': 8, 'fitness': 0.981457716527143, 'generation': 204}","{'id': 15678, 'rank': 9, 'fitness': 0.9813801761367167, 'generation': 204}","{'id': 15315, 'rank': 10, 'fitness': 0.981180004720698, 'generation': 204}","{'id': 15677, 'rank': 11, 'fitness': 0.9803862470535145, 'generation': 204}","{'id': 15500, 'rank': 12, 'fitness': 0.9803190122857048, 'generation': 204}","{'id': 15500, 'rank': 13, 'fitness': 0.9803190122857048, 'generation': 204}","{'id': 15500, 'rank': 14, 'fitness': 0.9803190122857048, 'generation': 204}","{'id': 15500, 'rank': 15, 'fitness': 0.9803190122857048, 'generation': 204}","{'id': 15489, 'rank': 16, 'fitness': 0.9802537126001787, 'generation': 204}","{'id': 15489, 'rank': 17, 'fitness': 0.9802537126001787, 'generation': 204}","{'id': 15651, 'rank': 18, 'fitness': 0.9792612071352221, 'generation': 204}","{'id': 15651, 'rank': 19, 'fitness': 0.9792612071352221, 'generation': 204}","{'id': 15608, 'rank': 20, 'fitness': 0.9791269526911497, 'generation': 204}","{'id': 15675, 'rank': 21, 'fitness': 0.9788122716041178, 'generation': 204}","{'id': 15623, 'rank': 22, 'fitness': 0.9781449114691074, 'generation': 204}","{'id': 15642, 'rank': 23, 'fitness': 0.9776330673793188, 'generation': 204}","{'id': 15633, 'rank': 24, 'fitness': 0.9766343258141711, 'generation': 204}","{'id': 15618, 'rank': 25, 'fitness': 0.9749371803717315, 'generation': 204}","{'id': 15604, 'rank': 26, 'fitness': 0.9588234081179774, 'generation': 204}","{'id': 15570, 'rank': 27, 'fitness': 0.9204298375017302, 'generation': 204}","{'id': 15658, 'rank': 28, 'fitness': 0.34981815235779606, 'generation': 204}","{'id': 15578, 'rank': 29, 'fitness': 0.13195024997844695, 'generation': 204}","{'id': 15635, 'rank': 30, 'fitness': 0.01798620996209155, 'generation': 204}"
"{'id': 15687, 'rank': 1, 'fitness': 0.9820137900379085, 'generation': 205}","{'id': 15667, 'rank': 2, 'fitness': 0.9767570059121822, 'generation': 205}","{'id': 15652, 'rank': 3, 'fitness': 0.9766829233374872, 'generation': 205}","{'id': 15724, 'rank': 4, 'fitness': 0.969298841916433, 'generation': 205}","{'id': 15678, 'rank': 5, 'fitness': 0.9656151953279661, 'generation': 205}","{'id': 15741, 'rank': 6, 'fitness': 0.9646841095642489, 'generation': 205}","{'id': 15727, 'rank': 7, 'fitness': 0.9626794747988812, 'generation': 205}","{'id': 15728, 'rank': 8, 'fitness': 0.961973318377819, 'generation': 205}","{'id': 15732, 'rank': 9, 'fitness': 0.9600089335322171, 'generation': 205}","{'id': 15725, 'rank': 10, 'fitness': 0.9443990647156991, 'generation': 205}","{'id': 15725, 'rank': 11, 'fitness': 0.9443990647156991, 'generation': 205}","{'id': 15729, 'rank': 12, 'fitness': 0.9358880321360457, 'generation': 205}","{'id': 15729, 'rank': 13, 'fitness': 0.9358880321360457, 'generation': 205}","{'id': 15701, 'rank': 14, 'fitness': 0.928424173674093, 'generation': 205}","{'id': 15500, 'rank': 15, 'fitness': 0.9206860347020749, 'generation': 205}","{'id': 15500, 'rank': 16, 'fitness': 0.9206860347020749, 'generation': 205}","{'id': 15736, 'rank': 17, 'fitness': 0.8888340390105021, 'generation': 205}","{'id': 15713, 'rank': 18, 'fitness': 0.8387112726471663, 'generation': 205}","{'id': 15713, 'rank': 19, 'fitness': 0.8387112726471663, 'generation': 205}","{'id': 15726, 'rank': 20, 'fitness': 0.8159239968414265, 'generation': 205}","{'id': 15752, 'rank': 21, 'fitness': 0.8132015546177315, 'generation': 205}","{'id': 15752, 'rank': 22, 'fitness': 0.8132015546177315, 'generation': 205}","{'id': 15675, 'rank': 23, 'fitness': 0.7814872817062084, 'generation': 205}","{'id': 15712, 'rank': 24, 'fitness': 0.7325760469070122, 'generation': 205}","{'id': 15746, 'rank': 25, 'fitness': 0.6584525625534074, 'generation': 205}","{'id': 15697, 'rank': 26, 'fitness': 0.6486927042709203, 'generation': 205}","{'id': 15734, 'rank': 27, 'fitness': 0.6320168611453315, 'generation': 205}","{'id': 15735, 'rank': 28, 'fitness': 0.6253001586197383, 'generation': 205}","{'id': 15715, 'rank': 29, 'fitness': 0.06325980197510889, 'generation': 205}","{'id': 15689, 'rank': 30, 'fitness': 0.01798620996209155, 'generation': 205}"
"{'id': 15791, 'rank': 1, 'fitness': 0.9820137900379085, 'generation': 206}","{'id': 15795, 'rank': 2, 'fitness': 0.9815024942238995, 'generation': 206}","{'id': 15795, 'rank': 3, 'fitness': 0.9815024942238995, 'generation': 206}","{'id': 15795, 'rank': 4, 'fitness': 0.9815024942238995, 'generation': 206}","{'id': 15784, 'rank': 5, 'fitness': 0.980764665881847, 'generation': 206}","{'id': 15792, 'rank': 6, 'fitness': 0.9806224541300621, 'generation': 206}","{'id': 15792, 'rank': 7, 'fitness': 0.9806224541300621, 'generation': 206}","{'id': 15724, 'rank': 8, 'fitness': 0.9805139456828628, 'generation': 206}","{'id': 15725, 'rank': 9, 'fitness': 0.9795724001600992, 'generation': 206}","{'id': 15793, 'rank': 10, 'fitness': 0.9784792215339835, 'generation': 206}","{'id': 15736, 'rank': 11, 'fitness': 0.9783679302173023, 'generation': 206}","{'id': 15794, 'rank': 12, 'fitness': 0.9777507579413309, 'generation': 206}","{'id': 15713, 'rank': 13, 'fitness': 0.9776493273866221, 'generation': 206}","{'id': 15752, 'rank': 14, 'fitness': 0.9773457110143156, 'generation': 206}","{'id': 15752, 'rank': 15, 'fitness': 0.9773457110143156, 'generation': 206}","{'id': 15712, 'rank': 16, 'fitness': 0.9765353027699358, 'generation': 206}","{'id': 15697, 'rank': 17, 'fitness': 0.975822982863545, 'generation': 206}","{'id': 15825, 'rank': 18, 'fitness': 0.9753582573980653, 'generation': 206}","{'id': 15782, 'rank': 19, 'fitness': 0.9725938325603062, 'generation': 206}","{'id': 15782, 'rank': 20, 'fitness': 0.9725938325603062, 'generation': 206}","{'id': 15809, 'rank': 21, 'fitness': 0.9661401867596588, 'generation': 206}","{'id': 15809, 'rank': 22, 'fitness': 0.9661401867596588, 'generation': 206}","{'id': 15801, 'rank': 23, 'fitness': 0.9599536909348477, 'generation': 206}","{'id': 15803, 'rank': 24, 'fitness': 0.9545042817860055, 'generation': 206}","{'id': 15810, 'rank': 25, 'fitness': 0.9541839705958437, 'generation': 206}","{'id': 15813, 'rank': 26, 'fitness': 0.9473606622814912, 'generation': 206}","{'id': 15832, 'rank': 27, 'fitness': 0.9295714298363732, 'generation': 206}","{'id': 15768, 'rank': 28, 'fitness': 0.9290030749823314, 'generation': 206}","{'id': 15846, 'rank': 29, 'fitness': 0.17020050636012873, 'generation': 206}","{'id': 15818, 'rank': 30, 'fitness': 0.01798620996209155, 'generation': 206}"
"{'id': 15795, 'rank': 1, 'fitness': 0.9820137900379085, 'generation': 207}","{'id': 15795, 'rank': 2, 'fitness': 0.9820137900379085, 'generation': 207}","{'id': 15866, 'rank': 3, 'fitness': 0.9807761936358497, 'generation': 207}","{'id': 15866, 'rank': 4, 'fitness': 0.9807761936358497, 'generation': 207}","{'id': 15848, 'rank': 5, 'fitness': 0.9803148366549721, 'generation': 207}","{'id': 15862, 'rank': 6, 'fitness': 0.9801920881819625, 'generation': 207}","{'id': 15897, 'rank': 7, 'fitness': 0.9755743362513392, 'generation': 207}","{'id': 15847, 'rank': 8, 'fitness': 0.9707728463515938, 'generation': 207}","{'id': 15847, 'rank': 9, 'fitness': 0.9707728463515938, 'generation': 207}","{'id': 15882, 'rank': 10, 'fitness': 0.9687987187689078, 'generation': 207}","{'id': 15886, 'rank': 11, 'fitness': 0.9670010907595723, 'generation': 207}","{'id': 15894, 'rank': 12, 'fitness': 0.9662148260595249, 'generation': 207}","{'id': 15887, 'rank': 13, 'fitness': 0.9653485321123264, 'generation': 207}","{'id': 15918, 'rank': 14, 'fitness': 0.9635930534052142, 'generation': 207}","{'id': 15752, 'rank': 15, 'fitness': 0.9633470663792254, 'generation': 207}","{'id': 15712, 'rank': 16, 'fitness': 0.9585855787920355, 'generation': 207}","{'id': 15902, 'rank': 17, 'fitness': 0.9495053236356357, 'generation': 207}","{'id': 15902, 'rank': 18, 'fitness': 0.9495053236356357, 'generation': 207}","{'id': 15889, 'rank': 19, 'fitness': 0.9473969038774808, 'generation': 207}","{'id': 15931, 'rank': 20, 'fitness': 0.9460727627686665, 'generation': 207}","{'id': 15931, 'rank': 21, 'fitness': 0.9460727627686665, 'generation': 207}","{'id': 15870, 'rank': 22, 'fitness': 0.9272608231758314, 'generation': 207}","{'id': 15871, 'rank': 23, 'fitness': 0.9109650622970712, 'generation': 207}","{'id': 15859, 'rank': 24, 'fitness': 0.8598214256352119, 'generation': 207}","{'id': 15809, 'rank': 25, 'fitness': 0.8591853282957167, 'generation': 207}","{'id': 15803, 'rank': 26, 'fitness': 0.6731067974235557, 'generation': 207}","{'id': 15810, 'rank': 27, 'fitness': 0.667367245453035, 'generation': 207}","{'id': 15919, 'rank': 28, 'fitness': 0.4010505958084699, 'generation': 207}","{'id': 15912, 'rank': 29, 'fitness': 0.39793693608741815, 'generation': 207}","{'id': 15853, 'rank': 30, 'fitness': 0.01798620996209155, 'generation': 207}"
"{'id': 15963, 'rank': 1, 'fitness': 0.9820137900379085, 'generation': 208}","{'id': 15848, 'rank': 2, 'fitness': 0.9792227257088199, 'generation': 208}","{'id': 15981, 'rank': 3, 'fitness': 0.9713379365333148, 'generation': 208}","{'id': 15991, 'rank': 4, 'fitness': 0.9700402432298798, 'generation': 208}","{'id': 15958, 'rank': 5, 'fitness': 0.9695931691334102, 'generation': 208}","{'id': 15847, 'rank': 6, 'fitness': 0.9647766848629148, 'generation': 208}","{'id': 15979, 'rank': 7, 'fitness': 0.9634949359289582, 'generation': 208}","{'id': 15989, 'rank': 8, 'fitness': 0.9628525581105087, 'generation': 208}","{'id': 15882, 'rank': 9, 'fitness': 0.9615755205562402, 'generation': 208}","{'id': 15966, 'rank': 10, 'fitness': 0.9610281252390144, 'generation': 208}","{'id': 15886, 'rank': 11, 'fitness': 0.9586054468136438, 'generation': 208}","{'id': 15959, 'rank': 12, 'fitness': 0.9567791186413408, 'generation': 208}","{'id': 15887, 'rank': 13, 'fitness': 0.9558310642745143, 'generation': 208}","{'id': 15990, 'rank': 14, 'fitness': 0.9548852855508316, 'generation': 208}","{'id': 15918, 'rank': 15, 'fitness': 0.9528399296041166, 'generation': 208}","{'id': 15977, 'rank': 16, 'fitness': 0.9522935691109666, 'generation': 208}","{'id': 16010, 'rank': 17, 'fitness': 0.9515545696630354, 'generation': 208}","{'id': 15902, 'rank': 18, 'fitness': 0.9274286557450013, 'generation': 208}","{'id': 15931, 'rank': 19, 'fitness': 0.9209165148360194, 'generation': 208}","{'id': 15955, 'rank': 20, 'fitness': 0.90648142398524, 'generation': 208}","{'id': 15955, 'rank': 21, 'fitness': 0.90648142398524, 'generation': 208}","{'id': 15976, 'rank': 22, 'fitness': 0.9061001425453552, 'generation': 208}","{'id': 15870, 'rank': 23, 'fitness': 0.8835998923230828, 'generation': 208}","{'id': 15995, 'rank': 24, 'fitness': 0.8244303522432183, 'generation': 208}","{'id': 15970, 'rank': 25, 'fitness': 0.8224650042070908, 'generation': 208}","{'id': 16013, 'rank': 26, 'fitness': 0.17090335869729179, 'generation': 208}","{'id': 16004, 'rank': 27, 'fitness': 0.15110000167938664, 'generation': 208}","{'id': 15912, 'rank': 28, 'fitness': 0.1258021351291786, 'generation': 208}","{'id': 16006, 'rank': 29, 'fitness': 0.01798620996209155, 'generation': 208}","{'id': 16006, 'rank': 30, 'fitness': 0.01798620996209155, 'generation': 208}"
"{'id': 16067, 'rank': 1, 'fitness': 0.9820137900379085, 'generation': 209}","{'id': 15848, 'rank': 2, 'fitness': 0.9813737725584604, 'generation': 209}","{'id': 16030, 'rank': 3, 'fitness': 0.978826366894777, 'generation': 209}","{'id': 16030, 'rank': 4, 'fitness': 0.978826366894777, 'generation': 209}","{'id': 15847, 'rank': 5, 'fitness': 0.9767480979474479, 'generation': 209}","{'id': 15966, 'rank': 6, 'fitness': 0.9757313484754768, 'generation': 209}","{'id': 16046, 'rank': 7, 'fitness': 0.9755972534639672, 'generation': 209}","{'id': 15886, 'rank': 8, 'fitness': 0.9751024640120259, 'generation': 209}","{'id': 16070, 'rank': 9, 'fitness': 0.9745497089115183, 'generation': 209}","{'id': 16070, 'rank': 10, 'fitness': 0.9745497089115183, 'generation': 209}","{'id': 15990, 'rank': 11, 'fitness': 0.9741744834277554, 'generation': 209}","{'id': 15990, 'rank': 12, 'fitness': 0.9741744834277554, 'generation': 209}","{'id': 16068, 'rank': 13, 'fitness': 0.9741333126906998, 'generation': 209}","{'id': 16043, 'rank': 14, 'fitness': 0.9731691004715499, 'generation': 209}","{'id': 16017, 'rank': 15, 'fitness': 0.9727696822400562, 'generation': 209}","{'id': 16054, 'rank': 16, 'fitness': 0.9721267875421936, 'generation': 209}","{'id': 15902, 'rank': 17, 'fitness': 0.9683121517092066, 'generation': 209}","{'id': 15931, 'rank': 18, 'fitness': 0.9670993532345173, 'generation': 209}","{'id': 16071, 'rank': 19, 'fitness': 0.9484600042055086, 'generation': 209}","{'id': 16022, 'rank': 20, 'fitness': 0.9431690014615917, 'generation': 209}","{'id': 16078, 'rank': 21, 'fitness': 0.938340389255613, 'generation': 209}","{'id': 16018, 'rank': 22, 'fitness': 0.935355634232288, 'generation': 209}","{'id': 16039, 'rank': 23, 'fitness': 0.9285897543291518, 'generation': 209}","{'id': 16055, 'rank': 24, 'fitness': 0.9201990115377103, 'generation': 209}","{'id': 16042, 'rank': 25, 'fitness': 0.9111483709204444, 'generation': 209}","{'id': 16026, 'rank': 26, 'fitness': 0.9061024640568673, 'generation': 209}","{'id': 16024, 'rank': 27, 'fitness': 0.8728189125030466, 'generation': 209}","{'id': 16013, 'rank': 28, 'fitness': 0.8451261057652477, 'generation': 209}","{'id': 16004, 'rank': 29, 'fitness': 0.8369371113651389, 'generation': 209}","{'id': 16084, 'rank': 30, 'fitness': 0.01798620996209155, 'generation': 209}"
"{'id': 16150, 'rank': 1, 'fitness': 0.9820137900379085, 'generation': 210}","{'id': 16120, 'rank': 2, 'fitness': 0.9783890145324116, 'generation': 210}","{'id': 16148, 'rank': 3, 'fitness': 0.9775593137800404, 'generation': 210}","{'id': 16119, 'rank': 4, 'fitness': 0.9775566138986835, 'generation': 210}","{'id': 16119, 'rank': 5, 'fitness': 0.9775566138986835, 'generation': 210}","{'id': 16118, 'rank': 6, 'fitness': 0.9723351829078162, 'generation': 210}","{'id': 16132, 'rank': 7, 'fitness': 0.9719077785198889, 'generation': 210}","{'id': 15847, 'rank': 8, 'fitness': 0.9716518148798367, 'generation': 210}","{'id': 15966, 'rank': 9, 'fitness': 0.9698790659935086, 'generation': 210}","{'id': 16070, 'rank': 10, 'fitness': 0.9677814668189134, 'generation': 210}","{'id': 16070, 'rank': 11, 'fitness': 0.9677814668189134, 'generation': 210}","{'id': 16179, 'rank': 12, 'fitness': 0.9676726008850829, 'generation': 210}","{'id': 16068, 'rank': 13, 'fitness': 0.9670329856667488, 'generation': 210}","{'id': 16068, 'rank': 14, 'fitness': 0.9670329856667488, 'generation': 210}","{'id': 16017, 'rank': 15, 'fitness': 0.9645488794606984, 'generation': 210}","{'id': 16181, 'rank': 16, 'fitness': 0.9591024550777643, 'generation': 210}","{'id': 16140, 'rank': 17, 'fitness': 0.9561801344038051, 'generation': 210}","{'id': 16141, 'rank': 18, 'fitness': 0.9516877080400038, 'generation': 210}","{'id': 16097, 'rank': 19, 'fitness': 0.9433309650604805, 'generation': 210}","{'id': 16135, 'rank': 20, 'fitness': 0.9385106899656231, 'generation': 210}","{'id': 16165, 'rank': 21, 'fitness': 0.923934500151096, 'generation': 210}","{'id': 16165, 'rank': 22, 'fitness': 0.923934500151096, 'generation': 210}","{'id': 16101, 'rank': 23, 'fitness': 0.9128957238043113, 'generation': 210}","{'id': 16129, 'rank': 24, 'fitness': 0.9115694353932481, 'generation': 210}","{'id': 16167, 'rank': 25, 'fitness': 0.8870995384751565, 'generation': 210}","{'id': 16039, 'rank': 26, 'fitness': 0.8656635081123201, 'generation': 210}","{'id': 16127, 'rank': 27, 'fitness': 0.03783531623646774, 'generation': 210}","{'id': 16114, 'rank': 28, 'fitness': 0.02535811732645321, 'generation': 210}","{'id': 16114, 'rank': 29, 'fitness': 0.02535811732645321, 'generation': 210}","{'id': 16109, 'rank': 30, 'fitness': 0.01798620996209155, 'generation': 210}"
"{'id': 16150, 'rank': 1, 'fitness': 0.9820137900379085, 'generation': 211}","{'id': 16120, 'rank': 2, 'fitness': 0.9779668750944328, 'generation': 211}","{'id': 16119, 'rank': 3, 'fitness': 0.977027182870058, 'generation': 211}","{'id': 16119, 'rank': 4, 'fitness': 0.977027182870058, 'generation': 211}","{'id': 16252, 'rank': 5, 'fitness': 0.976638217529396, 'generation': 211}","{'id': 16225, 'rank': 6, 'fitness': 0.9764472050648556, 'generation': 211}","{'id': 16242, 'rank': 7, 'fitness': 0.9728277388488265, 'generation': 211}","{'id': 16254, 'rank': 8, 'fitness': 0.9726862854171988, 'generation': 211}","{'id': 16254, 'rank': 9, 'fitness': 0.9726862854171988, 'generation': 211}","{'id': 16254, 'rank': 10, 'fitness': 0.9726862854171988, 'generation': 211}","{'id': 15847, 'rank': 11, 'fitness': 0.9702658688915717, 'generation': 211}","{'id': 15966, 'rank': 12, 'fitness': 0.9682067993367551, 'generation': 211}","{'id': 16235, 'rank': 13, 'fitness': 0.9659403697070874, 'generation': 211}","{'id': 16068, 'rank': 14, 'fitness': 0.964876289484569, 'generation': 211}","{'id': 16068, 'rank': 15, 'fitness': 0.964876289484569, 'generation': 211}","{'id': 16255, 'rank': 16, 'fitness': 0.9591525339796529, 'generation': 211}","{'id': 16140, 'rank': 17, 'fitness': 0.9519383790637796, 'generation': 211}","{'id': 16140, 'rank': 18, 'fitness': 0.9519383790637796, 'generation': 211}","{'id': 16205, 'rank': 19, 'fitness': 0.9363272686363496, 'generation': 211}","{'id': 16135, 'rank': 20, 'fitness': 0.9302701582444657, 'generation': 211}","{'id': 16245, 'rank': 21, 'fitness': 0.9249333906367545, 'generation': 211}","{'id': 16200, 'rank': 22, 'fitness': 0.9165201439438211, 'generation': 211}","{'id': 16165, 'rank': 23, 'fitness': 0.9120034818454439, 'generation': 211}","{'id': 16220, 'rank': 24, 'fitness': 0.9049326620996443, 'generation': 211}","{'id': 16191, 'rank': 25, 'fitness': 0.9007063722603526, 'generation': 211}","{'id': 16129, 'rank': 26, 'fitness': 0.8963139396361148, 'generation': 211}","{'id': 16223, 'rank': 27, 'fitness': 0.8875488424700485, 'generation': 211}","{'id': 16248, 'rank': 28, 'fitness': 0.5578622789951713, 'generation': 211}","{'id': 16237, 'rank': 29, 'fitness': 0.5040993268146391, 'generation': 211}","{'id': 16127, 'rank': 30, 'fitness': 0.01798620996209155, 'generation': 211}"
"{'id': 16150, 'rank': 1, 'fitness': 0.9820137900379085, 'generation': 212}","{'id': 16321, 'rank': 2, 'fitness': 0.974966042519539, 'generation': 212}","{'id': 16119, 'rank': 3, 'fitness': 0.9744498047789372, 'generation': 212}","{'id': 16119, 'rank': 4, 'fitness': 0.9744498047789372, 'generation': 212}","{'id': 16252, 'rank': 5, 'fitness': 0.9738279281253592, 'generation': 212}","{'id': 16242, 'rank': 6, 'fitness': 0.967513857825669, 'generation': 212}","{'id': 16254, 'rank': 7, 'fitness': 0.9672720341412945, 'generation': 212}","{'id': 16254, 'rank': 8, 'fitness': 0.9672720341412945, 'generation': 212}","{'id': 16305, 'rank': 9, 'fitness': 0.963312691827386, 'generation': 212}","{'id': 16333, 'rank': 10, 'fitness': 0.9630723441818271, 'generation': 212}","{'id': 16291, 'rank': 11, 'fitness': 0.9620684045615141, 'generation': 212}","{'id': 16301, 'rank': 12, 'fitness': 0.9573403568236617, 'generation': 212}","{'id': 16330, 'rank': 13, 'fitness': 0.9571167248950501, 'generation': 212}","{'id': 16312, 'rank': 14, 'fitness': 0.9560744666945513, 'generation': 212}","{'id': 16068, 'rank': 15, 'fitness': 0.9531790285788575, 'generation': 212}","{'id': 16068, 'rank': 16, 'fitness': 0.9531790285788575, 'generation': 212}","{'id': 16288, 'rank': 17, 'fitness': 0.9413912098584276, 'generation': 212}","{'id': 16269, 'rank': 18, 'fitness': 0.9405558296447581, 'generation': 212}","{'id': 16328, 'rank': 19, 'fitness': 0.9305126774767867, 'generation': 212}","{'id': 16140, 'rank': 20, 'fitness': 0.9271466295531566, 'generation': 212}","{'id': 16205, 'rank': 21, 'fitness': 0.8924424291604902, 'generation': 212}","{'id': 16245, 'rank': 22, 'fitness': 0.8655201227012582, 'generation': 212}","{'id': 16298, 'rank': 23, 'fitness': 0.8246498327555738, 'generation': 212}","{'id': 16191, 'rank': 24, 'fitness': 0.8056621722245749, 'generation': 212}","{'id': 16191, 'rank': 25, 'fitness': 0.8056621722245749, 'generation': 212}","{'id': 16286, 'rank': 26, 'fitness': 0.6505912248879651, 'generation': 212}","{'id': 16327, 'rank': 27, 'fitness': 0.42724825356241436, 'generation': 212}","{'id': 16237, 'rank': 28, 'fitness': 0.15168309768415394, 'generation': 212}","{'id': 16307, 'rank': 29, 'fitness': 0.135577439175336, 'generation': 212}","{'id': 16306, 'rank': 30, 'fitness': 0.01798620996209155, 'generation': 212}"
"{'id': 16150, 'rank': 1, 'fitness': 0.9820137900379085, 'generation': 213}","{'id': 16387, 'rank': 2, 'fitness': 0.9811216051683105, 'generation': 213}","{'id': 16387, 'rank': 3, 'fitness': 0.9811216051683105, 'generation': 213}","{'id': 16119, 'rank': 4, 'fitness': 0.9772182567094349, 'generation': 213}","{'id': 16252, 'rank': 5, 'fitness': 0.9768457564072961, 'generation': 213}","{'id': 16386, 'rank': 6, 'fitness': 0.9722748474684866, 'generation': 213}","{'id': 16333, 'rank': 7, 'fitness': 0.9707782889504564, 'generation': 213}","{'id': 16333, 'rank': 8, 'fitness': 0.9707782889504564, 'generation': 213}","{'id': 16330, 'rank': 9, 'fitness': 0.967656755267151, 'generation': 213}","{'id': 16330, 'rank': 10, 'fitness': 0.967656755267151, 'generation': 213}","{'id': 16382, 'rank': 11, 'fitness': 0.9669012852923478, 'generation': 213}","{'id': 16068, 'rank': 12, 'fitness': 0.9656641947939324, 'generation': 213}","{'id': 16404, 'rank': 13, 'fitness': 0.9651477784316354, 'generation': 213}","{'id': 16288, 'rank': 14, 'fitness': 0.9599696204495063, 'generation': 213}","{'id': 16358, 'rank': 15, 'fitness': 0.9580199215239784, 'generation': 213}","{'id': 16328, 'rank': 16, 'fitness': 0.9549961538690894, 'generation': 213}","{'id': 16205, 'rank': 17, 'fitness': 0.9389515676166968, 'generation': 213}","{'id': 16415, 'rank': 18, 'fitness': 0.930951843880771, 'generation': 213}","{'id': 16415, 'rank': 19, 'fitness': 0.930951843880771, 'generation': 213}","{'id': 16298, 'rank': 20, 'fitness': 0.9130387407308902, 'generation': 213}","{'id': 16350, 'rank': 21, 'fitness': 0.9088390001210491, 'generation': 213}","{'id': 16356, 'rank': 22, 'fitness': 0.8996835643883088, 'generation': 213}","{'id': 16362, 'rank': 23, 'fitness': 0.874418551376918, 'generation': 213}","{'id': 16286, 'rank': 24, 'fitness': 0.8491928685705805, 'generation': 213}","{'id': 16361, 'rank': 25, 'fitness': 0.8433424688382717, 'generation': 213}","{'id': 16393, 'rank': 26, 'fitness': 0.7825761903579258, 'generation': 213}","{'id': 16327, 'rank': 27, 'fitness': 0.7527241222777721, 'generation': 213}","{'id': 16405, 'rank': 28, 'fitness': 0.6047070612550204, 'generation': 213}","{'id': 16307, 'rank': 29, 'fitness': 0.5161403051073928, 'generation': 213}","{'id': 16394, 'rank': 30, 'fitness': 0.01798620996209155, 'generation': 213}"
"{'id': 16387, 'rank': 1, 'fitness': 0.9820137900379085, 'generation': 214}","{'id': 16387, 'rank': 2, 'fitness': 0.9820137900379085, 'generation': 214}","{'id': 16119, 'rank': 3, 'fitness': 0.9735293998457607, 'generation': 214}","{'id': 16252, 'rank': 4, 'fitness': 0.972634373610607, 'generation': 214}","{'id': 16479, 'rank': 5, 'fitness': 0.9675226017194041, 'generation': 214}","{'id': 16423, 'rank': 6, 'fitness': 0.9629841688728853, 'generation': 214}","{'id': 16423, 'rank': 7, 'fitness': 0.9629841688728853, 'generation': 214}","{'id': 16386, 'rank': 8, 'fitness': 0.9604630455475026, 'generation': 214}","{'id': 16333, 'rank': 9, 'fitness': 0.9560090246944484, 'generation': 214}","{'id': 16330, 'rank': 10, 'fitness': 0.9459978539957631, 'generation': 214}","{'id': 16330, 'rank': 11, 'fitness': 0.9459978539957631, 'generation': 214}","{'id': 16330, 'rank': 12, 'fitness': 0.9459978539957631, 'generation': 214}","{'id': 16068, 'rank': 13, 'fitness': 0.9391121611336939, 'generation': 214}","{'id': 16476, 'rank': 14, 'fitness': 0.9373097665630838, 'generation': 214}","{'id': 16430, 'rank': 15, 'fitness': 0.9297402579740648, 'generation': 214}","{'id': 16454, 'rank': 16, 'fitness': 0.9143483758296143, 'generation': 214}","{'id': 16454, 'rank': 17, 'fitness': 0.9143483758296143, 'generation': 214}","{'id': 16328, 'rank': 18, 'fitness': 0.8962330816652753, 'generation': 214}","{'id': 16437, 'rank': 19, 'fitness': 0.864598398912162, 'generation': 214}","{'id': 16464, 'rank': 20, 'fitness': 0.8267825349508751, 'generation': 214}","{'id': 16464, 'rank': 21, 'fitness': 0.8267825349508751, 'generation': 214}","{'id': 16475, 'rank': 22, 'fitness': 0.826436498744243, 'generation': 214}","{'id': 16475, 'rank': 23, 'fitness': 0.826436498744243, 'generation': 214}","{'id': 16415, 'rank': 24, 'fitness': 0.7724773618620351, 'generation': 214}","{'id': 16436, 'rank': 25, 'fitness': 0.6879047299252867, 'generation': 214}","{'id': 16455, 'rank': 26, 'fitness': 0.609005227239498, 'generation': 214}","{'id': 16458, 'rank': 27, 'fitness': 0.46103699951439336, 'generation': 214}","{'id': 16461, 'rank': 28, 'fitness': 0.06020269617871066, 'generation': 214}","{'id': 16461, 'rank': 29, 'fitness': 0.06020269617871066, 'generation': 214}","{'id': 16307, 'rank': 30, 'fitness': 0.01798620996209155, 'generation': 214}"
"{'id': 16529, 'rank': 1, 'fitness': 0.9820137900379085, 'generation': 215}","{'id': 16530, 'rank': 2, 'fitness': 0.9797505528828413, 'generation': 215}","{'id': 16119, 'rank': 3, 'fitness': 0.9789432560734086, 'generation': 215}","{'id': 16119, 'rank': 4, 'fitness': 0.9789432560734086, 'generation': 215}","{'id': 16531, 'rank': 5, 'fitness': 0.9780273914527596, 'generation': 215}","{'id': 16531, 'rank': 6, 'fitness': 0.9780273914527596, 'generation': 215}","{'id': 16423, 'rank': 7, 'fitness': 0.9759681521007366, 'generation': 215}","{'id': 16386, 'rank': 8, 'fitness': 0.9753325538241133, 'generation': 215}","{'id': 16386, 'rank': 9, 'fitness': 0.9753325538241133, 'generation': 215}","{'id': 16386, 'rank': 10, 'fitness': 0.9753325538241133, 'generation': 215}","{'id': 16523, 'rank': 11, 'fitness': 0.9745979173759673, 'generation': 215}","{'id': 16330, 'rank': 12, 'fitness': 0.9720666940148847, 'generation': 215}","{'id': 16330, 'rank': 13, 'fitness': 0.9720666940148847, 'generation': 215}","{'id': 16330, 'rank': 14, 'fitness': 0.9720666940148847, 'generation': 215}","{'id': 16554, 'rank': 15, 'fitness': 0.9709242967633674, 'generation': 215}","{'id': 16554, 'rank': 16, 'fitness': 0.9709242967633674, 'generation': 215}","{'id': 16068, 'rank': 17, 'fitness': 0.9706844726242414, 'generation': 215}","{'id': 16556, 'rank': 18, 'fitness': 0.9706236221440168, 'generation': 215}","{'id': 16464, 'rank': 19, 'fitness': 0.9544283542038223, 'generation': 215}","{'id': 16553, 'rank': 20, 'fitness': 0.948519078179345, 'generation': 215}","{'id': 16553, 'rank': 21, 'fitness': 0.948519078179345, 'generation': 215}","{'id': 16436, 'rank': 22, 'fitness': 0.9393507659147526, 'generation': 215}","{'id': 16562, 'rank': 23, 'fitness': 0.9322435807475812, 'generation': 215}","{'id': 16498, 'rank': 24, 'fitness': 0.9108884728178357, 'generation': 215}","{'id': 16498, 'rank': 25, 'fitness': 0.9108884728178357, 'generation': 215}","{'id': 16534, 'rank': 26, 'fitness': 0.8885349531269976, 'generation': 215}","{'id': 16524, 'rank': 27, 'fitness': 0.872553181664697, 'generation': 215}","{'id': 16512, 'rank': 28, 'fitness': 0.8603945886410627, 'generation': 215}","{'id': 16533, 'rank': 29, 'fitness': 0.8200019983953144, 'generation': 215}","{'id': 16518, 'rank': 30, 'fitness': 0.01798620996209155, 'generation': 215}"
"{'id': 16529, 'rank': 1, 'fitness': 0.9820137900379085, 'generation': 216}","{'id': 16635, 'rank': 2, 'fitness': 0.9805138203529258, 'generation': 216}","{'id': 16619, 'rank': 3, 'fitness': 0.980334333766997, 'generation': 216}","{'id': 16530, 'rank': 4, 'fitness': 0.9803119664161284, 'generation': 216}","{'id': 16530, 'rank': 5, 'fitness': 0.9803119664161284, 'generation': 216}","{'id': 16119, 'rank': 6, 'fitness': 0.9797157953784661, 'generation': 216}","{'id': 16119, 'rank': 7, 'fitness': 0.9797157953784661, 'generation': 216}","{'id': 16423, 'rank': 8, 'fitness': 0.9775622973209526, 'generation': 216}","{'id': 16628, 'rank': 9, 'fitness': 0.977471385728906, 'generation': 216}","{'id': 16656, 'rank': 10, 'fitness': 0.9772731272843662, 'generation': 216}","{'id': 16386, 'rank': 11, 'fitness': 0.9771103831428936, 'generation': 216}","{'id': 16386, 'rank': 12, 'fitness': 0.9771103831428936, 'generation': 216}","{'id': 16523, 'rank': 13, 'fitness': 0.9765913543420996, 'generation': 216}","{'id': 16624, 'rank': 14, 'fitness': 0.9762204841127624, 'generation': 216}","{'id': 16624, 'rank': 15, 'fitness': 0.9762204841127624, 'generation': 216}","{'id': 16654, 'rank': 16, 'fitness': 0.9747239302692867, 'generation': 216}","{'id': 16554, 'rank': 17, 'fitness': 0.9740447231635161, 'generation': 216}","{'id': 16639, 'rank': 18, 'fitness': 0.970594859367506, 'generation': 216}","{'id': 16623, 'rank': 19, 'fitness': 0.9705115480360054, 'generation': 216}","{'id': 16637, 'rank': 20, 'fitness': 0.967759943890227, 'generation': 216}","{'id': 16614, 'rank': 21, 'fitness': 0.9664987100405799, 'generation': 216}","{'id': 16613, 'rank': 22, 'fitness': 0.9664258389875036, 'generation': 216}","{'id': 16613, 'rank': 23, 'fitness': 0.9664258389875036, 'generation': 216}","{'id': 16567, 'rank': 24, 'fitness': 0.9636428571934166, 'generation': 216}","{'id': 16659, 'rank': 25, 'fitness': 0.9576407613590014, 'generation': 216}","{'id': 16568, 'rank': 26, 'fitness': 0.9542072590499646, 'generation': 216}","{'id': 16576, 'rank': 27, 'fitness': 0.9432253546509457, 'generation': 216}","{'id': 16646, 'rank': 28, 'fitness': 0.8855747062138883, 'generation': 216}","{'id': 16518, 'rank': 29, 'fitness': 0.10904741220741843, 'generation': 216}","{'id': 16609, 'rank': 30, 'fitness': 0.01798620996209155, 'generation': 216}"
"{'id': 16710, 'rank': 1, 'fitness': 0.9820137900379085, 'generation': 217}","{'id': 16710, 'rank': 2, 'fitness': 0.9820137900379085, 'generation': 217}","{'id': 16529, 'rank': 3, 'fitness': 0.9818676464148934, 'generation': 217}","{'id': 16635, 'rank': 4, 'fitness': 0.979862407132907, 'generation': 217}","{'id': 16704, 'rank': 5, 'fitness': 0.979767387493943, 'generation': 217}","{'id': 16619, 'rank': 6, 'fitness': 0.979619241068971, 'generation': 217}","{'id': 16709, 'rank': 7, 'fitness': 0.9786719666358723, 'generation': 217}","{'id': 16667, 'rank': 8, 'fitness': 0.9786066311247574, 'generation': 217}","{'id': 16677, 'rank': 9, 'fitness': 0.9777278276994923, 'generation': 217}","{'id': 16656, 'rank': 10, 'fitness': 0.9753723813640324, 'generation': 217}","{'id': 16386, 'rank': 11, 'fitness': 0.9751415574952068, 'generation': 217}","{'id': 16712, 'rank': 12, 'fitness': 0.9745472417136534, 'generation': 217}","{'id': 16735, 'rank': 13, 'fitness': 0.9734945709865934, 'generation': 217}","{'id': 16727, 'rank': 14, 'fitness': 0.9728527975872375, 'generation': 217}","{'id': 16725, 'rank': 15, 'fitness': 0.9701945910595489, 'generation': 217}","{'id': 16691, 'rank': 16, 'fitness': 0.9671579426754378, 'generation': 217}","{'id': 16639, 'rank': 17, 'fitness': 0.9655264109925839, 'generation': 217}","{'id': 16681, 'rank': 18, 'fitness': 0.9629304193729264, 'generation': 217}","{'id': 16686, 'rank': 19, 'fitness': 0.9616532990789988, 'generation': 217}","{'id': 16687, 'rank': 20, 'fitness': 0.9585469223712695, 'generation': 217}","{'id': 16689, 'rank': 21, 'fitness': 0.9558651944675731, 'generation': 217}","{'id': 16567, 'rank': 22, 'fitness': 0.954568343233346, 'generation': 217}","{'id': 16694, 'rank': 23, 'fitness': 0.9494430859256927, 'generation': 217}","{'id': 16674, 'rank': 24, 'fitness': 0.9482666251115979, 'generation': 217}","{'id': 16720, 'rank': 25, 'fitness': 0.944273519256774, 'generation': 217}","{'id': 16675, 'rank': 26, 'fitness': 0.9295810212551295, 'generation': 217}","{'id': 16676, 'rank': 27, 'fitness': 0.9248774478826154, 'generation': 217}","{'id': 16724, 'rank': 28, 'fitness': 0.7584360249767765, 'generation': 217}","{'id': 16722, 'rank': 29, 'fitness': 0.32013831280363464, 'generation': 217}","{'id': 16518, 'rank': 30, 'fitness': 0.01798620996209155, 'generation': 217}"
"{'id': 16529, 'rank': 1, 'fitness': 0.9820137900379085, 'generation': 218}","{'id': 16704, 'rank': 2, 'fitness': 0.9747554036002393, 'generation': 218}","{'id': 16619, 'rank': 3, 'fitness': 0.9741810240997496, 'generation': 218}","{'id': 16619, 'rank': 4, 'fitness': 0.9741810240997496, 'generation': 218}","{'id': 16797, 'rank': 5, 'fitness': 0.974031405343285, 'generation': 218}","{'id': 16739, 'rank': 6, 'fitness': 0.9707341309884818, 'generation': 218}","{'id': 16820, 'rank': 7, 'fitness': 0.9616530045560234, 'generation': 218}","{'id': 16820, 'rank': 8, 'fitness': 0.9616530045560234, 'generation': 218}","{'id': 16800, 'rank': 9, 'fitness': 0.9545971800167525, 'generation': 218}","{'id': 16800, 'rank': 10, 'fitness': 0.9545971800167525, 'generation': 218}","{'id': 16656, 'rank': 11, 'fitness': 0.9539200101892598, 'generation': 218}","{'id': 16770, 'rank': 12, 'fitness': 0.9516881031037303, 'generation': 218}","{'id': 16712, 'rank': 13, 'fitness': 0.9490880948004865, 'generation': 218}","{'id': 16829, 'rank': 14, 'fitness': 0.946311674546662, 'generation': 218}","{'id': 16829, 'rank': 15, 'fitness': 0.946311674546662, 'generation': 218}","{'id': 16771, 'rank': 16, 'fitness': 0.9449726650651125, 'generation': 218}","{'id': 16691, 'rank': 17, 'fitness': 0.8920240731507946, 'generation': 218}","{'id': 16757, 'rank': 18, 'fitness': 0.8817833919880796, 'generation': 218}","{'id': 16639, 'rank': 19, 'fitness': 0.8761033908156761, 'generation': 218}","{'id': 16639, 'rank': 20, 'fitness': 0.8761033908156761, 'generation': 218}","{'id': 16773, 'rank': 21, 'fitness': 0.8700104181229866, 'generation': 218}","{'id': 16754, 'rank': 22, 'fitness': 0.851787187880984, 'generation': 218}","{'id': 16756, 'rank': 23, 'fitness': 0.8053363944782634, 'generation': 218}","{'id': 16748, 'rank': 24, 'fitness': 0.5642605512414791, 'generation': 218}","{'id': 16752, 'rank': 25, 'fitness': 0.5598454164127943, 'generation': 218}","{'id': 16675, 'rank': 26, 'fitness': 0.40708284932033556, 'generation': 218}","{'id': 16675, 'rank': 27, 'fitness': 0.40708284932033556, 'generation': 218}","{'id': 16676, 'rank': 28, 'fitness': 0.35612466402597864, 'generation': 218}","{'id': 16676, 'rank': 29, 'fitness': 0.35612466402597864, 'generation': 218}","{'id': 16758, 'rank': 30, 'fitness': 0.01798620996209155, 'generation': 218}"
"{'id': 16739, 'rank': 1, 'fitness': 0.9820137900379085, 'generation': 219}","{'id': 16739, 'rank': 2, 'fitness': 0.9820137900379085, 'generation': 219}","{'id': 16877, 'rank': 3, 'fitness': 0.9816585581757761, 'generation': 219}","{'id': 16820, 'rank': 4, 'fitness': 0.9815617594342604, 'generation': 219}","{'id': 16878, 'rank': 5, 'fitness': 0.9814664306209782, 'generation': 219}","{'id': 16878, 'rank': 6, 'fitness': 0.9814664306209782, 'generation': 219}","{'id': 16800, 'rank': 7, 'fitness': 0.9812711417484404, 'generation': 219}","{'id': 16656, 'rank': 8, 'fitness': 0.9812453481185458, 'generation': 219}","{'id': 16855, 'rank': 9, 'fitness': 0.9811517750473713, 'generation': 219}","{'id': 16847, 'rank': 10, 'fitness': 0.9804365551862255, 'generation': 219}","{'id': 16845, 'rank': 11, 'fitness': 0.9802617869795816, 'generation': 219}","{'id': 16873, 'rank': 12, 'fitness': 0.9802234014856186, 'generation': 219}","{'id': 16691, 'rank': 13, 'fitness': 0.9796543723727135, 'generation': 219}","{'id': 16905, 'rank': 14, 'fitness': 0.9790450243648896, 'generation': 219}","{'id': 16880, 'rank': 15, 'fitness': 0.9776907465610876, 'generation': 219}","{'id': 16880, 'rank': 16, 'fitness': 0.9776907465610876, 'generation': 219}","{'id': 16872, 'rank': 17, 'fitness': 0.9776466348497932, 'generation': 219}","{'id': 16850, 'rank': 18, 'fitness': 0.9773005860783184, 'generation': 219}","{'id': 16676, 'rank': 19, 'fitness': 0.9741661864000377, 'generation': 219}","{'id': 16886, 'rank': 20, 'fitness': 0.9703165898782469, 'generation': 219}","{'id': 16837, 'rank': 21, 'fitness': 0.9701567368258275, 'generation': 219}","{'id': 16907, 'rank': 22, 'fitness': 0.9695270713753525, 'generation': 219}","{'id': 16907, 'rank': 23, 'fitness': 0.9695270713753525, 'generation': 219}","{'id': 16861, 'rank': 24, 'fitness': 0.9678187385529073, 'generation': 219}","{'id': 16863, 'rank': 25, 'fitness': 0.9622775191791257, 'generation': 219}","{'id': 16863, 'rank': 26, 'fitness': 0.9622775191791257, 'generation': 219}","{'id': 16893, 'rank': 27, 'fitness': 0.9602872741704704, 'generation': 219}","{'id': 16852, 'rank': 28, 'fitness': 0.8836162769091203, 'generation': 219}","{'id': 16881, 'rank': 29, 'fitness': 0.7611877321004759, 'generation': 219}","{'id': 16866, 'rank': 30, 'fitness': 0.01798620996209155, 'generation': 219}"
"{'id': 16820, 'rank': 1, 'fitness': 0.9820137900379085, 'generation': 220}","{'id': 16878, 'rank': 2, 'fitness': 0.9819204595593014, 'generation': 220}","{'id': 16878, 'rank': 3, 'fitness': 0.9819204595593014, 'generation': 220}","{'id': 16964, 'rank': 4, 'fitness': 0.9809121939159274, 'generation': 220}","{'id': 16964, 'rank': 5, 'fitness': 0.9809121939159274, 'generation': 220}","{'id': 16847, 'rank': 6, 'fitness': 0.9809120509646291, 'generation': 220}","{'id': 16992, 'rank': 7, 'fitness': 0.9807668238350495, 'generation': 220}","{'id': 16845, 'rank': 8, 'fitness': 0.980740903889117, 'generation': 220}","{'id': 16940, 'rank': 9, 'fitness': 0.9807288831318166, 'generation': 220}","{'id': 16873, 'rank': 10, 'fitness': 0.9807033128969713, 'generation': 220}","{'id': 16982, 'rank': 11, 'fitness': 0.9805433342021388, 'generation': 220}","{'id': 16941, 'rank': 12, 'fitness': 0.9805143043200459, 'generation': 220}","{'id': 16951, 'rank': 13, 'fitness': 0.9802083017323409, 'generation': 220}","{'id': 16691, 'rank': 14, 'fitness': 0.9801460267905059, 'generation': 220}","{'id': 16963, 'rank': 15, 'fitness': 0.9800627442735818, 'generation': 220}","{'id': 16905, 'rank': 16, 'fitness': 0.9795491828207669, 'generation': 220}","{'id': 16905, 'rank': 17, 'fitness': 0.9795491828207669, 'generation': 220}","{'id': 16968, 'rank': 18, 'fitness': 0.97910648054429, 'generation': 220}","{'id': 16985, 'rank': 19, 'fitness': 0.9787671149603236, 'generation': 220}","{'id': 16970, 'rank': 20, 'fitness': 0.9784149109056703, 'generation': 220}","{'id': 16930, 'rank': 21, 'fitness': 0.9783893790525733, 'generation': 220}","{'id': 16921, 'rank': 22, 'fitness': 0.9780393529293219, 'generation': 220}","{'id': 16994, 'rank': 23, 'fitness': 0.9772107437226591, 'generation': 220}","{'id': 16918, 'rank': 24, 'fitness': 0.9764017180341213, 'generation': 220}","{'id': 16972, 'rank': 25, 'fitness': 0.9746315508954979, 'generation': 220}","{'id': 16965, 'rank': 26, 'fitness': 0.9742322305948113, 'generation': 220}","{'id': 16886, 'rank': 27, 'fitness': 0.9709926562554125, 'generation': 220}","{'id': 16907, 'rank': 28, 'fitness': 0.9702180887575923, 'generation': 220}","{'id': 16863, 'rank': 29, 'fitness': 0.9631017970834914, 'generation': 220}","{'id': 16866, 'rank': 30, 'fitness': 0.01798620996209155, 'generation': 220}"
"{'id': 17030, 'rank': 1, 'fitness': 0.9820137900379085, 'generation': 221}","{'id': 16878, 'rank': 2, 'fitness': 0.9705164681884297, 'generation': 221}","{'id': 16878, 'rank': 3, 'fitness': 0.9705164681884297, 'generation': 221}","{'id': 17023, 'rank': 4, 'fitness': 0.9678202585337805, 'generation': 221}","{'id': 17021, 'rank': 5, 'fitness': 0.9663561842956604, 'generation': 221}","{'id': 17075, 'rank': 6, 'fitness': 0.9475333213966326, 'generation': 221}","{'id': 16964, 'rank': 7, 'fitness': 0.8997618789900694, 'generation': 221}","{'id': 16964, 'rank': 8, 'fitness': 0.8997618789900694, 'generation': 221}","{'id': 16847, 'rank': 9, 'fitness': 0.8997456965074666, 'generation': 221}","{'id': 17063, 'rank': 10, 'fitness': 0.8965649631617619, 'generation': 221}","{'id': 17047, 'rank': 11, 'fitness': 0.8639420033617301, 'generation': 221}","{'id': 17047, 'rank': 12, 'fitness': 0.8639420033617301, 'generation': 221}","{'id': 16982, 'rank': 13, 'fitness': 0.8501742193615264, 'generation': 221}","{'id': 17026, 'rank': 14, 'fitness': 0.7948183131940527, 'generation': 221}","{'id': 17019, 'rank': 15, 'fitness': 0.7832611583920575, 'generation': 221}","{'id': 16691, 'rank': 16, 'fitness': 0.7775458693892079, 'generation': 221}","{'id': 16691, 'rank': 17, 'fitness': 0.7775458693892079, 'generation': 221}","{'id': 16905, 'rank': 18, 'fitness': 0.63206646034157, 'generation': 221}","{'id': 17017, 'rank': 19, 'fitness': 0.5361506487085793, 'generation': 221}","{'id': 17046, 'rank': 20, 'fitness': 0.4930431301413413, 'generation': 221}","{'id': 17057, 'rank': 21, 'fitness': 0.489545929177789, 'generation': 221}","{'id': 17065, 'rank': 22, 'fitness': 0.4629771036696718, 'generation': 221}","{'id': 17073, 'rank': 23, 'fitness': 0.32314932601597934, 'generation': 221}","{'id': 16930, 'rank': 24, 'fitness': 0.31367104126889855, 'generation': 221}","{'id': 17079, 'rank': 25, 'fitness': 0.18366294149267637, 'generation': 221}","{'id': 17035, 'rank': 26, 'fitness': 0.1586948886097131, 'generation': 221}","{'id': 17035, 'rank': 27, 'fitness': 0.1586948886097131, 'generation': 221}","{'id': 17060, 'rank': 28, 'fitness': 0.13309118269040088, 'generation': 221}","{'id': 17045, 'rank': 29, 'fitness': 0.09582498166056891, 'generation': 221}","{'id': 17056, 'rank': 30, 'fitness': 0.01798620996209155, 'generation': 221}"
"{'id': 17030, 'rank': 1, 'fitness': 0.9820137900379085, 'generation': 222}","{'id': 17030, 'rank': 2, 'fitness': 0.9820137900379085, 'generation': 222}","{'id': 17030, 'rank': 3, 'fitness': 0.9820137900379085, 'generation': 222}","{'id': 16878, 'rank': 4, 'fitness': 0.9817089104481775, 'generation': 222}","{'id': 16878, 'rank': 5, 'fitness': 0.9817089104481775, 'generation': 222}","{'id': 16878, 'rank': 6, 'fitness': 0.9817089104481775, 'generation': 222}","{'id': 16878, 'rank': 7, 'fitness': 0.9817089104481775, 'generation': 222}","{'id': 17075, 'rank': 8, 'fitness': 0.9813406251995722, 'generation': 222}","{'id': 17075, 'rank': 9, 'fitness': 0.9813406251995722, 'generation': 222}","{'id': 16847, 'rank': 10, 'fitness': 0.9809024455108342, 'generation': 222}","{'id': 17063, 'rank': 11, 'fitness': 0.9808803934932299, 'generation': 222}","{'id': 17047, 'rank': 12, 'fitness': 0.9806819356006762, 'generation': 222}","{'id': 16982, 'rank': 13, 'fitness': 0.9806097252184978, 'generation': 222}","{'id': 17019, 'rank': 14, 'fitness': 0.9803173344078366, 'generation': 222}","{'id': 16691, 'rank': 15, 'fitness': 0.9802955508458769, 'generation': 222}","{'id': 17092, 'rank': 16, 'fitness': 0.980244589916325, 'generation': 222}","{'id': 17092, 'rank': 17, 'fitness': 0.980244589916325, 'generation': 222}","{'id': 16905, 'rank': 18, 'fitness': 0.9798259468706492, 'generation': 222}","{'id': 17057, 'rank': 19, 'fitness': 0.9794324042479947, 'generation': 222}","{'id': 17057, 'rank': 20, 'fitness': 0.9794324042479947, 'generation': 222}","{'id': 17045, 'rank': 21, 'fitness': 0.9778763287894012, 'generation': 222}","{'id': 17095, 'rank': 22, 'fitness': 0.9773649773101869, 'generation': 222}","{'id': 17089, 'rank': 23, 'fitness': 0.9765665302063093, 'generation': 222}","{'id': 17142, 'rank': 24, 'fitness': 0.9756084421209577, 'generation': 222}","{'id': 17134, 'rank': 25, 'fitness': 0.874527522575795, 'generation': 222}","{'id': 17134, 'rank': 26, 'fitness': 0.874527522575795, 'generation': 222}","{'id': 17109, 'rank': 27, 'fitness': 0.5597657350694882, 'generation': 222}","{'id': 17102, 'rank': 28, 'fitness': 0.23797079320625908, 'generation': 222}","{'id': 17116, 'rank': 29, 'fitness': 0.06353396901293407, 'generation': 222}","{'id': 17101, 'rank': 30, 'fitness': 0.01798620996209155, 'generation': 222}"
"{'id': 17187, 'rank': 1, 'fitness': 0.9820137900379085, 'generation': 223}","{'id': 17030, 'rank': 2, 'fitness': 0.9815935876835276, 'generation': 223}","{'id': 17226, 'rank': 3, 'fitness': 0.9813455091364325, 'generation': 223}","{'id': 17226, 'rank': 4, 'fitness': 0.9813455091364325, 'generation': 223}","{'id': 17226, 'rank': 5, 'fitness': 0.9813455091364325, 'generation': 223}","{'id': 17201, 'rank': 6, 'fitness': 0.9811178240401592, 'generation': 223}","{'id': 16878, 'rank': 7, 'fitness': 0.9810759453023001, 'generation': 223}","{'id': 16878, 'rank': 8, 'fitness': 0.9810759453023001, 'generation': 223}","{'id': 16878, 'rank': 9, 'fitness': 0.9810759453023001, 'generation': 223}","{'id': 16878, 'rank': 10, 'fitness': 0.9810759453023001, 'generation': 223}","{'id': 17168, 'rank': 11, 'fitness': 0.980696865802405, 'generation': 223}","{'id': 17199, 'rank': 12, 'fitness': 0.9805216067944216, 'generation': 223}","{'id': 17200, 'rank': 13, 'fitness': 0.9803457015150456, 'generation': 223}","{'id': 17158, 'rank': 14, 'fitness': 0.9789031781842947, 'generation': 223}","{'id': 17174, 'rank': 15, 'fitness': 0.9787509547383892, 'generation': 223}","{'id': 17092, 'rank': 16, 'fitness': 0.9785134970753514, 'generation': 223}","{'id': 17092, 'rank': 17, 'fitness': 0.9785134970753514, 'generation': 223}","{'id': 17092, 'rank': 18, 'fitness': 0.9785134970753514, 'generation': 223}","{'id': 17216, 'rank': 19, 'fitness': 0.9772204688017461, 'generation': 223}","{'id': 17204, 'rank': 20, 'fitness': 0.9758839139733562, 'generation': 223}","{'id': 17166, 'rank': 21, 'fitness': 0.9757529070966633, 'generation': 223}","{'id': 17227, 'rank': 22, 'fitness': 0.9756149260202766, 'generation': 223}","{'id': 17220, 'rank': 23, 'fitness': 0.9751346097571416, 'generation': 223}","{'id': 17196, 'rank': 24, 'fitness': 0.9745939109958053, 'generation': 223}","{'id': 17161, 'rank': 25, 'fitness': 0.9741344092305038, 'generation': 223}","{'id': 17232, 'rank': 26, 'fitness': 0.9738648540092707, 'generation': 223}","{'id': 17233, 'rank': 27, 'fitness': 0.9737222064870164, 'generation': 223}","{'id': 17192, 'rank': 28, 'fitness': 0.9722334215296329, 'generation': 223}","{'id': 17089, 'rank': 29, 'fitness': 0.9715440834272696, 'generation': 223}","{'id': 17222, 'rank': 30, 'fitness': 0.01798620996209155, 'generation': 223}"
"{'id': 17305, 'rank': 1, 'fitness': 0.9820137900379085, 'generation': 224}","{'id': 17305, 'rank': 2, 'fitness': 0.9820137900379085, 'generation': 224}","{'id': 17030, 'rank': 3, 'fitness': 0.9733273203226638, 'generation': 224}","{'id': 17266, 'rank': 4, 'fitness': 0.9729491634561642, 'generation': 224}","{'id': 17303, 'rank': 5, 'fitness': 0.9679973908169792, 'generation': 224}","{'id': 16878, 'rank': 6, 'fitness': 0.9595982435329786, 'generation': 224}","{'id': 16878, 'rank': 7, 'fitness': 0.9595982435329786, 'generation': 224}","{'id': 17321, 'rank': 8, 'fitness': 0.9485647852666963, 'generation': 224}","{'id': 17243, 'rank': 9, 'fitness': 0.9463367842715817, 'generation': 224}","{'id': 17243, 'rank': 10, 'fitness': 0.9463367842715817, 'generation': 224}","{'id': 17262, 'rank': 11, 'fitness': 0.9434561272582482, 'generation': 224}","{'id': 17262, 'rank': 12, 'fitness': 0.9434561272582482, 'generation': 224}","{'id': 17199, 'rank': 13, 'fitness': 0.9382168037297218, 'generation': 224}","{'id': 17199, 'rank': 14, 'fitness': 0.9382168037297218, 'generation': 224}","{'id': 17313, 'rank': 15, 'fitness': 0.9380923197180175, 'generation': 224}","{'id': 17200, 'rank': 16, 'fitness': 0.9296299105078605, 'generation': 224}","{'id': 17306, 'rank': 17, 'fitness': 0.9188592313920749, 'generation': 224}","{'id': 17307, 'rank': 18, 'fitness': 0.9165845005349408, 'generation': 224}","{'id': 17290, 'rank': 19, 'fitness': 0.9102782034148438, 'generation': 224}","{'id': 17267, 'rank': 20, 'fitness': 0.9086116552915484, 'generation': 224}","{'id': 17263, 'rank': 21, 'fitness': 0.8680848004850245, 'generation': 224}","{'id': 17092, 'rank': 22, 'fitness': 0.7682217407812817, 'generation': 224}","{'id': 17242, 'rank': 23, 'fitness': 0.647521305461652, 'generation': 224}","{'id': 17258, 'rank': 24, 'fitness': 0.6018109140408167, 'generation': 224}","{'id': 17284, 'rank': 25, 'fitness': 0.46136871659893497, 'generation': 224}","{'id': 17301, 'rank': 26, 'fitness': 0.3046953967896313, 'generation': 224}","{'id': 17220, 'rank': 27, 'fitness': 0.254739403649046, 'generation': 224}","{'id': 17248, 'rank': 28, 'fitness': 0.09861055908893634, 'generation': 224}","{'id': 17285, 'rank': 29, 'fitness': 0.03814631256901324, 'generation': 224}","{'id': 17299, 'rank': 30, 'fitness': 0.01798620996209155, 'generation': 224}"
"{'id': 17392, 'rank': 1, 'fitness': 0.9820137900379085, 'generation': 225}","{'id': 17305, 'rank': 2, 'fitness': 0.9819820678672078, 'generation': 225}","{'id': 17305, 'rank': 3, 'fitness': 0.9819820678672078, 'generation': 225}","{'id': 17305, 'rank': 4, 'fitness': 0.9819820678672078, 'generation': 225}","{'id': 17030, 'rank': 5, 'fitness': 0.9816964507944431, 'generation': 225}","{'id': 16878, 'rank': 6, 'fitness': 0.9813871430787104, 'generation': 225}","{'id': 17344, 'rank': 7, 'fitness': 0.981375907169287, 'generation': 225}","{'id': 17321, 'rank': 8, 'fitness': 0.9812025124088054, 'generation': 225}","{'id': 17243, 'rank': 9, 'fitness': 0.9811696661926406, 'generation': 225}","{'id': 17262, 'rank': 10, 'fitness': 0.9811289765308093, 'generation': 225}","{'id': 17306, 'rank': 11, 'fitness': 0.9808415591145244, 'generation': 225}","{'id': 17351, 'rank': 12, 'fitness': 0.9803438865482317, 'generation': 225}","{'id': 17383, 'rank': 13, 'fitness': 0.9797001540952782, 'generation': 225}","{'id': 17242, 'rank': 14, 'fitness': 0.9794344948699517, 'generation': 225}","{'id': 17342, 'rank': 15, 'fitness': 0.9787333675297313, 'generation': 225}","{'id': 17301, 'rank': 16, 'fitness': 0.9782549074998588, 'generation': 225}","{'id': 17301, 'rank': 17, 'fitness': 0.9782549074998588, 'generation': 225}","{'id': 17220, 'rank': 18, 'fitness': 0.9780437942256108, 'generation': 225}","{'id': 17334, 'rank': 19, 'fitness': 0.9764654121341518, 'generation': 225}","{'id': 17371, 'rank': 20, 'fitness': 0.9759997727137157, 'generation': 225}","{'id': 17371, 'rank': 21, 'fitness': 0.9759997727137157, 'generation': 225}","{'id': 17340, 'rank': 22, 'fitness': 0.9753907164702348, 'generation': 225}","{'id': 17375, 'rank': 23, 'fitness': 0.9724438758026792, 'generation': 225}","{'id': 17365, 'rank': 24, 'fitness': 0.9718787372057796, 'generation': 225}","{'id': 17330, 'rank': 25, 'fitness': 0.9713888707477523, 'generation': 225}","{'id': 17372, 'rank': 26, 'fitness': 0.96827953358513, 'generation': 225}","{'id': 17325, 'rank': 27, 'fitness': 0.9658281541571005, 'generation': 225}","{'id': 17337, 'rank': 28, 'fitness': 0.9652951733982317, 'generation': 225}","{'id': 17357, 'rank': 29, 'fitness': 0.9635248528997598, 'generation': 225}","{'id': 17327, 'rank': 30, 'fitness': 0.01798620996209155, 'generation': 225}"
"{'id': 17392, 'rank': 1, 'fitness': 0.9820137900379085, 'generation': 226}","{'id': 17433, 'rank': 2, 'fitness': 0.9757937773453991, 'generation': 226}","{'id': 17393, 'rank': 3, 'fitness': 0.9676612002524438, 'generation': 226}","{'id': 17431, 'rank': 4, 'fitness': 0.9671850066911127, 'generation': 226}","{'id': 17413, 'rank': 5, 'fitness': 0.9628386445511743, 'generation': 226}","{'id': 17413, 'rank': 6, 'fitness': 0.9628386445511743, 'generation': 226}","{'id': 17413, 'rank': 7, 'fitness': 0.9628386445511743, 'generation': 226}","{'id': 17432, 'rank': 8, 'fitness': 0.9622960371054705, 'generation': 226}","{'id': 17407, 'rank': 9, 'fitness': 0.9622352950886159, 'generation': 226}","{'id': 17408, 'rank': 10, 'fitness': 0.9575782106969366, 'generation': 226}","{'id': 17408, 'rank': 11, 'fitness': 0.9575782106969366, 'generation': 226}","{'id': 17474, 'rank': 12, 'fitness': 0.9466328588007564, 'generation': 226}","{'id': 17397, 'rank': 13, 'fitness': 0.9383241817910901, 'generation': 226}","{'id': 17426, 'rank': 14, 'fitness': 0.9362871348227471, 'generation': 226}","{'id': 17426, 'rank': 15, 'fitness': 0.9362871348227471, 'generation': 226}","{'id': 17428, 'rank': 16, 'fitness': 0.9250391012835021, 'generation': 226}","{'id': 17242, 'rank': 17, 'fitness': 0.9224544595241817, 'generation': 226}","{'id': 17429, 'rank': 18, 'fitness': 0.9202907127657811, 'generation': 226}","{'id': 17342, 'rank': 19, 'fitness': 0.8903499291491352, 'generation': 226}","{'id': 17342, 'rank': 20, 'fitness': 0.8903499291491352, 'generation': 226}","{'id': 17473, 'rank': 21, 'fitness': 0.874091390635234, 'generation': 226}","{'id': 17416, 'rank': 22, 'fitness': 0.800685795811839, 'generation': 226}","{'id': 17422, 'rank': 23, 'fitness': 0.7911817971207468, 'generation': 226}","{'id': 17398, 'rank': 24, 'fitness': 0.7237923301871649, 'generation': 226}","{'id': 17417, 'rank': 25, 'fitness': 0.7203006027103509, 'generation': 226}","{'id': 17371, 'rank': 26, 'fitness': 0.6714094110226303, 'generation': 226}","{'id': 17418, 'rank': 27, 'fitness': 0.6306344851060677, 'generation': 226}","{'id': 17446, 'rank': 28, 'fitness': 0.570997755308269, 'generation': 226}","{'id': 17375, 'rank': 29, 'fitness': 0.29589219478220363, 'generation': 226}","{'id': 17471, 'rank': 30, 'fitness': 0.01798620996209155, 'generation': 226}"
"{'id': 17480, 'rank': 1, 'fitness': 0.9820137900379085, 'generation': 227}","{'id': 17392, 'rank': 2, 'fitness': 0.9815848117510139, 'generation': 227}","{'id': 17392, 'rank': 3, 'fitness': 0.9815848117510139, 'generation': 227}","{'id': 17501, 'rank': 4, 'fitness': 0.9815020760049004, 'generation': 227}","{'id': 17490, 'rank': 5, 'fitness': 0.9809279770206196, 'generation': 227}","{'id': 17490, 'rank': 6, 'fitness': 0.9809279770206196, 'generation': 227}","{'id': 17490, 'rank': 7, 'fitness': 0.9809279770206196, 'generation': 227}","{'id': 17413, 'rank': 8, 'fitness': 0.9804497451908505, 'generation': 227}","{'id': 17516, 'rank': 9, 'fitness': 0.9796053112296818, 'generation': 227}","{'id': 17397, 'rank': 10, 'fitness': 0.9795972874004426, 'generation': 227}","{'id': 17426, 'rank': 11, 'fitness': 0.9795405346510817, 'generation': 227}","{'id': 17482, 'rank': 12, 'fitness': 0.9793701891773734, 'generation': 227}","{'id': 17482, 'rank': 13, 'fitness': 0.9793701891773734, 'generation': 227}","{'id': 17242, 'rank': 14, 'fitness': 0.9791911660633162, 'generation': 227}","{'id': 17518, 'rank': 15, 'fitness': 0.9781399653965225, 'generation': 227}","{'id': 17422, 'rank': 16, 'fitness': 0.9771963160641592, 'generation': 227}","{'id': 17542, 'rank': 17, 'fitness': 0.9770746060398183, 'generation': 227}","{'id': 17398, 'rank': 18, 'fitness': 0.9765144954785807, 'generation': 227}","{'id': 17515, 'rank': 19, 'fitness': 0.976491735330878, 'generation': 227}","{'id': 17495, 'rank': 20, 'fitness': 0.9760411800464541, 'generation': 227}","{'id': 17531, 'rank': 21, 'fitness': 0.9760166005814168, 'generation': 227}","{'id': 17540, 'rank': 22, 'fitness': 0.9752935010717413, 'generation': 227}","{'id': 17446, 'rank': 23, 'fitness': 0.9752095794931487, 'generation': 227}","{'id': 17375, 'rank': 24, 'fitness': 0.9728247023147633, 'generation': 227}","{'id': 17546, 'rank': 25, 'fitness': 0.971412875410508, 'generation': 227}","{'id': 17471, 'rank': 26, 'fitness': 0.9651631916591203, 'generation': 227}","{'id': 17489, 'rank': 27, 'fitness': 0.9651162126433535, 'generation': 227}","{'id': 17507, 'rank': 28, 'fitness': 0.9349626725397082, 'generation': 227}","{'id': 17529, 'rank': 29, 'fitness': 0.8797968998629612, 'generation': 227}","{'id': 17520, 'rank': 30, 'fitness': 0.01798620996209155, 'generation': 227}"
"{'id': 17392, 'rank': 1, 'fitness': 0.9820137900379085, 'generation': 228}","{'id': 17392, 'rank': 2, 'fitness': 0.9820137900379085, 'generation': 228}","{'id': 17567, 'rank': 3, 'fitness': 0.979467448419765, 'generation': 228}","{'id': 17550, 'rank': 4, 'fitness': 0.9768782794548381, 'generation': 228}","{'id': 17490, 'rank': 5, 'fitness': 0.9718256497880119, 'generation': 228}","{'id': 17490, 'rank': 6, 'fitness': 0.9718256497880119, 'generation': 228}","{'id': 17490, 'rank': 7, 'fitness': 0.9718256497880119, 'generation': 228}","{'id': 17561, 'rank': 8, 'fitness': 0.9687899801584022, 'generation': 228}","{'id': 17621, 'rank': 9, 'fitness': 0.967026962472257, 'generation': 228}","{'id': 17637, 'rank': 10, 'fitness': 0.9643950325904691, 'generation': 228}","{'id': 17624, 'rank': 11, 'fitness': 0.9639763167314181, 'generation': 228}","{'id': 17413, 'rank': 12, 'fitness': 0.9614340696848594, 'generation': 228}","{'id': 17585, 'rank': 13, 'fitness': 0.9469754056282698, 'generation': 228}","{'id': 17585, 'rank': 14, 'fitness': 0.9469754056282698, 'generation': 228}","{'id': 17622, 'rank': 15, 'fitness': 0.9392521241346935, 'generation': 228}","{'id': 17482, 'rank': 16, 'fitness': 0.9248949171236408, 'generation': 228}","{'id': 17592, 'rank': 17, 'fitness': 0.9170139103316952, 'generation': 228}","{'id': 17592, 'rank': 18, 'fitness': 0.9170139103316952, 'generation': 228}","{'id': 17242, 'rank': 19, 'fitness': 0.9166244652377236, 'generation': 228}","{'id': 17242, 'rank': 20, 'fitness': 0.9166244652377236, 'generation': 228}","{'id': 17559, 'rank': 21, 'fitness': 0.9137083623142569, 'generation': 228}","{'id': 17644, 'rank': 22, 'fitness': 0.9020252789702401, 'generation': 228}","{'id': 17608, 'rank': 23, 'fitness': 0.8818236512613342, 'generation': 228}","{'id': 17558, 'rank': 24, 'fitness': 0.8371865006444352, 'generation': 228}","{'id': 17422, 'rank': 25, 'fitness': 0.7674642175039852, 'generation': 228}","{'id': 17540, 'rank': 26, 'fitness': 0.5345688527195831, 'generation': 228}","{'id': 17633, 'rank': 27, 'fitness': 0.5302830217058073, 'generation': 228}","{'id': 17375, 'rank': 28, 'fitness': 0.24625072029978912, 'generation': 228}","{'id': 17598, 'rank': 29, 'fitness': 0.08783034201253498, 'generation': 228}","{'id': 17548, 'rank': 30, 'fitness': 0.01798620996209155, 'generation': 228}"
"{'id': 17712, 'rank': 1, 'fitness': 0.9820137900379085, 'generation': 229}","{'id': 17490, 'rank': 2, 'fitness': 0.981661568751713, 'generation': 229}","{'id': 17490, 'rank': 3, 'fitness': 0.981661568751713, 'generation': 229}","{'id': 17490, 'rank': 4, 'fitness': 0.981661568751713, 'generation': 229}","{'id': 17561, 'rank': 5, 'fitness': 0.981471968862835, 'generation': 229}","{'id': 17561, 'rank': 6, 'fitness': 0.981471968862835, 'generation': 229}","{'id': 17637, 'rank': 7, 'fitness': 0.981224075517224, 'generation': 229}","{'id': 17413, 'rank': 8, 'fitness': 0.9810715973955352, 'generation': 229}","{'id': 17716, 'rank': 9, 'fitness': 0.9809348215786453, 'generation': 229}","{'id': 17656, 'rank': 10, 'fitness': 0.9803662428652327, 'generation': 229}","{'id': 17656, 'rank': 11, 'fitness': 0.9803662428652327, 'generation': 229}","{'id': 17667, 'rank': 12, 'fitness': 0.9803167374166968, 'generation': 229}","{'id': 17622, 'rank': 13, 'fitness': 0.9801696656554806, 'generation': 229}","{'id': 17661, 'rank': 14, 'fitness': 0.9798666373933058, 'generation': 229}","{'id': 17661, 'rank': 15, 'fitness': 0.9798666373933058, 'generation': 229}","{'id': 17652, 'rank': 16, 'fitness': 0.9796016698559151, 'generation': 229}","{'id': 17652, 'rank': 17, 'fitness': 0.9796016698559151, 'generation': 229}","{'id': 17559, 'rank': 18, 'fitness': 0.9794251127797563, 'generation': 229}","{'id': 17559, 'rank': 19, 'fitness': 0.9794251127797563, 'generation': 229}","{'id': 17558, 'rank': 20, 'fitness': 0.9779277947482221, 'generation': 229}","{'id': 17666, 'rank': 21, 'fitness': 0.9772334370821252, 'generation': 229}","{'id': 17666, 'rank': 22, 'fitness': 0.9772334370821252, 'generation': 229}","{'id': 17422, 'rank': 23, 'fitness': 0.9769564726827324, 'generation': 229}","{'id': 17706, 'rank': 24, 'fitness': 0.9745642954972696, 'generation': 229}","{'id': 17726, 'rank': 25, 'fitness': 0.9725599140211711, 'generation': 229}","{'id': 17677, 'rank': 26, 'fitness': 0.9628999900543113, 'generation': 229}","{'id': 17693, 'rank': 27, 'fitness': 0.9627369454538037, 'generation': 229}","{'id': 17672, 'rank': 28, 'fitness': 0.9519707804324566, 'generation': 229}","{'id': 17714, 'rank': 29, 'fitness': 0.9104338533051666, 'generation': 229}","{'id': 17679, 'rank': 30, 'fitness': 0.01798620996209155, 'generation': 229}"
"{'id': 17490, 'rank': 1, 'fitness': 0.9820137900379085, 'generation': 230}","{'id': 17490, 'rank': 2, 'fitness': 0.9820137900379085, 'generation': 230}","{'id': 17771, 'rank': 3, 'fitness': 0.9812345539174112, 'generation': 230}","{'id': 17561, 'rank': 4, 'fitness': 0.9804958499961425, 'generation': 230}","{'id': 17805, 'rank': 5, 'fitness': 0.9745927916175585, 'generation': 230}","{'id': 17730, 'rank': 6, 'fitness': 0.9712465975675417, 'generation': 230}","{'id': 17801, 'rank': 7, 'fitness': 0.968713434725442, 'generation': 230}","{'id': 17801, 'rank': 8, 'fitness': 0.968713434725442, 'generation': 230}","{'id': 17738, 'rank': 9, 'fitness': 0.9665648560623787, 'generation': 230}","{'id': 17784, 'rank': 10, 'fitness': 0.9659812809134551, 'generation': 230}","{'id': 17784, 'rank': 11, 'fitness': 0.9659812809134551, 'generation': 230}","{'id': 17661, 'rank': 12, 'fitness': 0.9626659964123927, 'generation': 230}","{'id': 17661, 'rank': 13, 'fitness': 0.9626659964123927, 'generation': 230}","{'id': 17731, 'rank': 14, 'fitness': 0.9605870336057258, 'generation': 230}","{'id': 17731, 'rank': 15, 'fitness': 0.9605870336057258, 'generation': 230}","{'id': 17739, 'rank': 16, 'fitness': 0.9596887732346624, 'generation': 230}","{'id': 17559, 'rank': 17, 'fitness': 0.9558632432970788, 'generation': 230}","{'id': 17559, 'rank': 18, 'fitness': 0.9558632432970788, 'generation': 230}","{'id': 17742, 'rank': 19, 'fitness': 0.9485750648927513, 'generation': 230}","{'id': 17742, 'rank': 20, 'fitness': 0.9485750648927513, 'generation': 230}","{'id': 17800, 'rank': 21, 'fitness': 0.9473018504098984, 'generation': 230}","{'id': 17800, 'rank': 22, 'fitness': 0.9473018504098984, 'generation': 230}","{'id': 17763, 'rank': 23, 'fitness': 0.9246534244004708, 'generation': 230}","{'id': 17763, 'rank': 24, 'fitness': 0.9246534244004708, 'generation': 230}","{'id': 17757, 'rank': 25, 'fitness': 0.8878207099265965, 'generation': 230}","{'id': 17790, 'rank': 26, 'fitness': 0.7913551461597602, 'generation': 230}","{'id': 17753, 'rank': 27, 'fitness': 0.7873371269164904, 'generation': 230}","{'id': 17807, 'rank': 28, 'fitness': 0.4341172070956002, 'generation': 230}","{'id': 17746, 'rank': 29, 'fitness': 0.030894600922518944, 'generation': 230}","{'id': 17745, 'rank': 30, 'fitness': 0.01798620996209155, 'generation': 230}"
"{'id': 17490, 'rank': 1, 'fitness': 0.9820137900379085, 'generation': 231}","{'id': 17490, 'rank': 2, 'fitness': 0.9820137900379085, 'generation': 231}","{'id': 17771, 'rank': 3, 'fitness': 0.9818836872505106, 'generation': 231}","{'id': 17771, 'rank': 4, 'fitness': 0.9818836872505106, 'generation': 231}","{'id': 17824, 'rank': 5, 'fitness': 0.9818053993891596, 'generation': 231}","{'id': 17561, 'rank': 6, 'fitness': 0.9817643512855101, 'generation': 231}","{'id': 17805, 'rank': 7, 'fitness': 0.980923343002355, 'generation': 231}","{'id': 17833, 'rank': 8, 'fitness': 0.9806894152426593, 'generation': 231}","{'id': 17801, 'rank': 9, 'fitness': 0.9802303308941406, 'generation': 231}","{'id': 17831, 'rank': 10, 'fitness': 0.9798067398433605, 'generation': 231}","{'id': 17831, 'rank': 11, 'fitness': 0.9798067398433605, 'generation': 231}","{'id': 17661, 'rank': 12, 'fitness': 0.9796188620165436, 'generation': 231}","{'id': 17731, 'rank': 13, 'fitness': 0.9794268433660211, 'generation': 231}","{'id': 17739, 'rank': 14, 'fitness': 0.9793463461691615, 'generation': 231}","{'id': 17869, 'rank': 15, 'fitness': 0.978561753536163, 'generation': 231}","{'id': 17869, 'rank': 16, 'fitness': 0.978561753536163, 'generation': 231}","{'id': 17742, 'rank': 17, 'fitness': 0.9784511584357823, 'generation': 231}","{'id': 17742, 'rank': 18, 'fitness': 0.9784511584357823, 'generation': 231}","{'id': 17826, 'rank': 19, 'fitness': 0.97791250569225, 'generation': 231}","{'id': 17830, 'rank': 20, 'fitness': 0.9749945529082549, 'generation': 231}","{'id': 17848, 'rank': 21, 'fitness': 0.9749115770780523, 'generation': 231}","{'id': 17821, 'rank': 22, 'fitness': 0.9743207896763428, 'generation': 231}","{'id': 17865, 'rank': 23, 'fitness': 0.9741547196710426, 'generation': 231}","{'id': 17858, 'rank': 24, 'fitness': 0.9696253709788736, 'generation': 231}","{'id': 17817, 'rank': 25, 'fitness': 0.9678722985865758, 'generation': 231}","{'id': 17870, 'rank': 26, 'fitness': 0.9649137349454469, 'generation': 231}","{'id': 17813, 'rank': 27, 'fitness': 0.9644448833950579, 'generation': 231}","{'id': 17745, 'rank': 28, 'fitness': 0.9334498719630139, 'generation': 231}","{'id': 17836, 'rank': 29, 'fitness': 0.6379191688444443, 'generation': 231}","{'id': 17838, 'rank': 30, 'fitness': 0.01798620996209155, 'generation': 231}"
"{'id': 17950, 'rank': 1, 'fitness': 0.9820137900379085, 'generation': 232}","{'id': 17490, 'rank': 2, 'fitness': 0.9718048889041537, 'generation': 232}","{'id': 17879, 'rank': 3, 'fitness': 0.9717019166540083, 'generation': 232}","{'id': 17911, 'rank': 4, 'fitness': 0.9699521872780563, 'generation': 232}","{'id': 17561, 'rank': 5, 'fitness': 0.9693942787515702, 'generation': 232}","{'id': 17920, 'rank': 6, 'fitness': 0.9670945721397323, 'generation': 232}","{'id': 17884, 'rank': 7, 'fitness': 0.9553364482221417, 'generation': 232}","{'id': 17897, 'rank': 8, 'fitness': 0.9546763956681031, 'generation': 232}","{'id': 17881, 'rank': 9, 'fitness': 0.9539986155204526, 'generation': 232}","{'id': 17912, 'rank': 10, 'fitness': 0.9523740115065367, 'generation': 232}","{'id': 17956, 'rank': 11, 'fitness': 0.9519999518244182, 'generation': 232}","{'id': 17943, 'rank': 12, 'fitness': 0.9495874579136268, 'generation': 232}","{'id': 17831, 'rank': 13, 'fitness': 0.9442240858834428, 'generation': 232}","{'id': 17952, 'rank': 14, 'fitness': 0.9416703304326801, 'generation': 232}","{'id': 17923, 'rank': 15, 'fitness': 0.9416146058984608, 'generation': 232}","{'id': 17661, 'rank': 16, 'fitness': 0.941147341839867, 'generation': 232}","{'id': 17925, 'rank': 17, 'fitness': 0.9390615299741187, 'generation': 232}","{'id': 17890, 'rank': 18, 'fitness': 0.9382522100910824, 'generation': 232}","{'id': 17907, 'rank': 19, 'fitness': 0.933491096514372, 'generation': 232}","{'id': 17929, 'rank': 20, 'fitness': 0.9299246974966431, 'generation': 232}","{'id': 17933, 'rank': 21, 'fitness': 0.9231998821391917, 'generation': 232}","{'id': 17933, 'rank': 22, 'fitness': 0.9231998821391917, 'generation': 232}","{'id': 17933, 'rank': 23, 'fitness': 0.9231998821391917, 'generation': 232}","{'id': 17869, 'rank': 24, 'fitness': 0.9213520746593439, 'generation': 232}","{'id': 17955, 'rank': 25, 'fitness': 0.9020941040230752, 'generation': 232}","{'id': 17880, 'rank': 26, 'fitness': 0.8919151538376394, 'generation': 232}","{'id': 17880, 'rank': 27, 'fitness': 0.8919151538376394, 'generation': 232}","{'id': 17895, 'rank': 28, 'fitness': 0.8668246040804441, 'generation': 232}","{'id': 17903, 'rank': 29, 'fitness': 0.6570779734501229, 'generation': 232}","{'id': 17928, 'rank': 30, 'fitness': 0.01798620996209155, 'generation': 232}"
"{'id': 17879, 'rank': 1, 'fitness': 0.9820137900379085, 'generation': 233}","{'id': 17561, 'rank': 2, 'fitness': 0.9819411587160769, 'generation': 233}","{'id': 17920, 'rank': 3, 'fitness': 0.9818736162418701, 'generation': 233}","{'id': 17884, 'rank': 4, 'fitness': 0.9815840199293229, 'generation': 233}","{'id': 17897, 'rank': 5, 'fitness': 0.9815699053152336, 'generation': 233}","{'id': 17881, 'rank': 6, 'fitness': 0.9815556031025288, 'generation': 233}","{'id': 17881, 'rank': 7, 'fitness': 0.9815556031025288, 'generation': 233}","{'id': 17952, 'rank': 8, 'fitness': 0.9813238038563568, 'generation': 233}","{'id': 17952, 'rank': 9, 'fitness': 0.9813238038563568, 'generation': 233}","{'id': 17925, 'rank': 10, 'fitness': 0.9812804264060053, 'generation': 233}","{'id': 17907, 'rank': 11, 'fitness': 0.9811930329001567, 'generation': 233}","{'id': 17929, 'rank': 12, 'fitness': 0.9811403954762351, 'generation': 233}","{'id': 17933, 'rank': 13, 'fitness': 0.9810471910397525, 'generation': 233}","{'id': 17869, 'rank': 14, 'fitness': 0.9810228212996951, 'generation': 233}","{'id': 17880, 'rank': 15, 'fitness': 0.980688502262212, 'generation': 233}","{'id': 17895, 'rank': 16, 'fitness': 0.9804588396368658, 'generation': 233}","{'id': 17997, 'rank': 17, 'fitness': 0.9803289622460485, 'generation': 233}","{'id': 17997, 'rank': 18, 'fitness': 0.9803289622460485, 'generation': 233}","{'id': 17978, 'rank': 19, 'fitness': 0.9801382140228185, 'generation': 233}","{'id': 17978, 'rank': 20, 'fitness': 0.9801382140228185, 'generation': 233}","{'id': 18007, 'rank': 21, 'fitness': 0.9799943077406514, 'generation': 233}","{'id': 18000, 'rank': 22, 'fitness': 0.9797142920263017, 'generation': 233}","{'id': 18002, 'rank': 23, 'fitness': 0.9791063188162352, 'generation': 233}","{'id': 17979, 'rank': 24, 'fitness': 0.9789863455600418, 'generation': 233}","{'id': 18022, 'rank': 25, 'fitness': 0.9783061175847254, 'generation': 233}","{'id': 17966, 'rank': 26, 'fitness': 0.9772210753090373, 'generation': 233}","{'id': 18036, 'rank': 27, 'fitness': 0.9757400320753455, 'generation': 233}","{'id': 17988, 'rank': 28, 'fitness': 0.9739308525990393, 'generation': 233}","{'id': 17959, 'rank': 29, 'fitness': 0.970334453431006, 'generation': 233}","{'id': 18031, 'rank': 30, 'fitness': 0.01798620996209155, 'generation': 233}"
"{'id': 18084, 'rank': 1, 'fitness': 0.9820137900379085, 'generation': 234}","{'id': 18103, 'rank': 2, 'fitness': 0.9772514912253957, 'generation': 234}","{'id': 18100, 'rank': 3, 'fitness': 0.9753537528436389, 'generation': 234}","{'id': 18080, 'rank': 4, 'fitness': 0.974693193937316, 'generation': 234}","{'id': 18063, 'rank': 5, 'fitness': 0.972914051538583, 'generation': 234}","{'id': 18063, 'rank': 6, 'fitness': 0.972914051538583, 'generation': 234}","{'id': 18104, 'rank': 7, 'fitness': 0.969989334479451, 'generation': 234}","{'id': 18115, 'rank': 8, 'fitness': 0.9690281274698002, 'generation': 234}","{'id': 18073, 'rank': 9, 'fitness': 0.9681993672852036, 'generation': 234}","{'id': 18053, 'rank': 10, 'fitness': 0.9645642366205192, 'generation': 234}","{'id': 17929, 'rank': 11, 'fitness': 0.9638930150845965, 'generation': 234}","{'id': 18114, 'rank': 12, 'fitness': 0.9624669304226052, 'generation': 234}","{'id': 18074, 'rank': 13, 'fitness': 0.9620363250587967, 'generation': 234}","{'id': 18052, 'rank': 14, 'fitness': 0.9614871227077064, 'generation': 234}","{'id': 18107, 'rank': 15, 'fitness': 0.960425440172637, 'generation': 234}","{'id': 17933, 'rank': 16, 'fitness': 0.9596893728538967, 'generation': 234}","{'id': 18118, 'rank': 17, 'fitness': 0.9562772626189482, 'generation': 234}","{'id': 18118, 'rank': 18, 'fitness': 0.9562772626189482, 'generation': 234}","{'id': 18108, 'rank': 19, 'fitness': 0.9545982218447653, 'generation': 234}","{'id': 18106, 'rank': 20, 'fitness': 0.9502697406173904, 'generation': 234}","{'id': 18113, 'rank': 21, 'fitness': 0.9332393976676318, 'generation': 234}","{'id': 18109, 'rank': 22, 'fitness': 0.9137904470680352, 'generation': 234}","{'id': 17997, 'rank': 23, 'fitness': 0.9093521791975685, 'generation': 234}","{'id': 18083, 'rank': 24, 'fitness': 0.8824662964151414, 'generation': 234}","{'id': 18000, 'rank': 25, 'fitness': 0.8306626585231234, 'generation': 234}","{'id': 18000, 'rank': 26, 'fitness': 0.8306626585231234, 'generation': 234}","{'id': 18097, 'rank': 27, 'fitness': 0.3926338673556061, 'generation': 234}","{'id': 17966, 'rank': 28, 'fitness': 0.24803069323309673, 'generation': 234}","{'id': 18038, 'rank': 29, 'fitness': 0.1670590285625188, 'generation': 234}","{'id': 18041, 'rank': 30, 'fitness': 0.01798620996209155, 'generation': 234}"
"{'id': 18084, 'rank': 1, 'fitness': 0.9820137900379085, 'generation': 235}","{'id': 18202, 'rank': 2, 'fitness': 0.9815558858208153, 'generation': 235}","{'id': 18103, 'rank': 3, 'fitness': 0.9814371514431189, 'generation': 235}","{'id': 18103, 'rank': 4, 'fitness': 0.9814371514431189, 'generation': 235}","{'id': 18100, 'rank': 5, 'fitness': 0.9812356297112511, 'generation': 235}","{'id': 18201, 'rank': 6, 'fitness': 0.9811872401399289, 'generation': 235}","{'id': 18178, 'rank': 7, 'fitness': 0.9811703898804194, 'generation': 235}","{'id': 18063, 'rank': 8, 'fitness': 0.9809949386850216, 'generation': 235}","{'id': 18104, 'rank': 9, 'fitness': 0.9807293064621587, 'generation': 235}","{'id': 18115, 'rank': 10, 'fitness': 0.9806467377157617, 'generation': 235}","{'id': 18073, 'rank': 11, 'fitness': 0.9805772469192358, 'generation': 235}","{'id': 17929, 'rank': 12, 'fitness': 0.9802387177355268, 'generation': 235}","{'id': 18183, 'rank': 13, 'fitness': 0.9801563639310328, 'generation': 235}","{'id': 18074, 'rank': 14, 'fitness': 0.9801030307210574, 'generation': 235}","{'id': 18159, 'rank': 15, 'fitness': 0.9790251585303347, 'generation': 235}","{'id': 18187, 'rank': 16, 'fitness': 0.9787874066921975, 'generation': 235}","{'id': 18113, 'rank': 17, 'fitness': 0.9784866839542956, 'generation': 235}","{'id': 18127, 'rank': 18, 'fitness': 0.9778951444565017, 'generation': 235}","{'id': 18131, 'rank': 19, 'fitness': 0.977847422082858, 'generation': 235}","{'id': 18131, 'rank': 20, 'fitness': 0.977847422082858, 'generation': 235}","{'id': 18164, 'rank': 21, 'fitness': 0.9775800179977312, 'generation': 235}","{'id': 18148, 'rank': 22, 'fitness': 0.9766392627668568, 'generation': 235}","{'id': 18000, 'rank': 23, 'fitness': 0.9753238839609129, 'generation': 235}","{'id': 18129, 'rank': 24, 'fitness': 0.9750956700133542, 'generation': 235}","{'id': 18179, 'rank': 25, 'fitness': 0.9723362590065501, 'generation': 235}","{'id': 18154, 'rank': 26, 'fitness': 0.9718007106517312, 'generation': 235}","{'id': 18154, 'rank': 27, 'fitness': 0.9718007106517312, 'generation': 235}","{'id': 18176, 'rank': 28, 'fitness': 0.9699820991357196, 'generation': 235}","{'id': 18171, 'rank': 29, 'fitness': 0.9000816925656344, 'generation': 235}","{'id': 18152, 'rank': 30, 'fitness': 0.01798620996209155, 'generation': 235}"
"{'id': 18258, 'rank': 1, 'fitness': 0.9820137900379085, 'generation': 236}","{'id': 18275, 'rank': 2, 'fitness': 0.9709103478498966, 'generation': 236}","{'id': 18216, 'rank': 3, 'fitness': 0.9620469259492577, 'generation': 236}","{'id': 18216, 'rank': 4, 'fitness': 0.9620469259492577, 'generation': 236}","{'id': 18103, 'rank': 5, 'fitness': 0.94752349678046, 'generation': 236}","{'id': 18274, 'rank': 6, 'fitness': 0.9433984744965795, 'generation': 236}","{'id': 18222, 'rank': 7, 'fitness': 0.9402258756848743, 'generation': 236}","{'id': 18201, 'rank': 8, 'fitness': 0.9389058523204664, 'generation': 236}","{'id': 18063, 'rank': 9, 'fitness': 0.9314827747972019, 'generation': 236}","{'id': 18226, 'rank': 10, 'fitness': 0.9312702490133926, 'generation': 236}","{'id': 18226, 'rank': 11, 'fitness': 0.9312702490133926, 'generation': 236}","{'id': 18271, 'rank': 12, 'fitness': 0.9309012217507454, 'generation': 236}","{'id': 18235, 'rank': 13, 'fitness': 0.9260763670324116, 'generation': 236}","{'id': 18213, 'rank': 14, 'fitness': 0.9230856766992024, 'generation': 236}","{'id': 18251, 'rank': 15, 'fitness': 0.919746232057356, 'generation': 236}","{'id': 18115, 'rank': 16, 'fitness': 0.9161193848932785, 'generation': 236}","{'id': 18252, 'rank': 17, 'fitness': 0.8877077819220545, 'generation': 236}","{'id': 18074, 'rank': 18, 'fitness': 0.8866014443812932, 'generation': 236}","{'id': 18265, 'rank': 19, 'fitness': 0.8839810570139824, 'generation': 236}","{'id': 18245, 'rank': 20, 'fitness': 0.7932643523526021, 'generation': 236}","{'id': 18245, 'rank': 21, 'fitness': 0.7932643523526021, 'generation': 236}","{'id': 18245, 'rank': 22, 'fitness': 0.7932643523526021, 'generation': 236}","{'id': 18247, 'rank': 23, 'fitness': 0.7697439921409763, 'generation': 236}","{'id': 18131, 'rank': 24, 'fitness': 0.6811563532138627, 'generation': 236}","{'id': 18296, 'rank': 25, 'fitness': 0.2882442421323156, 'generation': 236}","{'id': 18154, 'rank': 26, 'fitness': 0.10258489283222816, 'generation': 236}","{'id': 18287, 'rank': 27, 'fitness': 0.09711396971773895, 'generation': 236}","{'id': 18285, 'rank': 28, 'fitness': 0.06306981008709289, 'generation': 236}","{'id': 18266, 'rank': 29, 'fitness': 0.01798620996209155, 'generation': 236}","{'id': 18266, 'rank': 30, 'fitness': 0.01798620996209155, 'generation': 236}"
"{'id': 18258, 'rank': 1, 'fitness': 0.9820137900379085, 'generation': 237}","{'id': 18319, 'rank': 2, 'fitness': 0.9818493771817374, 'generation': 237}","{'id': 18320, 'rank': 3, 'fitness': 0.9816801442861939, 'generation': 237}","{'id': 18275, 'rank': 4, 'fitness': 0.9813812145444363, 'generation': 237}","{'id': 18216, 'rank': 5, 'fitness': 0.9810181093257626, 'generation': 237}","{'id': 18216, 'rank': 6, 'fitness': 0.9810181093257626, 'generation': 237}","{'id': 18318, 'rank': 7, 'fitness': 0.9808580826997184, 'generation': 237}","{'id': 18318, 'rank': 8, 'fitness': 0.9808580826997184, 'generation': 237}","{'id': 18103, 'rank': 9, 'fitness': 0.9805608577546625, 'generation': 237}","{'id': 18222, 'rank': 10, 'fitness': 0.9803718540772668, 'generation': 237}","{'id': 18063, 'rank': 11, 'fitness': 0.9801700453733985, 'generation': 237}","{'id': 18063, 'rank': 12, 'fitness': 0.9801700453733985, 'generation': 237}","{'id': 18213, 'rank': 13, 'fitness': 0.9799959485024707, 'generation': 237}","{'id': 18252, 'rank': 14, 'fitness': 0.9794019303093704, 'generation': 237}","{'id': 18074, 'rank': 15, 'fitness': 0.9793859740745527, 'generation': 237}","{'id': 18265, 'rank': 16, 'fitness': 0.9793486687050557, 'generation': 237}","{'id': 18245, 'rank': 17, 'fitness': 0.9783324000342758, 'generation': 237}","{'id': 18245, 'rank': 18, 'fitness': 0.9783324000342758, 'generation': 237}","{'id': 18325, 'rank': 19, 'fitness': 0.9767154401369924, 'generation': 237}","{'id': 18331, 'rank': 20, 'fitness': 0.9754317076579853, 'generation': 237}","{'id': 18296, 'rank': 21, 'fitness': 0.974646437026863, 'generation': 237}","{'id': 18327, 'rank': 22, 'fitness': 0.9740306823044573, 'generation': 237}","{'id': 18285, 'rank': 23, 'fitness': 0.9712731312212924, 'generation': 237}","{'id': 18324, 'rank': 24, 'fitness': 0.9641553573775814, 'generation': 237}","{'id': 18340, 'rank': 25, 'fitness': 0.9632729156686455, 'generation': 237}","{'id': 18360, 'rank': 26, 'fitness': 0.9607292034117292, 'generation': 237}","{'id': 18310, 'rank': 27, 'fitness': 0.956383986381103, 'generation': 237}","{'id': 18365, 'rank': 28, 'fitness': 0.8970099920238549, 'generation': 237}","{'id': 18314, 'rank': 29, 'fitness': 0.03474057861245888, 'generation': 237}","{'id': 18315, 'rank': 30, 'fitness': 0.01798620996209155, 'generation': 237}"
"{'id': 18433, 'rank': 1, 'fitness': 0.9820137900379085, 'generation': 238}","{'id': 18371, 'rank': 2, 'fitness': 0.9747475092329962, 'generation': 238}","{'id': 18275, 'rank': 3, 'fitness': 0.9569883912221051, 'generation': 238}","{'id': 18390, 'rank': 4, 'fitness': 0.9538185580229379, 'generation': 238}","{'id': 18384, 'rank': 5, 'fitness': 0.9500584874654813, 'generation': 238}","{'id': 18216, 'rank': 6, 'fitness': 0.9481524476042206, 'generation': 238}","{'id': 18435, 'rank': 7, 'fitness': 0.937732364551004, 'generation': 238}","{'id': 18432, 'rank': 8, 'fitness': 0.9254100172371635, 'generation': 238}","{'id': 18063, 'rank': 9, 'fitness': 0.9214440475968861, 'generation': 238}","{'id': 18063, 'rank': 10, 'fitness': 0.9214440475968861, 'generation': 238}","{'id': 18415, 'rank': 11, 'fitness': 0.9165027344023037, 'generation': 238}","{'id': 18414, 'rank': 12, 'fitness': 0.9144424014867778, 'generation': 238}","{'id': 18452, 'rank': 13, 'fitness': 0.905747884748265, 'generation': 238}","{'id': 18412, 'rank': 14, 'fitness': 0.9013225065361153, 'generation': 238}","{'id': 18412, 'rank': 15, 'fitness': 0.9013225065361153, 'generation': 238}","{'id': 18410, 'rank': 16, 'fitness': 0.8735771166470534, 'generation': 238}","{'id': 18385, 'rank': 17, 'fitness': 0.8654545241778144, 'generation': 238}","{'id': 18443, 'rank': 18, 'fitness': 0.8621387997563458, 'generation': 238}","{'id': 18413, 'rank': 19, 'fitness': 0.8430251148409259, 'generation': 238}","{'id': 18245, 'rank': 20, 'fitness': 0.8264222243540187, 'generation': 238}","{'id': 18416, 'rank': 21, 'fitness': 0.783546908530953, 'generation': 238}","{'id': 18442, 'rank': 22, 'fitness': 0.7613730146717701, 'generation': 238}","{'id': 18442, 'rank': 23, 'fitness': 0.7613730146717701, 'generation': 238}","{'id': 18377, 'rank': 24, 'fitness': 0.6196342666610389, 'generation': 238}","{'id': 18441, 'rank': 25, 'fitness': 0.6099659023040697, 'generation': 238}","{'id': 18400, 'rank': 26, 'fitness': 0.5829564057146212, 'generation': 238}","{'id': 18327, 'rank': 27, 'fitness': 0.4285722407811835, 'generation': 238}","{'id': 18394, 'rank': 28, 'fitness': 0.21039019924504432, 'generation': 238}","{'id': 18448, 'rank': 29, 'fitness': 0.14387416107711953, 'generation': 238}","{'id': 18449, 'rank': 30, 'fitness': 0.01798620996209155, 'generation': 238}"
"{'id': 18390, 'rank': 1, 'fitness': 0.9820137900379085, 'generation': 239}","{'id': 18216, 'rank': 2, 'fitness': 0.9817809100282922, 'generation': 239}","{'id': 18435, 'rank': 3, 'fitness': 0.9814031467155233, 'generation': 239}","{'id': 18435, 'rank': 4, 'fitness': 0.9814031467155233, 'generation': 239}","{'id': 18063, 'rank': 5, 'fitness': 0.9809056881650546, 'generation': 239}","{'id': 18063, 'rank': 6, 'fitness': 0.9809056881650546, 'generation': 239}","{'id': 18452, 'rank': 7, 'fitness': 0.9804995214925153, 'generation': 239}","{'id': 18412, 'rank': 8, 'fitness': 0.9803947068511367, 'generation': 239}","{'id': 18385, 'rank': 9, 'fitness': 0.9796557284845792, 'generation': 239}","{'id': 18501, 'rank': 10, 'fitness': 0.9790651031263624, 'generation': 239}","{'id': 18416, 'rank': 11, 'fitness': 0.9783847638388982, 'generation': 239}","{'id': 18441, 'rank': 12, 'fitness': 0.9763888286065305, 'generation': 239}","{'id': 18517, 'rank': 13, 'fitness': 0.9761562654761345, 'generation': 239}","{'id': 18400, 'rank': 14, 'fitness': 0.9761086074739644, 'generation': 239}","{'id': 18400, 'rank': 15, 'fitness': 0.9761086074739644, 'generation': 239}","{'id': 18491, 'rank': 16, 'fitness': 0.9757801734639402, 'generation': 239}","{'id': 18516, 'rank': 17, 'fitness': 0.9716231656760214, 'generation': 239}","{'id': 18394, 'rank': 18, 'fitness': 0.9715735777590044, 'generation': 239}","{'id': 18448, 'rank': 19, 'fitness': 0.9701704959529078, 'generation': 239}","{'id': 18486, 'rank': 20, 'fitness': 0.9673891585863157, 'generation': 239}","{'id': 18493, 'rank': 21, 'fitness': 0.9646563906953028, 'generation': 239}","{'id': 18503, 'rank': 22, 'fitness': 0.9631969739351414, 'generation': 239}","{'id': 18449, 'rank': 23, 'fitness': 0.9624326088613114, 'generation': 239}","{'id': 18449, 'rank': 24, 'fitness': 0.9624326088613114, 'generation': 239}","{'id': 18500, 'rank': 25, 'fitness': 0.9579933914203775, 'generation': 239}","{'id': 18526, 'rank': 26, 'fitness': 0.8886825931853257, 'generation': 239}","{'id': 18528, 'rank': 27, 'fitness': 0.7825895809141592, 'generation': 239}","{'id': 18529, 'rank': 28, 'fitness': 0.6297931911310217, 'generation': 239}","{'id': 18470, 'rank': 29, 'fitness': 0.2849492007478289, 'generation': 239}","{'id': 18473, 'rank': 30, 'fitness': 0.01798620996209155, 'generation': 239}"
"{'id': 18610, 'rank': 1, 'fitness': 0.9820137900379085, 'generation': 240}","{'id': 18610, 'rank': 2, 'fitness': 0.9820137900379085, 'generation': 240}","{'id': 18613, 'rank': 3, 'fitness': 0.9820116051590189, 'generation': 240}","{'id': 18435, 'rank': 4, 'fitness': 0.9818798676629769, 'generation': 240}","{'id': 18063, 'rank': 5, 'fitness': 0.9818257985843144, 'generation': 240}","{'id': 18063, 'rank': 6, 'fitness': 0.9818257985843144, 'generation': 240}","{'id': 18063, 'rank': 7, 'fitness': 0.9818257985843144, 'generation': 240}","{'id': 18616, 'rank': 8, 'fitness': 0.981818556163621, 'generation': 240}","{'id': 18385, 'rank': 9, 'fitness': 0.9816951594355783, 'generation': 240}","{'id': 18576, 'rank': 10, 'fitness': 0.9816804015375289, 'generation': 240}","{'id': 18612, 'rank': 11, 'fitness': 0.9816529280316318, 'generation': 240}","{'id': 18587, 'rank': 12, 'fitness': 0.9816437423192966, 'generation': 240}","{'id': 18558, 'rank': 13, 'fitness': 0.9816324908102168, 'generation': 240}","{'id': 18551, 'rank': 14, 'fitness': 0.9815187908157001, 'generation': 240}","{'id': 18606, 'rank': 15, 'fitness': 0.9814917685925009, 'generation': 240}","{'id': 18620, 'rank': 16, 'fitness': 0.981430994952483, 'generation': 240}","{'id': 18517, 'rank': 17, 'fitness': 0.9813632983278499, 'generation': 240}","{'id': 18400, 'rank': 18, 'fitness': 0.9813590782002685, 'generation': 240}","{'id': 18491, 'rank': 19, 'fitness': 0.9813301915069159, 'generation': 240}","{'id': 18582, 'rank': 20, 'fitness': 0.9812660809729974, 'generation': 240}","{'id': 18582, 'rank': 21, 'fitness': 0.9812660809729974, 'generation': 240}","{'id': 18609, 'rank': 22, 'fitness': 0.9812243166136391, 'generation': 240}","{'id': 18597, 'rank': 23, 'fitness': 0.9812134349488462, 'generation': 240}","{'id': 18604, 'rank': 24, 'fitness': 0.9810018279720789, 'generation': 240}","{'id': 18394, 'rank': 25, 'fitness': 0.9809872833611005, 'generation': 240}","{'id': 18622, 'rank': 26, 'fitness': 0.9808845688499979, 'generation': 240}","{'id': 18448, 'rank': 27, 'fitness': 0.9808826117478351, 'generation': 240}","{'id': 18565, 'rank': 28, 'fitness': 0.9803788576319404, 'generation': 240}","{'id': 18567, 'rank': 29, 'fitness': 0.9799352208547502, 'generation': 240}","{'id': 18596, 'rank': 30, 'fitness': 0.01798620996209155, 'generation': 240}"
"{'id': 18655, 'rank': 1, 'fitness': 0.9820137900379085, 'generation': 241}","{'id': 18654, 'rank': 2, 'fitness': 0.9807414316143581, 'generation': 241}","{'id': 18686, 'rank': 3, 'fitness': 0.9803008675453354, 'generation': 241}","{'id': 18610, 'rank': 4, 'fitness': 0.9750595213527913, 'generation': 241}","{'id': 18613, 'rank': 5, 'fitness': 0.9748322354473624, 'generation': 241}","{'id': 18673, 'rank': 6, 'fitness': 0.9741628382617875, 'generation': 241}","{'id': 18435, 'rank': 7, 'fitness': 0.9567976328898377, 'generation': 241}","{'id': 18435, 'rank': 8, 'fitness': 0.9567976328898377, 'generation': 241}","{'id': 18651, 'rank': 9, 'fitness': 0.9522044087294725, 'generation': 241}","{'id': 18671, 'rank': 10, 'fitness': 0.9512659212572997, 'generation': 241}","{'id': 18063, 'rank': 11, 'fitness': 0.9463137796272441, 'generation': 241}","{'id': 18639, 'rank': 12, 'fitness': 0.9348553729961353, 'generation': 241}","{'id': 18633, 'rank': 13, 'fitness': 0.9307733426789495, 'generation': 241}","{'id': 18631, 'rank': 14, 'fitness': 0.922720580481251, 'generation': 241}","{'id': 18631, 'rank': 15, 'fitness': 0.922720580481251, 'generation': 241}","{'id': 18709, 'rank': 16, 'fitness': 0.9036474624305583, 'generation': 241}","{'id': 18683, 'rank': 17, 'fitness': 0.8918886410513293, 'generation': 241}","{'id': 18587, 'rank': 18, 'fitness': 0.8914511216707978, 'generation': 241}","{'id': 18632, 'rank': 19, 'fitness': 0.8837186257670944, 'generation': 241}","{'id': 18628, 'rank': 20, 'fitness': 0.8825245079502171, 'generation': 241}","{'id': 18681, 'rank': 21, 'fitness': 0.8780462673176165, 'generation': 241}","{'id': 18708, 'rank': 22, 'fitness': 0.8715127987482139, 'generation': 241}","{'id': 18675, 'rank': 23, 'fitness': 0.8695997629946484, 'generation': 241}","{'id': 18620, 'rank': 24, 'fitness': 0.7725012494579376, 'generation': 241}","{'id': 18691, 'rank': 25, 'fitness': 0.7279709140414844, 'generation': 241}","{'id': 18660, 'rank': 26, 'fitness': 0.6964440036393977, 'generation': 241}","{'id': 18660, 'rank': 27, 'fitness': 0.6964440036393977, 'generation': 241}","{'id': 18684, 'rank': 28, 'fitness': 0.578357338439353, 'generation': 241}","{'id': 18657, 'rank': 29, 'fitness': 0.5632238620349175, 'generation': 241}","{'id': 18702, 'rank': 30, 'fitness': 0.01798620996209155, 'generation': 241}"
"{'id': 18655, 'rank': 1, 'fitness': 0.9820137900379085, 'generation': 242}","{'id': 18686, 'rank': 2, 'fitness': 0.9819023079005877, 'generation': 242}","{'id': 18742, 'rank': 3, 'fitness': 0.9817606591561328, 'generation': 242}","{'id': 18673, 'rank': 4, 'fitness': 0.9815645440395402, 'generation': 242}","{'id': 18435, 'rank': 5, 'fitness': 0.9808995915215473, 'generation': 242}","{'id': 18651, 'rank': 6, 'fitness': 0.9807645272972474, 'generation': 242}","{'id': 18633, 'rank': 7, 'fitness': 0.9802545375279065, 'generation': 242}","{'id': 18631, 'rank': 8, 'fitness': 0.9800979591301158, 'generation': 242}","{'id': 18743, 'rank': 9, 'fitness': 0.9799940666356686, 'generation': 242}","{'id': 18683, 'rank': 10, 'fitness': 0.9796025547923339, 'generation': 242}","{'id': 18628, 'rank': 11, 'fitness': 0.9794752013683181, 'generation': 242}","{'id': 18681, 'rank': 12, 'fitness': 0.979417133688458, 'generation': 242}","{'id': 18681, 'rank': 13, 'fitness': 0.979417133688458, 'generation': 242}","{'id': 18708, 'rank': 14, 'fitness': 0.9793353525727908, 'generation': 242}","{'id': 18675, 'rank': 15, 'fitness': 0.9793120216794553, 'generation': 242}","{'id': 18777, 'rank': 16, 'fitness': 0.9792681734272967, 'generation': 242}","{'id': 18751, 'rank': 17, 'fitness': 0.9792203070008074, 'generation': 242}","{'id': 18774, 'rank': 18, 'fitness': 0.9778153520192916, 'generation': 242}","{'id': 18657, 'rank': 19, 'fitness': 0.9769275939364251, 'generation': 242}","{'id': 18798, 'rank': 20, 'fitness': 0.9744937062299963, 'generation': 242}","{'id': 18799, 'rank': 21, 'fitness': 0.9723129995305062, 'generation': 242}","{'id': 18789, 'rank': 22, 'fitness': 0.965930320634154, 'generation': 242}","{'id': 18723, 'rank': 23, 'fitness': 0.9651898595970152, 'generation': 242}","{'id': 18712, 'rank': 24, 'fitness': 0.9642663613091086, 'generation': 242}","{'id': 18715, 'rank': 25, 'fitness': 0.9610212791662721, 'generation': 242}","{'id': 18720, 'rank': 26, 'fitness': 0.9594111535532615, 'generation': 242}","{'id': 18713, 'rank': 27, 'fitness': 0.9582296260247453, 'generation': 242}","{'id': 18794, 'rank': 28, 'fitness': 0.8711855654856553, 'generation': 242}","{'id': 18753, 'rank': 29, 'fitness': 0.3779967128441749, 'generation': 242}","{'id': 18739, 'rank': 30, 'fitness': 0.01798620996209155, 'generation': 242}"
"{'id': 18876, 'rank': 1, 'fitness': 0.9820137900379085, 'generation': 243}","{'id': 18864, 'rank': 2, 'fitness': 0.9798377393254953, 'generation': 243}","{'id': 18742, 'rank': 3, 'fitness': 0.979520744486872, 'generation': 243}","{'id': 18673, 'rank': 4, 'fitness': 0.9779640200941044, 'generation': 243}","{'id': 18833, 'rank': 5, 'fitness': 0.9747351331614031, 'generation': 243}","{'id': 18833, 'rank': 6, 'fitness': 0.9747351331614031, 'generation': 243}","{'id': 18834, 'rank': 7, 'fitness': 0.9746551251725344, 'generation': 243}","{'id': 18873, 'rank': 8, 'fitness': 0.9735069872127675, 'generation': 243}","{'id': 18861, 'rank': 9, 'fitness': 0.9706224854442597, 'generation': 243}","{'id': 18651, 'rank': 10, 'fitness': 0.9705543890162224, 'generation': 243}","{'id': 18631, 'rank': 11, 'fitness': 0.9629092467385494, 'generation': 243}","{'id': 18859, 'rank': 12, 'fitness': 0.9571285185679057, 'generation': 243}","{'id': 18822, 'rank': 13, 'fitness': 0.9571103326447039, 'generation': 243}","{'id': 18849, 'rank': 14, 'fitness': 0.9521788800472855, 'generation': 243}","{'id': 18675, 'rank': 15, 'fitness': 0.9518905946291942, 'generation': 243}","{'id': 18675, 'rank': 16, 'fitness': 0.9518905946291942, 'generation': 243}","{'id': 18856, 'rank': 17, 'fitness': 0.9498936175214325, 'generation': 243}","{'id': 18857, 'rank': 18, 'fitness': 0.9402260452224336, 'generation': 243}","{'id': 18845, 'rank': 19, 'fitness': 0.9128021023198905, 'generation': 243}","{'id': 18657, 'rank': 20, 'fitness': 0.9019190019046852, 'generation': 243}","{'id': 18882, 'rank': 21, 'fitness': 0.8920339029588779, 'generation': 243}","{'id': 18885, 'rank': 22, 'fitness': 0.8643550843802387, 'generation': 243}","{'id': 18817, 'rank': 23, 'fitness': 0.8495025019546565, 'generation': 243}","{'id': 18866, 'rank': 24, 'fitness': 0.7535802142876529, 'generation': 243}","{'id': 18814, 'rank': 25, 'fitness': 0.6577421731915023, 'generation': 243}","{'id': 18804, 'rank': 26, 'fitness': 0.559280532404043, 'generation': 243}","{'id': 18815, 'rank': 27, 'fitness': 0.38171439563202675, 'generation': 243}","{'id': 18715, 'rank': 28, 'fitness': 0.18288407031570153, 'generation': 243}","{'id': 18713, 'rank': 29, 'fitness': 0.12002689638563635, 'generation': 243}","{'id': 18880, 'rank': 30, 'fitness': 0.01798620996209155, 'generation': 243}"
"{'id': 18876, 'rank': 1, 'fitness': 0.9820137900379085, 'generation': 244}","{'id': 18929, 'rank': 2, 'fitness': 0.9811993308561051, 'generation': 244}","{'id': 18969, 'rank': 3, 'fitness': 0.9805862569845556, 'generation': 244}","{'id': 18969, 'rank': 4, 'fitness': 0.9805862569845556, 'generation': 244}","{'id': 18742, 'rank': 5, 'fitness': 0.9802432447852645, 'generation': 244}","{'id': 18673, 'rank': 6, 'fitness': 0.9791673635067153, 'generation': 244}","{'id': 18861, 'rank': 7, 'fitness': 0.9743397943728762, 'generation': 244}","{'id': 18967, 'rank': 8, 'fitness': 0.9725679039377455, 'generation': 244}","{'id': 18938, 'rank': 9, 'fitness': 0.9724545438322558, 'generation': 244}","{'id': 18631, 'rank': 10, 'fitness': 0.9696011450417723, 'generation': 244}","{'id': 18961, 'rank': 11, 'fitness': 0.9686509882579942, 'generation': 244}","{'id': 18963, 'rank': 12, 'fitness': 0.9673787779357715, 'generation': 244}","{'id': 18963, 'rank': 13, 'fitness': 0.9673787779357715, 'generation': 244}","{'id': 18822, 'rank': 14, 'fitness': 0.9662055488362604, 'generation': 244}","{'id': 18960, 'rank': 15, 'fitness': 0.9642726823382171, 'generation': 244}","{'id': 18857, 'rank': 16, 'fitness': 0.9569011167253811, 'generation': 244}","{'id': 18857, 'rank': 17, 'fitness': 0.9569011167253811, 'generation': 244}","{'id': 18951, 'rank': 18, 'fitness': 0.9550524191581635, 'generation': 244}","{'id': 18946, 'rank': 19, 'fitness': 0.9487399425521981, 'generation': 244}","{'id': 18927, 'rank': 20, 'fitness': 0.9445243103016391, 'generation': 244}","{'id': 18927, 'rank': 21, 'fitness': 0.9445243103016391, 'generation': 244}","{'id': 18885, 'rank': 22, 'fitness': 0.9203309013269073, 'generation': 244}","{'id': 18906, 'rank': 23, 'fitness': 0.9139938382338697, 'generation': 244}","{'id': 18896, 'rank': 24, 'fitness': 0.9109526434275245, 'generation': 244}","{'id': 18905, 'rank': 25, 'fitness': 0.8571883504225193, 'generation': 244}","{'id': 18905, 'rank': 26, 'fitness': 0.8571883504225193, 'generation': 244}","{'id': 18897, 'rank': 27, 'fitness': 0.6992570241193162, 'generation': 244}","{'id': 18955, 'rank': 28, 'fitness': 0.24150000610136751, 'generation': 244}","{'id': 18900, 'rank': 29, 'fitness': 0.1499386348571919, 'generation': 244}","{'id': 18953, 'rank': 30, 'fitness': 0.01798620996209155, 'generation': 244}"
"{'id': 19035, 'rank': 1, 'fitness': 0.9820137900379085, 'generation': 245}","{'id': 18929, 'rank': 2, 'fitness': 0.9777691901582894, 'generation': 245}","{'id': 18969, 'rank': 3, 'fitness': 0.9756831944435418, 'generation': 245}","{'id': 19032, 'rank': 4, 'fitness': 0.9740986911307736, 'generation': 245}","{'id': 19032, 'rank': 5, 'fitness': 0.9740986911307736, 'generation': 245}","{'id': 19032, 'rank': 6, 'fitness': 0.9740986911307736, 'generation': 245}","{'id': 19011, 'rank': 7, 'fitness': 0.9663080790093534, 'generation': 245}","{'id': 19034, 'rank': 8, 'fitness': 0.9655097109089938, 'generation': 245}","{'id': 18973, 'rank': 9, 'fitness': 0.9599967973151537, 'generation': 245}","{'id': 19028, 'rank': 10, 'fitness': 0.9571908888377478, 'generation': 245}","{'id': 19012, 'rank': 11, 'fitness': 0.9555798756430424, 'generation': 245}","{'id': 19012, 'rank': 12, 'fitness': 0.9555798756430424, 'generation': 245}","{'id': 19019, 'rank': 13, 'fitness': 0.928124980035224, 'generation': 245}","{'id': 18631, 'rank': 14, 'fitness': 0.916954430759793, 'generation': 245}","{'id': 18991, 'rank': 15, 'fitness': 0.9140179218769112, 'generation': 245}","{'id': 18961, 'rank': 16, 'fitness': 0.9099091510666761, 'generation': 245}","{'id': 18961, 'rank': 17, 'fitness': 0.9099091510666761, 'generation': 245}","{'id': 19015, 'rank': 18, 'fitness': 0.9031240286515414, 'generation': 245}","{'id': 18963, 'rank': 19, 'fitness': 0.8999957982216296, 'generation': 245}","{'id': 19030, 'rank': 20, 'fitness': 0.8939680616947495, 'generation': 245}","{'id': 18822, 'rank': 21, 'fitness': 0.8903766244852644, 'generation': 245}","{'id': 19049, 'rank': 22, 'fitness': 0.86348224924134, 'generation': 245}","{'id': 18857, 'rank': 23, 'fitness': 0.7997598037008532, 'generation': 245}","{'id': 18974, 'rank': 24, 'fitness': 0.7834373519315381, 'generation': 245}","{'id': 18927, 'rank': 25, 'fitness': 0.6546757844190303, 'generation': 245}","{'id': 19043, 'rank': 26, 'fitness': 0.48304906559341176, 'generation': 245}","{'id': 18885, 'rank': 27, 'fitness': 0.3895753472835388, 'generation': 245}","{'id': 18896, 'rank': 28, 'fitness': 0.3121221020630156, 'generation': 245}","{'id': 18978, 'rank': 29, 'fitness': 0.1398530839962014, 'generation': 245}","{'id': 18999, 'rank': 30, 'fitness': 0.01798620996209155, 'generation': 245}"
"{'id': 19057, 'rank': 1, 'fitness': 0.9820137900379085, 'generation': 246}","{'id': 18969, 'rank': 2, 'fitness': 0.9820076303014016, 'generation': 246}","{'id': 19032, 'rank': 3, 'fitness': 0.9819948282190281, 'generation': 246}","{'id': 19032, 'rank': 4, 'fitness': 0.9819948282190281, 'generation': 246}","{'id': 19093, 'rank': 5, 'fitness': 0.981955782766413, 'generation': 246}","{'id': 19011, 'rank': 6, 'fitness': 0.9819411522250969, 'generation': 246}","{'id': 19034, 'rank': 7, 'fitness': 0.9819363421057123, 'generation': 246}","{'id': 19055, 'rank': 8, 'fitness': 0.9819249472576153, 'generation': 246}","{'id': 18973, 'rank': 9, 'fitness': 0.981905759732032, 'generation': 246}","{'id': 19054, 'rank': 10, 'fitness': 0.9818934159589936, 'generation': 246}","{'id': 19028, 'rank': 11, 'fitness': 0.9818916996594341, 'generation': 246}","{'id': 19101, 'rank': 12, 'fitness': 0.9818394423062118, 'generation': 246}","{'id': 19019, 'rank': 13, 'fitness': 0.9817821807290941, 'generation': 246}","{'id': 18631, 'rank': 14, 'fitness': 0.9817508288763743, 'generation': 246}","{'id': 18631, 'rank': 15, 'fitness': 0.9817508288763743, 'generation': 246}","{'id': 18991, 'rank': 16, 'fitness': 0.9817432202973952, 'generation': 246}","{'id': 18961, 'rank': 17, 'fitness': 0.981732955173581, 'generation': 246}","{'id': 18961, 'rank': 18, 'fitness': 0.981732955173581, 'generation': 246}","{'id': 19015, 'rank': 19, 'fitness': 0.9817168802795367, 'generation': 246}","{'id': 19015, 'rank': 20, 'fitness': 0.9817168802795367, 'generation': 246}","{'id': 19128, 'rank': 21, 'fitness': 0.9817072347235486, 'generation': 246}","{'id': 19128, 'rank': 22, 'fitness': 0.9817072347235486, 'generation': 246}","{'id': 19065, 'rank': 23, 'fitness': 0.9817028696950857, 'generation': 246}","{'id': 19095, 'rank': 24, 'fitness': 0.9814479631144107, 'generation': 246}","{'id': 19092, 'rank': 25, 'fitness': 0.9814178562697158, 'generation': 246}","{'id': 19083, 'rank': 26, 'fitness': 0.9811987799820729, 'generation': 246}","{'id': 19085, 'rank': 27, 'fitness': 0.9800649200620957, 'generation': 246}","{'id': 19123, 'rank': 28, 'fitness': 0.978385790172217, 'generation': 246}","{'id': 19115, 'rank': 29, 'fitness': 0.9586784512744624, 'generation': 246}","{'id': 19132, 'rank': 30, 'fitness': 0.01798620996209155, 'generation': 246}"
"{'id': 19032, 'rank': 1, 'fitness': 0.9820137900379085, 'generation': 247}","{'id': 19189, 'rank': 2, 'fitness': 0.9807203663620967, 'generation': 247}","{'id': 19093, 'rank': 3, 'fitness': 0.980409973153699, 'generation': 247}","{'id': 19093, 'rank': 4, 'fitness': 0.980409973153699, 'generation': 247}","{'id': 19093, 'rank': 5, 'fitness': 0.980409973153699, 'generation': 247}","{'id': 19011, 'rank': 6, 'fitness': 0.9797745308696146, 'generation': 247}","{'id': 19034, 'rank': 7, 'fitness': 0.97956135135676, 'generation': 247}","{'id': 19055, 'rank': 8, 'fitness': 0.9790477556953334, 'generation': 247}","{'id': 19164, 'rank': 9, 'fitness': 0.977896575697859, 'generation': 247}","{'id': 19028, 'rank': 10, 'fitness': 0.9774779364735753, 'generation': 247}","{'id': 19028, 'rank': 11, 'fitness': 0.9774779364735753, 'generation': 247}","{'id': 19196, 'rank': 12, 'fitness': 0.9767331224341157, 'generation': 247}","{'id': 19193, 'rank': 13, 'fitness': 0.9763316228357842, 'generation': 247}","{'id': 19141, 'rank': 14, 'fitness': 0.9750551555014457, 'generation': 247}","{'id': 19206, 'rank': 15, 'fitness': 0.9745974714657016, 'generation': 247}","{'id': 19169, 'rank': 16, 'fitness': 0.9743877679743904, 'generation': 247}","{'id': 19169, 'rank': 17, 'fitness': 0.9743877679743904, 'generation': 247}","{'id': 19151, 'rank': 18, 'fitness': 0.9725408831874419, 'generation': 247}","{'id': 19138, 'rank': 19, 'fitness': 0.972401062732162, 'generation': 247}","{'id': 19175, 'rank': 20, 'fitness': 0.9714748360368132, 'generation': 247}","{'id': 19162, 'rank': 21, 'fitness': 0.9714067363490629, 'generation': 247}","{'id': 19150, 'rank': 22, 'fitness': 0.9709833370269015, 'generation': 247}","{'id': 19150, 'rank': 23, 'fitness': 0.9709833370269015, 'generation': 247}","{'id': 19150, 'rank': 24, 'fitness': 0.9709833370269015, 'generation': 247}","{'id': 19183, 'rank': 25, 'fitness': 0.968077405987929, 'generation': 247}","{'id': 19198, 'rank': 26, 'fitness': 0.9643278030868281, 'generation': 247}","{'id': 19167, 'rank': 27, 'fitness': 0.9575552588060294, 'generation': 247}","{'id': 19167, 'rank': 28, 'fitness': 0.9575552588060294, 'generation': 247}","{'id': 19172, 'rank': 29, 'fitness': 0.9449633960526478, 'generation': 247}","{'id': 19155, 'rank': 30, 'fitness': 0.01798620996209155, 'generation': 247}"
"{'id': 19287, 'rank': 1, 'fitness': 0.9820137900379085, 'generation': 248}","{'id': 19294, 'rank': 2, 'fitness': 0.9567592527495878, 'generation': 248}","{'id': 19032, 'rank': 3, 'fitness': 0.9563811254070615, 'generation': 248}","{'id': 19248, 'rank': 4, 'fitness': 0.9402487581235213, 'generation': 248}","{'id': 19093, 'rank': 5, 'fitness': 0.9385183830299781, 'generation': 248}","{'id': 19011, 'rank': 6, 'fitness': 0.9302204492691355, 'generation': 248}","{'id': 19297, 'rank': 7, 'fitness': 0.922313598640454, 'generation': 248}","{'id': 19251, 'rank': 8, 'fitness': 0.9143696340658279, 'generation': 248}","{'id': 19164, 'rank': 9, 'fitness': 0.9013894607885571, 'generation': 248}","{'id': 19028, 'rank': 10, 'fitness': 0.894062826773607, 'generation': 248}","{'id': 19028, 'rank': 11, 'fitness': 0.894062826773607, 'generation': 248}","{'id': 19283, 'rank': 12, 'fitness': 0.8858491036623255, 'generation': 248}","{'id': 19282, 'rank': 13, 'fitness': 0.870174232786342, 'generation': 248}","{'id': 19141, 'rank': 14, 'fitness': 0.8452212020606542, 'generation': 248}","{'id': 19169, 'rank': 15, 'fitness': 0.8299008536909762, 'generation': 248}","{'id': 19249, 'rank': 16, 'fitness': 0.8245098690318298, 'generation': 248}","{'id': 19296, 'rank': 17, 'fitness': 0.7989592781761405, 'generation': 248}","{'id': 19257, 'rank': 18, 'fitness': 0.7773375255604217, 'generation': 248}","{'id': 19162, 'rank': 19, 'fitness': 0.7529093933596243, 'generation': 248}","{'id': 19150, 'rank': 20, 'fitness': 0.7410114598034998, 'generation': 248}","{'id': 19150, 'rank': 21, 'fitness': 0.7410114598034998, 'generation': 248}","{'id': 19286, 'rank': 22, 'fitness': 0.7282812006134286, 'generation': 248}","{'id': 19269, 'rank': 23, 'fitness': 0.4326816822727874, 'generation': 248}","{'id': 19215, 'rank': 24, 'fitness': 0.39938406831591616, 'generation': 248}","{'id': 19273, 'rank': 25, 'fitness': 0.31715297958551153, 'generation': 248}","{'id': 19278, 'rank': 26, 'fitness': 0.1856629951771956, 'generation': 248}","{'id': 19221, 'rank': 27, 'fitness': 0.15420535500124732, 'generation': 248}","{'id': 19172, 'rank': 28, 'fitness': 0.1512911656345725, 'generation': 248}","{'id': 19222, 'rank': 29, 'fitness': 0.027916855608441316, 'generation': 248}","{'id': 19260, 'rank': 30, 'fitness': 0.01798620996209155, 'generation': 248}"
"{'id': 19287, 'rank': 1, 'fitness': 0.9820137900379085, 'generation': 249}","{'id': 19287, 'rank': 2, 'fitness': 0.9820137900379085, 'generation': 249}","{'id': 19032, 'rank': 3, 'fitness': 0.9812452392585378, 'generation': 249}","{'id': 19032, 'rank': 4, 'fitness': 0.9812452392585378, 'generation': 249}","{'id': 19093, 'rank': 5, 'fitness': 0.9809313523517011, 'generation': 249}","{'id': 19297, 'rank': 6, 'fitness': 0.9807104395180599, 'generation': 249}","{'id': 19251, 'rank': 7, 'fitness': 0.9806165195877369, 'generation': 249}","{'id': 19169, 'rank': 8, 'fitness': 0.9799085532510278, 'generation': 249}","{'id': 19296, 'rank': 9, 'fitness': 0.9797190043961321, 'generation': 249}","{'id': 19150, 'rank': 10, 'fitness': 0.9794117250208998, 'generation': 249}","{'id': 19150, 'rank': 11, 'fitness': 0.9794117250208998, 'generation': 249}","{'id': 19269, 'rank': 12, 'fitness': 0.9781285306730261, 'generation': 249}","{'id': 19215, 'rank': 13, 'fitness': 0.9779910634712281, 'generation': 249}","{'id': 19273, 'rank': 14, 'fitness': 0.9776272745859848, 'generation': 249}","{'id': 19375, 'rank': 15, 'fitness': 0.9770291398089395, 'generation': 249}","{'id': 19375, 'rank': 16, 'fitness': 0.9770291398089395, 'generation': 249}","{'id': 19346, 'rank': 17, 'fitness': 0.9769406731082004, 'generation': 249}","{'id': 19221, 'rank': 18, 'fitness': 0.9766514916427554, 'generation': 249}","{'id': 19172, 'rank': 19, 'fitness': 0.9766274884100371, 'generation': 249}","{'id': 19260, 'rank': 20, 'fitness': 0.974073756828149, 'generation': 249}","{'id': 19371, 'rank': 21, 'fitness': 0.9720728152262695, 'generation': 249}","{'id': 19366, 'rank': 22, 'fitness': 0.9720093146256708, 'generation': 249}","{'id': 19370, 'rank': 23, 'fitness': 0.9713500839134361, 'generation': 249}","{'id': 19370, 'rank': 24, 'fitness': 0.9713500839134361, 'generation': 249}","{'id': 19302, 'rank': 25, 'fitness': 0.9642378166937369, 'generation': 249}","{'id': 19335, 'rank': 26, 'fitness': 0.895508537196473, 'generation': 249}","{'id': 19332, 'rank': 27, 'fitness': 0.43110203050503076, 'generation': 249}","{'id': 19357, 'rank': 28, 'fitness': 0.129220850944128, 'generation': 249}","{'id': 19321, 'rank': 29, 'fitness': 0.03156328762685179, 'generation': 249}","{'id': 19353, 'rank': 30, 'fitness': 0.01798620996209155, 'generation': 249}"
"{'id': 19287, 'rank': 1, 'fitness': 0.9820137900379085, 'generation': 250}","{'id': 19287, 'rank': 2, 'fitness': 0.9820137900379085, 'generation': 250}","{'id': 19440, 'rank': 3, 'fitness': 0.9714416620415184, 'generation': 250}","{'id': 19440, 'rank': 4, 'fitness': 0.9714416620415184, 'generation': 250}","{'id': 19032, 'rank': 5, 'fitness': 0.9630908644120995, 'generation': 250}","{'id': 19413, 'rank': 6, 'fitness': 0.9595880790059426, 'generation': 250}","{'id': 19410, 'rank': 7, 'fitness': 0.9525217942581815, 'generation': 250}","{'id': 19297, 'rank': 8, 'fitness': 0.9407683708801621, 'generation': 250}","{'id': 19297, 'rank': 9, 'fitness': 0.9407683708801621, 'generation': 250}","{'id': 19251, 'rank': 10, 'fitness': 0.9358032070878273, 'generation': 250}","{'id': 19412, 'rank': 11, 'fitness': 0.9286904498773607, 'generation': 250}","{'id': 19412, 'rank': 12, 'fitness': 0.9286904498773607, 'generation': 250}","{'id': 19402, 'rank': 13, 'fitness': 0.9204597667285046, 'generation': 250}","{'id': 19408, 'rank': 14, 'fitness': 0.883065713777528, 'generation': 250}","{'id': 19150, 'rank': 15, 'fitness': 0.8339233414173699, 'generation': 250}","{'id': 19150, 'rank': 16, 'fitness': 0.8339233414173699, 'generation': 250}","{'id': 19395, 'rank': 17, 'fitness': 0.7160701686113737, 'generation': 250}","{'id': 19456, 'rank': 18, 'fitness': 0.6244496248714357, 'generation': 250}","{'id': 19422, 'rank': 19, 'fitness': 0.5290345968604374, 'generation': 250}","{'id': 19439, 'rank': 20, 'fitness': 0.4593739825396354, 'generation': 250}","{'id': 19394, 'rank': 21, 'fitness': 0.4213000868931018, 'generation': 250}","{'id': 19375, 'rank': 22, 'fitness': 0.4194023684843603, 'generation': 250}","{'id': 19221, 'rank': 23, 'fitness': 0.3510628036182982, 'generation': 250}","{'id': 19455, 'rank': 24, 'fitness': 0.3477245062062442, 'generation': 250}","{'id': 19416, 'rank': 25, 'fitness': 0.2521278759020009, 'generation': 250}","{'id': 19383, 'rank': 26, 'fitness': 0.1579383305212826, 'generation': 250}","{'id': 19445, 'rank': 27, 'fitness': 0.06220561312845807, 'generation': 250}","{'id': 19431, 'rank': 28, 'fitness': 0.05449207145394125, 'generation': 250}","{'id': 19431, 'rank': 29, 'fitness': 0.05449207145394125, 'generation': 250}","{'id': 19454, 'rank': 30, 'fitness': 0.01798620996209155, 'generation': 250}"
"{'id': 19513, 'rank': 1, 'fitness': 0.9820137900379085, 'generation': 251}","{'id': 19478, 'rank': 2, 'fitness': 0.9820081736161279, 'generation': 251}","{'id': 19440, 'rank': 3, 'fitness': 0.9819778101765518, 'generation': 251}","{'id': 19481, 'rank': 4, 'fitness': 0.981958726244641, 'generation': 251}","{'id': 19479, 'rank': 5, 'fitness': 0.9819261231651901, 'generation': 251}","{'id': 19251, 'rank': 6, 'fitness': 0.9818654536332766, 'generation': 251}","{'id': 19412, 'rank': 7, 'fitness': 0.9818504578191196, 'generation': 251}","{'id': 19408, 'rank': 8, 'fitness': 0.9817777784431023, 'generation': 251}","{'id': 19408, 'rank': 9, 'fitness': 0.9817777784431023, 'generation': 251}","{'id': 19530, 'rank': 10, 'fitness': 0.9816578953964252, 'generation': 251}","{'id': 19510, 'rank': 11, 'fitness': 0.9816182777704425, 'generation': 251}","{'id': 19485, 'rank': 12, 'fitness': 0.9815961075882669, 'generation': 251}","{'id': 19456, 'rank': 13, 'fitness': 0.9815744517190497, 'generation': 251}","{'id': 19456, 'rank': 14, 'fitness': 0.9815744517190497, 'generation': 251}","{'id': 19456, 'rank': 15, 'fitness': 0.9815744517190497, 'generation': 251}","{'id': 19487, 'rank': 16, 'fitness': 0.9815030975186231, 'generation': 251}","{'id': 19439, 'rank': 17, 'fitness': 0.9814835396874158, 'generation': 251}","{'id': 19394, 'rank': 18, 'fitness': 0.9814625450377452, 'generation': 251}","{'id': 19221, 'rank': 19, 'fitness': 0.9814221498005715, 'generation': 251}","{'id': 19499, 'rank': 20, 'fitness': 0.9813889251476563, 'generation': 251}","{'id': 19416, 'rank': 21, 'fitness': 0.9813576337980442, 'generation': 251}","{'id': 19509, 'rank': 22, 'fitness': 0.9812602353100298, 'generation': 251}","{'id': 19529, 'rank': 23, 'fitness': 0.9812055600845835, 'generation': 251}","{'id': 19500, 'rank': 24, 'fitness': 0.9811507196888816, 'generation': 251}","{'id': 19445, 'rank': 25, 'fitness': 0.9811341640221583, 'generation': 251}","{'id': 19431, 'rank': 26, 'fitness': 0.9811147176940322, 'generation': 251}","{'id': 19525, 'rank': 27, 'fitness': 0.9808004610239871, 'generation': 251}","{'id': 19528, 'rank': 28, 'fitness': 0.9804300824927004, 'generation': 251}","{'id': 19520, 'rank': 29, 'fitness': 0.9774981721945821, 'generation': 251}","{'id': 19532, 'rank': 30, 'fitness': 0.01798620996209155, 'generation': 251}"
"{'id': 19513, 'rank': 1, 'fitness': 0.9820137900379085, 'generation': 252}","{'id': 19557, 'rank': 2, 'fitness': 0.9717600276101448, 'generation': 252}","{'id': 19559, 'rank': 3, 'fitness': 0.9688955458818829, 'generation': 252}","{'id': 19556, 'rank': 4, 'fitness': 0.9512595862552145, 'generation': 252}","{'id': 19556, 'rank': 5, 'fitness': 0.9512595862552145, 'generation': 252}","{'id': 19599, 'rank': 6, 'fitness': 0.937384967059722, 'generation': 252}","{'id': 19574, 'rank': 7, 'fitness': 0.9363804588368732, 'generation': 252}","{'id': 19251, 'rank': 8, 'fitness': 0.9114382106437453, 'generation': 252}","{'id': 19580, 'rank': 9, 'fitness': 0.8778603983604314, 'generation': 252}","{'id': 19580, 'rank': 10, 'fitness': 0.8778603983604314, 'generation': 252}","{'id': 19408, 'rank': 11, 'fitness': 0.7943468903955812, 'generation': 252}","{'id': 19548, 'rank': 12, 'fitness': 0.7493752268430506, 'generation': 252}","{'id': 19597, 'rank': 13, 'fitness': 0.5069377480391319, 'generation': 252}","{'id': 19585, 'rank': 14, 'fitness': 0.468938583910291, 'generation': 252}","{'id': 19573, 'rank': 15, 'fitness': 0.421862706895231, 'generation': 252}","{'id': 19573, 'rank': 16, 'fitness': 0.421862706895231, 'generation': 252}","{'id': 19510, 'rank': 17, 'fitness': 0.39659116313358556, 'generation': 252}","{'id': 19485, 'rank': 18, 'fitness': 0.3396932527523677, 'generation': 252}","{'id': 19540, 'rank': 19, 'fitness': 0.21244932422520663, 'generation': 252}","{'id': 19545, 'rank': 20, 'fitness': 0.20757697280871923, 'generation': 252}","{'id': 19593, 'rank': 21, 'fitness': 0.19980321405851403, 'generation': 252}","{'id': 19568, 'rank': 22, 'fitness': 0.19191836076340751, 'generation': 252}","{'id': 19591, 'rank': 23, 'fitness': 0.15411667125398654, 'generation': 252}","{'id': 19594, 'rank': 24, 'fitness': 0.13981503681062735, 'generation': 252}","{'id': 19536, 'rank': 25, 'fitness': 0.09532834263921158, 'generation': 252}","{'id': 19582, 'rank': 26, 'fitness': 0.08893291988524915, 'generation': 252}","{'id': 19499, 'rank': 27, 'fitness': 0.05020860257071974, 'generation': 252}","{'id': 19539, 'rank': 28, 'fitness': 0.02609302790519663, 'generation': 252}","{'id': 19565, 'rank': 29, 'fitness': 0.02479051138366195, 'generation': 252}","{'id': 19592, 'rank': 30, 'fitness': 0.01798620996209155, 'generation': 252}"
"{'id': 19513, 'rank': 1, 'fitness': 0.9820137900379085, 'generation': 253}","{'id': 19513, 'rank': 2, 'fitness': 0.9820137900379085, 'generation': 253}","{'id': 19557, 'rank': 3, 'fitness': 0.9806660547947268, 'generation': 253}","{'id': 19556, 'rank': 4, 'fitness': 0.9788744021340121, 'generation': 253}","{'id': 19556, 'rank': 5, 'fitness': 0.9788744021340121, 'generation': 253}","{'id': 19556, 'rank': 6, 'fitness': 0.9788744021340121, 'generation': 253}","{'id': 19556, 'rank': 7, 'fitness': 0.9788744021340121, 'generation': 253}","{'id': 19599, 'rank': 8, 'fitness': 0.9779817601723997, 'generation': 253}","{'id': 19599, 'rank': 9, 'fitness': 0.9779817601723997, 'generation': 253}","{'id': 19251, 'rank': 10, 'fitness': 0.9766571370413548, 'generation': 253}","{'id': 19251, 'rank': 11, 'fitness': 0.9766571370413548, 'generation': 253}","{'id': 19641, 'rank': 12, 'fitness': 0.9745900764460114, 'generation': 253}","{'id': 19645, 'rank': 13, 'fitness': 0.9732541860768891, 'generation': 253}","{'id': 19408, 'rank': 14, 'fitness': 0.9728151527568889, 'generation': 253}","{'id': 19640, 'rank': 15, 'fitness': 0.9686787949647626, 'generation': 253}","{'id': 19597, 'rank': 16, 'fitness': 0.9666385156498891, 'generation': 253}","{'id': 19639, 'rank': 17, 'fitness': 0.9655231131870978, 'generation': 253}","{'id': 19573, 'rank': 18, 'fitness': 0.96482910681746, 'generation': 253}","{'id': 19573, 'rank': 19, 'fitness': 0.96482910681746, 'generation': 253}","{'id': 19485, 'rank': 20, 'fitness': 0.9628874647752265, 'generation': 253}","{'id': 19545, 'rank': 21, 'fitness': 0.9588428477976441, 'generation': 253}","{'id': 19545, 'rank': 22, 'fitness': 0.9588428477976441, 'generation': 253}","{'id': 19591, 'rank': 23, 'fitness': 0.9564957662586782, 'generation': 253}","{'id': 19591, 'rank': 24, 'fitness': 0.9564957662586782, 'generation': 253}","{'id': 19592, 'rank': 25, 'fitness': 0.9384275934087423, 'generation': 253}","{'id': 19630, 'rank': 26, 'fitness': 0.9108802402736356, 'generation': 253}","{'id': 19622, 'rank': 27, 'fitness': 0.8931673568054026, 'generation': 253}","{'id': 19623, 'rank': 28, 'fitness': 0.8664546164795446, 'generation': 253}","{'id': 19625, 'rank': 29, 'fitness': 0.06712197800681752, 'generation': 253}","{'id': 19670, 'rank': 30, 'fitness': 0.01798620996209155, 'generation': 253}"
"{'id': 19691, 'rank': 1, 'fitness': 0.9820137900379085, 'generation': 254}","{'id': 19513, 'rank': 2, 'fitness': 0.9529453636109376, 'generation': 254}","{'id': 19557, 'rank': 3, 'fitness': 0.9179954685663053, 'generation': 254}","{'id': 19751, 'rank': 4, 'fitness': 0.857647198270423, 'generation': 254}","{'id': 19753, 'rank': 5, 'fitness': 0.852105486976734, 'generation': 254}","{'id': 19692, 'rank': 6, 'fitness': 0.8462066627593965, 'generation': 254}","{'id': 19692, 'rank': 7, 'fitness': 0.8462066627593965, 'generation': 254}","{'id': 19683, 'rank': 8, 'fitness': 0.8179629180546113, 'generation': 254}","{'id': 19683, 'rank': 9, 'fitness': 0.8179629180546113, 'generation': 254}","{'id': 19683, 'rank': 10, 'fitness': 0.8179629180546113, 'generation': 254}","{'id': 19752, 'rank': 11, 'fitness': 0.7960389784477923, 'generation': 254}","{'id': 19752, 'rank': 12, 'fitness': 0.7960389784477923, 'generation': 254}","{'id': 19694, 'rank': 13, 'fitness': 0.7464064576202691, 'generation': 254}","{'id': 19694, 'rank': 14, 'fitness': 0.7464064576202691, 'generation': 254}","{'id': 19251, 'rank': 15, 'fitness': 0.7037695943754907, 'generation': 254}","{'id': 19715, 'rank': 16, 'fitness': 0.6378954254232706, 'generation': 254}","{'id': 19702, 'rank': 17, 'fitness': 0.6084631803585497, 'generation': 254}","{'id': 19702, 'rank': 18, 'fitness': 0.6084631803585497, 'generation': 254}","{'id': 19701, 'rank': 19, 'fitness': 0.4900861827241488, 'generation': 254}","{'id': 19685, 'rank': 20, 'fitness': 0.4274887570681519, 'generation': 254}","{'id': 19685, 'rank': 21, 'fitness': 0.4274887570681519, 'generation': 254}","{'id': 19678, 'rank': 22, 'fitness': 0.3302173752807151, 'generation': 254}","{'id': 19700, 'rank': 23, 'fitness': 0.16339024874421, 'generation': 254}","{'id': 19597, 'rank': 24, 'fitness': 0.1097830018924193, 'generation': 254}","{'id': 19639, 'rank': 25, 'fitness': 0.08572055384704547, 'generation': 254}","{'id': 19688, 'rank': 26, 'fitness': 0.08458911013628034, 'generation': 254}","{'id': 19704, 'rank': 27, 'fitness': 0.08303706030909208, 'generation': 254}","{'id': 19677, 'rank': 28, 'fitness': 0.028464705629508424, 'generation': 254}","{'id': 19545, 'rank': 29, 'fitness': 0.020858356780647014, 'generation': 254}","{'id': 19722, 'rank': 30, 'fitness': 0.01798620996209155, 'generation': 254}"
"{'id': 19691, 'rank': 1, 'fitness': 0.9820137900379085, 'generation': 255}","{'id': 19692, 'rank': 2, 'fitness': 0.9816625230787963, 'generation': 255}","{'id': 19803, 'rank': 3, 'fitness': 0.9816511193715299, 'generation': 255}","{'id': 19683, 'rank': 4, 'fitness': 0.981631198217153, 'generation': 255}","{'id': 19683, 'rank': 5, 'fitness': 0.981631198217153, 'generation': 255}","{'id': 19683, 'rank': 6, 'fitness': 0.981631198217153, 'generation': 255}","{'id': 19752, 'rank': 7, 'fitness': 0.9816093783884398, 'generation': 255}","{'id': 19694, 'rank': 8, 'fitness': 0.9815655991823569, 'generation': 255}","{'id': 19772, 'rank': 9, 'fitness': 0.9810935053460659, 'generation': 255}","{'id': 19639, 'rank': 10, 'fitness': 0.9810225563685906, 'generation': 255}","{'id': 19639, 'rank': 11, 'fitness': 0.9810225563685906, 'generation': 255}","{'id': 19704, 'rank': 12, 'fitness': 0.9810170042201427, 'generation': 255}","{'id': 19704, 'rank': 13, 'fitness': 0.9810170042201427, 'generation': 255}","{'id': 19722, 'rank': 14, 'fitness': 0.980759820375684, 'generation': 255}","{'id': 19771, 'rank': 15, 'fitness': 0.9801589635831404, 'generation': 255}","{'id': 19789, 'rank': 16, 'fitness': 0.9744392886149245, 'generation': 255}","{'id': 19789, 'rank': 17, 'fitness': 0.9744392886149245, 'generation': 255}","{'id': 19757, 'rank': 18, 'fitness': 0.9570871085505771, 'generation': 255}","{'id': 19794, 'rank': 19, 'fitness': 0.9538717527903304, 'generation': 255}","{'id': 19756, 'rank': 20, 'fitness': 0.949452144395382, 'generation': 255}","{'id': 19761, 'rank': 21, 'fitness': 0.949275394580168, 'generation': 255}","{'id': 19769, 'rank': 22, 'fitness': 0.9368662823446279, 'generation': 255}","{'id': 19805, 'rank': 23, 'fitness': 0.9275042972721874, 'generation': 255}","{'id': 19805, 'rank': 24, 'fitness': 0.9275042972721874, 'generation': 255}","{'id': 19814, 'rank': 25, 'fitness': 0.9145531653977459, 'generation': 255}","{'id': 19806, 'rank': 26, 'fitness': 0.8756588856254257, 'generation': 255}","{'id': 19758, 'rank': 27, 'fitness': 0.726735543153375, 'generation': 255}","{'id': 19773, 'rank': 28, 'fitness': 0.2593216709049705, 'generation': 255}","{'id': 19774, 'rank': 29, 'fitness': 0.12349627013788406, 'generation': 255}","{'id': 19775, 'rank': 30, 'fitness': 0.01798620996209155, 'generation': 255}"
"{'id': 19878, 'rank': 1, 'fitness': 0.9820137900379085, 'generation': 256}","{'id': 19692, 'rank': 2, 'fitness': 0.9817258334078414, 'generation': 256}","{'id': 19852, 'rank': 3, 'fitness': 0.9816055704509401, 'generation': 256}","{'id': 19694, 'rank': 4, 'fitness': 0.9813427183405465, 'generation': 256}","{'id': 19869, 'rank': 5, 'fitness': 0.9801043231235829, 'generation': 256}","{'id': 19843, 'rank': 6, 'fitness': 0.9800835539178191, 'generation': 256}","{'id': 19879, 'rank': 7, 'fitness': 0.9796713091924663, 'generation': 256}","{'id': 19879, 'rank': 8, 'fitness': 0.9796713091924663, 'generation': 256}","{'id': 19772, 'rank': 9, 'fitness': 0.9793921357556901, 'generation': 256}","{'id': 19870, 'rank': 10, 'fitness': 0.9791800490222677, 'generation': 256}","{'id': 19639, 'rank': 11, 'fitness': 0.9790866326091339, 'generation': 256}","{'id': 19639, 'rank': 12, 'fitness': 0.9790866326091339, 'generation': 256}","{'id': 19846, 'rank': 13, 'fitness': 0.979023865923976, 'generation': 256}","{'id': 19856, 'rank': 14, 'fitness': 0.9789081858469728, 'generation': 256}","{'id': 19856, 'rank': 15, 'fitness': 0.9789081858469728, 'generation': 256}","{'id': 19842, 'rank': 16, 'fitness': 0.978878980338776, 'generation': 256}","{'id': 19887, 'rank': 17, 'fitness': 0.9781255606525203, 'generation': 256}","{'id': 19887, 'rank': 18, 'fitness': 0.9781255606525203, 'generation': 256}","{'id': 19825, 'rank': 19, 'fitness': 0.9775233602468285, 'generation': 256}","{'id': 19844, 'rank': 20, 'fitness': 0.977351448843788, 'generation': 256}","{'id': 19847, 'rank': 21, 'fitness': 0.9769042210916647, 'generation': 256}","{'id': 19875, 'rank': 22, 'fitness': 0.9317814180616926, 'generation': 256}","{'id': 19876, 'rank': 23, 'fitness': 0.910930616860349, 'generation': 256}","{'id': 19876, 'rank': 24, 'fitness': 0.910930616860349, 'generation': 256}","{'id': 19757, 'rank': 25, 'fitness': 0.6312186506749524, 'generation': 256}","{'id': 19899, 'rank': 26, 'fitness': 0.5263381582686444, 'generation': 256}","{'id': 19837, 'rank': 27, 'fitness': 0.3349915326287529, 'generation': 256}","{'id': 19769, 'rank': 28, 'fitness': 0.25611355917626144, 'generation': 256}","{'id': 19864, 'rank': 29, 'fitness': 0.027755535581952262, 'generation': 256}","{'id': 19806, 'rank': 30, 'fitness': 0.01798620996209155, 'generation': 256}"
"{'id': 19928, 'rank': 1, 'fitness': 0.9820137900379085, 'generation': 257}","{'id': 19878, 'rank': 2, 'fitness': 0.9800662954786494, 'generation': 257}","{'id': 19878, 'rank': 3, 'fitness': 0.9800662954786494, 'generation': 257}","{'id': 19965, 'rank': 4, 'fitness': 0.9798282619567811, 'generation': 257}","{'id': 19692, 'rank': 5, 'fitness': 0.979048943350768, 'generation': 257}","{'id': 19692, 'rank': 6, 'fitness': 0.979048943350768, 'generation': 257}","{'id': 19966, 'rank': 7, 'fitness': 0.978296273062585, 'generation': 257}","{'id': 19926, 'rank': 8, 'fitness': 0.977317132573608, 'generation': 257}","{'id': 19930, 'rank': 9, 'fitness': 0.9763988843244665, 'generation': 257}","{'id': 19938, 'rank': 10, 'fitness': 0.9751532252447053, 'generation': 257}","{'id': 19964, 'rank': 11, 'fitness': 0.9750180428212433, 'generation': 257}","{'id': 19929, 'rank': 12, 'fitness': 0.9739330776537849, 'generation': 257}","{'id': 19843, 'rank': 13, 'fitness': 0.9725830941110496, 'generation': 257}","{'id': 19904, 'rank': 14, 'fitness': 0.9720854041179384, 'generation': 257}","{'id': 19937, 'rank': 15, 'fitness': 0.9718503981625561, 'generation': 257}","{'id': 19933, 'rank': 16, 'fitness': 0.9709808323031559, 'generation': 257}","{'id': 19933, 'rank': 17, 'fitness': 0.9709808323031559, 'generation': 257}","{'id': 19879, 'rank': 18, 'fitness': 0.97077629218307, 'generation': 257}","{'id': 19932, 'rank': 19, 'fitness': 0.9702548039206114, 'generation': 257}","{'id': 19772, 'rank': 20, 'fitness': 0.9695094597375018, 'generation': 257}","{'id': 19870, 'rank': 21, 'fitness': 0.9685234293066368, 'generation': 257}","{'id': 19639, 'rank': 22, 'fitness': 0.9680826010363116, 'generation': 257}","{'id': 19958, 'rank': 23, 'fitness': 0.9665387919584263, 'generation': 257}","{'id': 19952, 'rank': 24, 'fitness': 0.9653052934791158, 'generation': 257}","{'id': 19922, 'rank': 25, 'fitness': 0.9647576318012933, 'generation': 257}","{'id': 19902, 'rank': 26, 'fitness': 0.9638055461183745, 'generation': 257}","{'id': 19887, 'rank': 27, 'fitness': 0.963312398358696, 'generation': 257}","{'id': 19936, 'rank': 28, 'fitness': 0.9595444850679002, 'generation': 257}","{'id': 19936, 'rank': 29, 'fitness': 0.9595444850679002, 'generation': 257}","{'id': 19989, 'rank': 30, 'fitness': 0.01798620996209155, 'generation': 257}"
"{'id': 20006, 'rank': 1, 'fitness': 0.9820137900379085, 'generation': 258}","{'id': 20006, 'rank': 2, 'fitness': 0.9820137900379085, 'generation': 258}","{'id': 19878, 'rank': 3, 'fitness': 0.9080303978706746, 'generation': 258}","{'id': 19692, 'rank': 4, 'fitness': 0.87167051331004, 'generation': 258}","{'id': 19692, 'rank': 5, 'fitness': 0.87167051331004, 'generation': 258}","{'id': 19692, 'rank': 6, 'fitness': 0.87167051331004, 'generation': 258}","{'id': 20001, 'rank': 7, 'fitness': 0.798897949741066, 'generation': 258}","{'id': 20077, 'rank': 8, 'fitness': 0.7333326322278877, 'generation': 258}","{'id': 20077, 'rank': 9, 'fitness': 0.7333326322278877, 'generation': 258}","{'id': 20009, 'rank': 10, 'fitness': 0.7273486530004887, 'generation': 258}","{'id': 20007, 'rank': 11, 'fitness': 0.7006283332039049, 'generation': 258}","{'id': 20015, 'rank': 12, 'fitness': 0.6653308834628682, 'generation': 258}","{'id': 19938, 'rank': 13, 'fitness': 0.6527794885279823, 'generation': 258}","{'id': 19938, 'rank': 14, 'fitness': 0.6527794885279823, 'generation': 258}","{'id': 20036, 'rank': 15, 'fitness': 0.43215213220439236, 'generation': 258}","{'id': 20036, 'rank': 16, 'fitness': 0.43215213220439236, 'generation': 258}","{'id': 20036, 'rank': 17, 'fitness': 0.43215213220439236, 'generation': 258}","{'id': 20052, 'rank': 18, 'fitness': 0.28798693123790037, 'generation': 258}","{'id': 20052, 'rank': 19, 'fitness': 0.28798693123790037, 'generation': 258}","{'id': 19639, 'rank': 20, 'fitness': 0.22004110841414481, 'generation': 258}","{'id': 20039, 'rank': 21, 'fitness': 0.200593774279964, 'generation': 258}","{'id': 19958, 'rank': 22, 'fitness': 0.16453950296388892, 'generation': 258}","{'id': 20046, 'rank': 23, 'fitness': 0.15774102342365243, 'generation': 258}","{'id': 19952, 'rank': 24, 'fitness': 0.1300326581854775, 'generation': 258}","{'id': 20019, 'rank': 25, 'fitness': 0.12857845990459232, 'generation': 258}","{'id': 20027, 'rank': 26, 'fitness': 0.1272414323537095, 'generation': 258}","{'id': 20047, 'rank': 27, 'fitness': 0.08862694218519357, 'generation': 258}","{'id': 19991, 'rank': 28, 'fitness': 0.05954184135006474, 'generation': 258}","{'id': 20071, 'rank': 29, 'fitness': 0.04902574664816711, 'generation': 258}","{'id': 20005, 'rank': 30, 'fitness': 0.01798620996209155, 'generation': 258}"
"{'id': 20110, 'rank': 1, 'fitness': 0.9820137900379085, 'generation': 259}","{'id': 20101, 'rank': 2, 'fitness': 0.9819979199864391, 'generation': 259}","{'id': 20101, 'rank': 3, 'fitness': 0.9819979199864391, 'generation': 259}","{'id': 19878, 'rank': 4, 'fitness': 0.9819144194140587, 'generation': 259}","{'id': 19692, 'rank': 5, 'fitness': 0.9818789670056494, 'generation': 259}","{'id': 19692, 'rank': 6, 'fitness': 0.9818789670056494, 'generation': 259}","{'id': 19692, 'rank': 7, 'fitness': 0.9818789670056494, 'generation': 259}","{'id': 19692, 'rank': 8, 'fitness': 0.9818789670056494, 'generation': 259}","{'id': 20077, 'rank': 9, 'fitness': 0.9817929744445574, 'generation': 259}","{'id': 19938, 'rank': 10, 'fitness': 0.9817566858647577, 'generation': 259}","{'id': 20036, 'rank': 11, 'fitness': 0.9816701102232888, 'generation': 259}","{'id': 20036, 'rank': 12, 'fitness': 0.9816701102232888, 'generation': 259}","{'id': 20036, 'rank': 13, 'fitness': 0.9816701102232888, 'generation': 259}","{'id': 20036, 'rank': 14, 'fitness': 0.9816701102232888, 'generation': 259}","{'id': 20052, 'rank': 15, 'fitness': 0.9816093583198793, 'generation': 259}","{'id': 20039, 'rank': 16, 'fitness': 0.9815633436846949, 'generation': 259}","{'id': 19958, 'rank': 17, 'fitness': 0.9815399517986948, 'generation': 259}","{'id': 20046, 'rank': 18, 'fitness': 0.9815350909794666, 'generation': 259}","{'id': 20019, 'rank': 19, 'fitness': 0.9815120308064759, 'generation': 259}","{'id': 20027, 'rank': 20, 'fitness': 0.9815108709183014, 'generation': 259}","{'id': 19991, 'rank': 21, 'fitness': 0.9814299785011248, 'generation': 259}","{'id': 20005, 'rank': 22, 'fitness': 0.981309050750093, 'generation': 259}","{'id': 20085, 'rank': 23, 'fitness': 0.9804983034418713, 'generation': 259}","{'id': 20086, 'rank': 24, 'fitness': 0.979499939935899, 'generation': 259}","{'id': 20128, 'rank': 25, 'fitness': 0.9778610173697416, 'generation': 259}","{'id': 20126, 'rank': 26, 'fitness': 0.9763213970392806, 'generation': 259}","{'id': 20083, 'rank': 27, 'fitness': 0.9591866974444143, 'generation': 259}","{'id': 20087, 'rank': 28, 'fitness': 0.9513169941252398, 'generation': 259}","{'id': 20107, 'rank': 29, 'fitness': 0.05909475355672916, 'generation': 259}","{'id': 20113, 'rank': 30, 'fitness': 0.01798620996209155, 'generation': 259}"
"{'id': 20176, 'rank': 1, 'fitness': 0.9820137900379085, 'generation': 260}","{'id': 20101, 'rank': 2, 'fitness': 0.9776903088976291, 'generation': 260}","{'id': 20178, 'rank': 3, 'fitness': 0.9715982108111272, 'generation': 260}","{'id': 19878, 'rank': 4, 'fitness': 0.9706761603945893, 'generation': 260}","{'id': 19692, 'rank': 5, 'fitness': 0.9671006218139022, 'generation': 260}","{'id': 19692, 'rank': 6, 'fitness': 0.9671006218139022, 'generation': 260}","{'id': 20077, 'rank': 7, 'fitness': 0.9566351310840799, 'generation': 260}","{'id': 20206, 'rank': 8, 'fitness': 0.9494317128016984, 'generation': 260}","{'id': 20188, 'rank': 9, 'fitness': 0.9477880222505208, 'generation': 260}","{'id': 20150, 'rank': 10, 'fitness': 0.9462116117983591, 'generation': 260}","{'id': 20180, 'rank': 11, 'fitness': 0.946035319152545, 'generation': 260}","{'id': 20166, 'rank': 12, 'fitness': 0.9439101664435998, 'generation': 260}","{'id': 20210, 'rank': 13, 'fitness': 0.9377363936087617, 'generation': 260}","{'id': 20036, 'rank': 14, 'fitness': 0.9361897719740568, 'generation': 260}","{'id': 20036, 'rank': 15, 'fitness': 0.9361897719740568, 'generation': 260}","{'id': 20133, 'rank': 16, 'fitness': 0.9355879018871027, 'generation': 260}","{'id': 20189, 'rank': 17, 'fitness': 0.9294790084107551, 'generation': 260}","{'id': 20046, 'rank': 18, 'fitness': 0.9038513160007623, 'generation': 260}","{'id': 20151, 'rank': 19, 'fitness': 0.9022736361441254, 'generation': 260}","{'id': 20215, 'rank': 20, 'fitness': 0.8780016112143532, 'generation': 260}","{'id': 19991, 'rank': 21, 'fitness': 0.8694876684129895, 'generation': 260}","{'id': 20159, 'rank': 22, 'fitness': 0.8451326912352541, 'generation': 260}","{'id': 20167, 'rank': 23, 'fitness': 0.8442904612988023, 'generation': 260}","{'id': 20213, 'rank': 24, 'fitness': 0.835401574355215, 'generation': 260}","{'id': 20213, 'rank': 25, 'fitness': 0.835401574355215, 'generation': 260}","{'id': 20149, 'rank': 26, 'fitness': 0.8230410534365568, 'generation': 260}","{'id': 20149, 'rank': 27, 'fitness': 0.8230410534365568, 'generation': 260}","{'id': 20164, 'rank': 28, 'fitness': 0.7992484171017735, 'generation': 260}","{'id': 20138, 'rank': 29, 'fitness': 0.10196300448136736, 'generation': 260}","{'id': 20193, 'rank': 30, 'fitness': 0.01798620996209155, 'generation': 260}"
"{'id': 20229, 'rank': 1, 'fitness': 0.9820137900379085, 'generation': 261}","{'id': 20176, 'rank': 2, 'fitness': 0.9803909401053604, 'generation': 261}","{'id': 20230, 'rank': 3, 'fitness': 0.9769704140998594, 'generation': 261}","{'id': 20230, 'rank': 4, 'fitness': 0.9769704140998594, 'generation': 261}","{'id': 20178, 'rank': 5, 'fitness': 0.9764022037874396, 'generation': 261}","{'id': 19878, 'rank': 6, 'fitness': 0.9760934248822809, 'generation': 261}","{'id': 19692, 'rank': 7, 'fitness': 0.9749457879340033, 'generation': 261}","{'id': 20262, 'rank': 8, 'fitness': 0.973841197796682, 'generation': 261}","{'id': 20077, 'rank': 9, 'fitness': 0.9719451332642777, 'generation': 261}","{'id': 20077, 'rank': 10, 'fitness': 0.9719451332642777, 'generation': 261}","{'id': 20077, 'rank': 11, 'fitness': 0.9719451332642777, 'generation': 261}","{'id': 20206, 'rank': 12, 'fitness': 0.9701096441487123, 'generation': 261}","{'id': 20150, 'rank': 13, 'fitness': 0.9693356376740966, 'generation': 261}","{'id': 20150, 'rank': 14, 'fitness': 0.9693356376740966, 'generation': 261}","{'id': 20180, 'rank': 15, 'fitness': 0.9692939987746587, 'generation': 261}","{'id': 20210, 'rank': 16, 'fitness': 0.9674107499531375, 'generation': 261}","{'id': 20036, 'rank': 17, 'fitness': 0.967074901009845, 'generation': 261}","{'id': 20036, 'rank': 18, 'fitness': 0.967074901009845, 'generation': 261}","{'id': 20257, 'rank': 19, 'fitness': 0.9664651416641812, 'generation': 261}","{'id': 20248, 'rank': 20, 'fitness': 0.9607751097215003, 'generation': 261}","{'id': 20283, 'rank': 21, 'fitness': 0.9499769345680427, 'generation': 261}","{'id': 20149, 'rank': 22, 'fitness': 0.9485841107680623, 'generation': 261}","{'id': 20164, 'rank': 23, 'fitness': 0.9454264183831824, 'generation': 261}","{'id': 20164, 'rank': 24, 'fitness': 0.9454264183831824, 'generation': 261}","{'id': 20219, 'rank': 25, 'fitness': 0.9167201208640845, 'generation': 261}","{'id': 20244, 'rank': 26, 'fitness': 0.9034693627592223, 'generation': 261}","{'id': 20259, 'rank': 27, 'fitness': 0.8500368726681137, 'generation': 261}","{'id': 20193, 'rank': 28, 'fitness': 0.6623362095885887, 'generation': 261}","{'id': 20234, 'rank': 29, 'fitness': 0.33442386979968786, 'generation': 261}","{'id': 20233, 'rank': 30, 'fitness': 0.01798620996209155, 'generation': 261}"
"{'id': 20294, 'rank': 1, 'fitness': 0.9820137900379085, 'generation': 262}","{'id': 20326, 'rank': 2, 'fitness': 0.9773083881588306, 'generation': 262}","{'id': 20356, 'rank': 3, 'fitness': 0.9734397048646635, 'generation': 262}","{'id': 20324, 'rank': 4, 'fitness': 0.9692859467679596, 'generation': 262}","{'id': 19878, 'rank': 5, 'fitness': 0.964763280795478, 'generation': 262}","{'id': 19692, 'rank': 6, 'fitness': 0.9593310813833904, 'generation': 262}","{'id': 20206, 'rank': 7, 'fitness': 0.9307422038217279, 'generation': 262}","{'id': 20150, 'rank': 8, 'fitness': 0.925284142827186, 'generation': 262}","{'id': 20150, 'rank': 9, 'fitness': 0.925284142827186, 'generation': 262}","{'id': 20180, 'rank': 10, 'fitness': 0.9249835228224672, 'generation': 262}","{'id': 20329, 'rank': 11, 'fitness': 0.9225668554900797, 'generation': 262}","{'id': 20295, 'rank': 12, 'fitness': 0.9184122801050963, 'generation': 262}","{'id': 20333, 'rank': 13, 'fitness': 0.917639236159645, 'generation': 262}","{'id': 20335, 'rank': 14, 'fitness': 0.9147282105385861, 'generation': 262}","{'id': 20302, 'rank': 15, 'fitness': 0.9136835987802352, 'generation': 262}","{'id': 20302, 'rank': 16, 'fitness': 0.9136835987802352, 'generation': 262}","{'id': 20341, 'rank': 17, 'fitness': 0.9097882902697795, 'generation': 262}","{'id': 20036, 'rank': 18, 'fitness': 0.9079303624415136, 'generation': 262}","{'id': 20257, 'rank': 19, 'fitness': 0.9028914932768037, 'generation': 262}","{'id': 20339, 'rank': 20, 'fitness': 0.8937271540699672, 'generation': 262}","{'id': 20299, 'rank': 21, 'fitness': 0.8301172398600092, 'generation': 262}","{'id': 20328, 'rank': 22, 'fitness': 0.7922196630144291, 'generation': 262}","{'id': 20321, 'rank': 23, 'fitness': 0.7868760806211186, 'generation': 262}","{'id': 20164, 'rank': 24, 'fitness': 0.657401155144037, 'generation': 262}","{'id': 20358, 'rank': 25, 'fitness': 0.47492542281611844, 'generation': 262}","{'id': 20323, 'rank': 26, 'fitness': 0.40579930686059573, 'generation': 262}","{'id': 20319, 'rank': 27, 'fitness': 0.3695112894275167, 'generation': 262}","{'id': 20318, 'rank': 28, 'fitness': 0.09668423294983441, 'generation': 262}","{'id': 20259, 'rank': 29, 'fitness': 0.05667605606198578, 'generation': 262}","{'id': 20312, 'rank': 30, 'fitness': 0.01798620996209155, 'generation': 262}"
"{'id': 20422, 'rank': 1, 'fitness': 0.9820137900379085, 'generation': 263}","{'id': 20324, 'rank': 2, 'fitness': 0.9819978659936234, 'generation': 263}","{'id': 19878, 'rank': 3, 'fitness': 0.9819404531261258, 'generation': 263}","{'id': 20404, 'rank': 4, 'fitness': 0.9818700642173928, 'generation': 263}","{'id': 20404, 'rank': 5, 'fitness': 0.9818700642173928, 'generation': 263}","{'id': 20404, 'rank': 6, 'fitness': 0.9818700642173928, 'generation': 263}","{'id': 20411, 'rank': 7, 'fitness': 0.98183908574764, 'generation': 263}","{'id': 20424, 'rank': 8, 'fitness': 0.9816761741829287, 'generation': 263}","{'id': 20295, 'rank': 9, 'fitness': 0.9815770985855208, 'generation': 263}","{'id': 20295, 'rank': 10, 'fitness': 0.9815770985855208, 'generation': 263}","{'id': 20302, 'rank': 11, 'fitness': 0.9815516923186733, 'generation': 263}","{'id': 20328, 'rank': 12, 'fitness': 0.9811248251877349, 'generation': 263}","{'id': 20402, 'rank': 13, 'fitness': 0.9811175126150182, 'generation': 263}","{'id': 20419, 'rank': 14, 'fitness': 0.9800391665993069, 'generation': 263}","{'id': 20419, 'rank': 15, 'fitness': 0.9800391665993069, 'generation': 263}","{'id': 20417, 'rank': 16, 'fitness': 0.97979424229576, 'generation': 263}","{'id': 20416, 'rank': 17, 'fitness': 0.9796428504796324, 'generation': 263}","{'id': 20318, 'rank': 18, 'fitness': 0.9795535566484943, 'generation': 263}","{'id': 20318, 'rank': 19, 'fitness': 0.9795535566484943, 'generation': 263}","{'id': 20259, 'rank': 20, 'fitness': 0.9792878719482474, 'generation': 263}","{'id': 20415, 'rank': 21, 'fitness': 0.9789635411809481, 'generation': 263}","{'id': 20374, 'rank': 22, 'fitness': 0.9787391306378218, 'generation': 263}","{'id': 20369, 'rank': 23, 'fitness': 0.9776777680100917, 'generation': 263}","{'id': 20414, 'rank': 24, 'fitness': 0.9757249683495424, 'generation': 263}","{'id': 20414, 'rank': 25, 'fitness': 0.9757249683495424, 'generation': 263}","{'id': 20392, 'rank': 26, 'fitness': 0.9743289831869434, 'generation': 263}","{'id': 20397, 'rank': 27, 'fitness': 0.9737414965797502, 'generation': 263}","{'id': 20397, 'rank': 28, 'fitness': 0.9737414965797502, 'generation': 263}","{'id': 20389, 'rank': 29, 'fitness': 0.9045645220622955, 'generation': 263}","{'id': 20432, 'rank': 30, 'fitness': 0.01798620996209155, 'generation': 263}"
"{'id': 20516, 'rank': 1, 'fitness': 0.9820137900379085, 'generation': 264}","{'id': 20404, 'rank': 2, 'fitness': 0.981940725568629, 'generation': 264}","{'id': 20404, 'rank': 3, 'fitness': 0.981940725568629, 'generation': 264}","{'id': 20404, 'rank': 4, 'fitness': 0.981940725568629, 'generation': 264}","{'id': 20442, 'rank': 5, 'fitness': 0.980850358013392, 'generation': 264}","{'id': 20442, 'rank': 6, 'fitness': 0.980850358013392, 'generation': 264}","{'id': 20442, 'rank': 7, 'fitness': 0.980850358013392, 'generation': 264}","{'id': 20486, 'rank': 8, 'fitness': 0.9793115077565706, 'generation': 264}","{'id': 20454, 'rank': 9, 'fitness': 0.9784109797366205, 'generation': 264}","{'id': 20473, 'rank': 10, 'fitness': 0.9773735410039254, 'generation': 264}","{'id': 20484, 'rank': 11, 'fitness': 0.9754576924070283, 'generation': 264}","{'id': 20513, 'rank': 12, 'fitness': 0.9736800757136774, 'generation': 264}","{'id': 20507, 'rank': 13, 'fitness': 0.9731890873018262, 'generation': 264}","{'id': 20507, 'rank': 14, 'fitness': 0.9731890873018262, 'generation': 264}","{'id': 20485, 'rank': 15, 'fitness': 0.9689376600845494, 'generation': 264}","{'id': 20469, 'rank': 16, 'fitness': 0.9662658055148277, 'generation': 264}","{'id': 20466, 'rank': 17, 'fitness': 0.917763536842978, 'generation': 264}","{'id': 20466, 'rank': 18, 'fitness': 0.917763536842978, 'generation': 264}","{'id': 20478, 'rank': 19, 'fitness': 0.8441484211572007, 'generation': 264}","{'id': 20419, 'rank': 20, 'fitness': 0.8262046681377264, 'generation': 264}","{'id': 20510, 'rank': 21, 'fitness': 0.7983503616127559, 'generation': 264}","{'id': 20450, 'rank': 22, 'fitness': 0.7541624896929229, 'generation': 264}","{'id': 20416, 'rank': 23, 'fitness': 0.7427680388837539, 'generation': 264}","{'id': 20318, 'rank': 24, 'fitness': 0.7209921189525998, 'generation': 264}","{'id': 20452, 'rank': 25, 'fitness': 0.7156177443870685, 'generation': 264}","{'id': 20462, 'rank': 26, 'fitness': 0.7127786220437975, 'generation': 264}","{'id': 20488, 'rank': 27, 'fitness': 0.312578045980858, 'generation': 264}","{'id': 20369, 'rank': 28, 'fitness': 0.21768288357316717, 'generation': 264}","{'id': 20477, 'rank': 29, 'fitness': 0.0712989698342143, 'generation': 264}","{'id': 20434, 'rank': 30, 'fitness': 0.01798620996209155, 'generation': 264}"
"{'id': 20575, 'rank': 1, 'fitness': 0.9820137900379085, 'generation': 265}","{'id': 20576, 'rank': 2, 'fitness': 0.981444640354552, 'generation': 265}","{'id': 20576, 'rank': 3, 'fitness': 0.981444640354552, 'generation': 265}","{'id': 20442, 'rank': 4, 'fitness': 0.9813253325646952, 'generation': 265}","{'id': 20442, 'rank': 5, 'fitness': 0.9813253325646952, 'generation': 265}","{'id': 20558, 'rank': 6, 'fitness': 0.9811840588955929, 'generation': 265}","{'id': 20486, 'rank': 7, 'fitness': 0.981157063541176, 'generation': 265}","{'id': 20486, 'rank': 8, 'fitness': 0.981157063541176, 'generation': 265}","{'id': 20580, 'rank': 9, 'fitness': 0.9810840166879882, 'generation': 265}","{'id': 20580, 'rank': 10, 'fitness': 0.9810840166879882, 'generation': 265}","{'id': 20581, 'rank': 11, 'fitness': 0.9809853186393794, 'generation': 265}","{'id': 20552, 'rank': 12, 'fitness': 0.9805034397123167, 'generation': 265}","{'id': 20553, 'rank': 13, 'fitness': 0.9804825546810005, 'generation': 265}","{'id': 20542, 'rank': 14, 'fitness': 0.9803499842827476, 'generation': 265}","{'id': 20534, 'rank': 15, 'fitness': 0.9803446993819596, 'generation': 265}","{'id': 20565, 'rank': 16, 'fitness': 0.9802591689952893, 'generation': 265}","{'id': 20565, 'rank': 17, 'fitness': 0.9802591689952893, 'generation': 265}","{'id': 20550, 'rank': 18, 'fitness': 0.9801978725528235, 'generation': 265}","{'id': 20568, 'rank': 19, 'fitness': 0.9787127107980218, 'generation': 265}","{'id': 20537, 'rank': 20, 'fitness': 0.9783222505969285, 'generation': 265}","{'id': 20571, 'rank': 21, 'fitness': 0.9779688525162834, 'generation': 265}","{'id': 20571, 'rank': 22, 'fitness': 0.9779688525162834, 'generation': 265}","{'id': 20478, 'rank': 23, 'fitness': 0.9759036381130991, 'generation': 265}","{'id': 20541, 'rank': 24, 'fitness': 0.9751230511116941, 'generation': 265}","{'id': 20450, 'rank': 25, 'fitness': 0.9743044345391965, 'generation': 265}","{'id': 20450, 'rank': 26, 'fitness': 0.9743044345391965, 'generation': 265}","{'id': 20525, 'rank': 27, 'fitness': 0.9516511490259136, 'generation': 265}","{'id': 20518, 'rank': 28, 'fitness': 0.8498975810142695, 'generation': 265}","{'id': 20528, 'rank': 29, 'fitness': 0.1606214801361281, 'generation': 265}","{'id': 20517, 'rank': 30, 'fitness': 0.01798620996209155, 'generation': 265}"
"{'id': 20575, 'rank': 1, 'fitness': 0.9820137900379085, 'generation': 266}","{'id': 20585, 'rank': 2, 'fitness': 0.949625032993856, 'generation': 266}","{'id': 20576, 'rank': 3, 'fitness': 0.9477022019206891, 'generation': 266}","{'id': 20605, 'rank': 4, 'fitness': 0.9473173149773733, 'generation': 266}","{'id': 20653, 'rank': 5, 'fitness': 0.9388209033152306, 'generation': 266}","{'id': 20442, 'rank': 6, 'fitness': 0.93523915512516, 'generation': 266}","{'id': 20613, 'rank': 7, 'fitness': 0.928953858268681, 'generation': 266}","{'id': 20583, 'rank': 8, 'fitness': 0.9279482547208675, 'generation': 266}","{'id': 20591, 'rank': 9, 'fitness': 0.9247074902032252, 'generation': 266}","{'id': 20581, 'rank': 10, 'fitness': 0.8840073340284871, 'generation': 266}","{'id': 20584, 'rank': 11, 'fitness': 0.840482790241396, 'generation': 266}","{'id': 20652, 'rank': 12, 'fitness': 0.8021738652124292, 'generation': 266}","{'id': 20652, 'rank': 13, 'fitness': 0.8021738652124292, 'generation': 266}","{'id': 20652, 'rank': 14, 'fitness': 0.8021738652124292, 'generation': 266}","{'id': 20553, 'rank': 15, 'fitness': 0.7513981978993748, 'generation': 266}","{'id': 20553, 'rank': 16, 'fitness': 0.7513981978993748, 'generation': 266}","{'id': 20656, 'rank': 17, 'fitness': 0.7387734282885529, 'generation': 266}","{'id': 20655, 'rank': 18, 'fitness': 0.7298301394210196, 'generation': 266}","{'id': 20628, 'rank': 19, 'fitness': 0.7298198429943985, 'generation': 266}","{'id': 20542, 'rank': 20, 'fitness': 0.7039346026248906, 'generation': 266}","{'id': 20534, 'rank': 21, 'fitness': 0.7019438054778182, 'generation': 266}","{'id': 20593, 'rank': 22, 'fitness': 0.6986965727879486, 'generation': 266}","{'id': 20654, 'rank': 23, 'fitness': 0.6509760843082198, 'generation': 266}","{'id': 20666, 'rank': 24, 'fitness': 0.648028392341029, 'generation': 266}","{'id': 20651, 'rank': 25, 'fitness': 0.5938615946038936, 'generation': 266}","{'id': 20630, 'rank': 26, 'fitness': 0.5815779343673442, 'generation': 266}","{'id': 20624, 'rank': 27, 'fitness': 0.4496856551186076, 'generation': 266}","{'id': 20614, 'rank': 28, 'fitness': 0.2233882869183934, 'generation': 266}","{'id': 20661, 'rank': 29, 'fitness': 0.038836948620355694, 'generation': 266}","{'id': 20662, 'rank': 30, 'fitness': 0.01798620996209155, 'generation': 266}"
"{'id': 20585, 'rank': 1, 'fitness': 0.9820137900379085, 'generation': 267}","{'id': 20576, 'rank': 2, 'fitness': 0.9819952070116824, 'generation': 267}","{'id': 20613, 'rank': 3, 'fitness': 0.981840895816195, 'generation': 267}","{'id': 20581, 'rank': 4, 'fitness': 0.9815828126875972, 'generation': 267}","{'id': 20584, 'rank': 5, 'fitness': 0.9814042646977075, 'generation': 267}","{'id': 20584, 'rank': 6, 'fitness': 0.9814042646977075, 'generation': 267}","{'id': 20553, 'rank': 7, 'fitness': 0.9811322335795806, 'generation': 267}","{'id': 20656, 'rank': 8, 'fitness': 0.9810994318135371, 'generation': 267}","{'id': 20628, 'rank': 9, 'fitness': 0.9810767545572583, 'generation': 267}","{'id': 20593, 'rank': 10, 'fitness': 0.9810011551897491, 'generation': 267}","{'id': 20593, 'rank': 11, 'fitness': 0.9810011551897491, 'generation': 267}","{'id': 20651, 'rank': 12, 'fitness': 0.9807709101122477, 'generation': 267}","{'id': 20624, 'rank': 13, 'fitness': 0.9804764708448808, 'generation': 267}","{'id': 20624, 'rank': 14, 'fitness': 0.9804764708448808, 'generation': 267}","{'id': 20725, 'rank': 15, 'fitness': 0.9801827914709303, 'generation': 267}","{'id': 20614, 'rank': 16, 'fitness': 0.9799370438023336, 'generation': 267}","{'id': 20614, 'rank': 17, 'fitness': 0.9799370438023336, 'generation': 267}","{'id': 20661, 'rank': 18, 'fitness': 0.9788832002524834, 'generation': 267}","{'id': 20687, 'rank': 19, 'fitness': 0.9782159967076065, 'generation': 267}","{'id': 20728, 'rank': 20, 'fitness': 0.9768133118667723, 'generation': 267}","{'id': 20728, 'rank': 21, 'fitness': 0.9768133118667723, 'generation': 267}","{'id': 20686, 'rank': 22, 'fitness': 0.9765716274509335, 'generation': 267}","{'id': 20726, 'rank': 23, 'fitness': 0.9763177581600389, 'generation': 267}","{'id': 20713, 'rank': 24, 'fitness': 0.9758782371209244, 'generation': 267}","{'id': 20721, 'rank': 25, 'fitness': 0.9737639060390909, 'generation': 267}","{'id': 20732, 'rank': 26, 'fitness': 0.85881252101336, 'generation': 267}","{'id': 20680, 'rank': 27, 'fitness': 0.3922510888795165, 'generation': 267}","{'id': 20680, 'rank': 28, 'fitness': 0.3922510888795165, 'generation': 267}","{'id': 20712, 'rank': 29, 'fitness': 0.1963551417922229, 'generation': 267}","{'id': 20704, 'rank': 30, 'fitness': 0.01798620996209155, 'generation': 267}"
"{'id': 20576, 'rank': 1, 'fitness': 0.9820137900379085, 'generation': 268}","{'id': 20613, 'rank': 2, 'fitness': 0.981966062326344, 'generation': 268}","{'id': 20806, 'rank': 3, 'fitness': 0.9819588890747821, 'generation': 268}","{'id': 20787, 'rank': 4, 'fitness': 0.9819107326042811, 'generation': 268}","{'id': 20553, 'rank': 5, 'fitness': 0.9817503311268909, 'generation': 268}","{'id': 20786, 'rank': 6, 'fitness': 0.9817457550835278, 'generation': 268}","{'id': 20786, 'rank': 7, 'fitness': 0.9817457550835278, 'generation': 268}","{'id': 20656, 'rank': 8, 'fitness': 0.981740479248087, 'generation': 268}","{'id': 20780, 'rank': 9, 'fitness': 0.9817322789425905, 'generation': 268}","{'id': 20785, 'rank': 10, 'fitness': 0.9816853199831416, 'generation': 268}","{'id': 20745, 'rank': 11, 'fitness': 0.9816548343911253, 'generation': 268}","{'id': 20745, 'rank': 12, 'fitness': 0.9816548343911253, 'generation': 268}","{'id': 20744, 'rank': 13, 'fitness': 0.9816517861895829, 'generation': 268}","{'id': 20784, 'rank': 14, 'fitness': 0.9815771021544184, 'generation': 268}","{'id': 20784, 'rank': 15, 'fitness': 0.9815771021544184, 'generation': 268}","{'id': 20769, 'rank': 16, 'fitness': 0.9815739140792596, 'generation': 268}","{'id': 20624, 'rank': 17, 'fitness': 0.9815555295511027, 'generation': 268}","{'id': 20774, 'rank': 18, 'fitness': 0.9815417286033065, 'generation': 268}","{'id': 20777, 'rank': 19, 'fitness': 0.9815380217723597, 'generation': 268}","{'id': 20757, 'rank': 20, 'fitness': 0.9814353316267549, 'generation': 268}","{'id': 20757, 'rank': 21, 'fitness': 0.9814353316267549, 'generation': 268}","{'id': 20812, 'rank': 22, 'fitness': 0.9814296579763983, 'generation': 268}","{'id': 20753, 'rank': 23, 'fitness': 0.9812845518474438, 'generation': 268}","{'id': 20756, 'rank': 24, 'fitness': 0.9812178473944343, 'generation': 268}","{'id': 20778, 'rank': 25, 'fitness': 0.9810786258335475, 'generation': 268}","{'id': 20743, 'rank': 26, 'fitness': 0.9809558430881841, 'generation': 268}","{'id': 20742, 'rank': 27, 'fitness': 0.9808419771097453, 'generation': 268}","{'id': 20799, 'rank': 28, 'fitness': 0.9805054610400679, 'generation': 268}","{'id': 20793, 'rank': 29, 'fitness': 0.9799985596034383, 'generation': 268}","{'id': 20752, 'rank': 30, 'fitness': 0.01798620996209155, 'generation': 268}"
"{'id': 20858, 'rank': 1, 'fitness': 0.9820137900379085, 'generation': 269}","{'id': 20613, 'rank': 2, 'fitness': 0.951346048512768, 'generation': 269}","{'id': 20613, 'rank': 3, 'fitness': 0.951346048512768, 'generation': 269}","{'id': 20878, 'rank': 4, 'fitness': 0.949169347929231, 'generation': 269}","{'id': 20806, 'rank': 5, 'fitness': 0.9489712376646198, 'generation': 269}","{'id': 20860, 'rank': 6, 'fitness': 0.9454371678764097, 'generation': 269}","{'id': 20890, 'rank': 7, 'fitness': 0.9402154240288138, 'generation': 269}","{'id': 20832, 'rank': 8, 'fitness': 0.8946660182110246, 'generation': 269}","{'id': 20786, 'rank': 9, 'fitness': 0.8087032733812051, 'generation': 269}","{'id': 20656, 'rank': 10, 'fitness': 0.8030002288923683, 'generation': 269}","{'id': 20656, 'rank': 11, 'fitness': 0.8030002288923683, 'generation': 269}","{'id': 20861, 'rank': 12, 'fitness': 0.6953459624587384, 'generation': 269}","{'id': 20745, 'rank': 13, 'fitness': 0.6931362803116478, 'generation': 269}","{'id': 20837, 'rank': 14, 'fitness': 0.6784964344549779, 'generation': 269}","{'id': 20842, 'rank': 15, 'fitness': 0.6578964178273307, 'generation': 269}","{'id': 20784, 'rank': 16, 'fitness': 0.5698819914069968, 'generation': 269}","{'id': 20784, 'rank': 17, 'fitness': 0.5698819914069968, 'generation': 269}","{'id': 20889, 'rank': 18, 'fitness': 0.5565500683246517, 'generation': 269}","{'id': 20859, 'rank': 19, 'fitness': 0.4825793841183331, 'generation': 269}","{'id': 20823, 'rank': 20, 'fitness': 0.44129183334045213, 'generation': 269}","{'id': 20875, 'rank': 21, 'fitness': 0.39464200372749536, 'generation': 269}","{'id': 20897, 'rank': 22, 'fitness': 0.3194108619626981, 'generation': 269}","{'id': 20867, 'rank': 23, 'fitness': 0.31110655252514025, 'generation': 269}","{'id': 20909, 'rank': 24, 'fitness': 0.22384665473420418, 'generation': 269}","{'id': 20906, 'rank': 25, 'fitness': 0.16970846179250332, 'generation': 269}","{'id': 20869, 'rank': 26, 'fitness': 0.1519731782223605, 'generation': 269}","{'id': 20896, 'rank': 27, 'fitness': 0.14746972480881598, 'generation': 269}","{'id': 20851, 'rank': 28, 'fitness': 0.13560189222212415, 'generation': 269}","{'id': 20756, 'rank': 29, 'fitness': 0.10379566211348923, 'generation': 269}","{'id': 20872, 'rank': 30, 'fitness': 0.01798620996209155, 'generation': 269}"
"{'id': 20858, 'rank': 1, 'fitness': 0.9820137900379085, 'generation': 270}","{'id': 20858, 'rank': 2, 'fitness': 0.9820137900379085, 'generation': 270}","{'id': 20957, 'rank': 3, 'fitness': 0.9819234202693845, 'generation': 270}","{'id': 20613, 'rank': 4, 'fitness': 0.9818855518760357, 'generation': 270}","{'id': 20613, 'rank': 5, 'fitness': 0.9818855518760357, 'generation': 270}","{'id': 20613, 'rank': 6, 'fitness': 0.9818855518760357, 'generation': 270}","{'id': 20958, 'rank': 7, 'fitness': 0.981882304290476, 'generation': 270}","{'id': 20786, 'rank': 8, 'fitness': 0.981692617570906, 'generation': 270}","{'id': 20656, 'rank': 9, 'fitness': 0.9816880008385452, 'generation': 270}","{'id': 20837, 'rank': 10, 'fitness': 0.9816044352948015, 'generation': 270}","{'id': 20842, 'rank': 11, 'fitness': 0.9815926073530904, 'generation': 270}","{'id': 20784, 'rank': 12, 'fitness': 0.9815451165630609, 'generation': 270}","{'id': 20823, 'rank': 13, 'fitness': 0.9814789781007942, 'generation': 270}","{'id': 20909, 'rank': 14, 'fitness': 0.9813494995632285, 'generation': 270}","{'id': 20906, 'rank': 15, 'fitness': 0.9813050465170949, 'generation': 270}","{'id': 20964, 'rank': 16, 'fitness': 0.9812241459862887, 'generation': 270}","{'id': 20872, 'rank': 17, 'fitness': 0.9809906678357139, 'generation': 270}","{'id': 20945, 'rank': 18, 'fitness': 0.980855277795804, 'generation': 270}","{'id': 20941, 'rank': 19, 'fitness': 0.9808386322816576, 'generation': 270}","{'id': 20941, 'rank': 20, 'fitness': 0.9808386322816576, 'generation': 270}","{'id': 20938, 'rank': 21, 'fitness': 0.9807676381465562, 'generation': 270}","{'id': 20940, 'rank': 22, 'fitness': 0.9805038024584356, 'generation': 270}","{'id': 20930, 'rank': 23, 'fitness': 0.9788938711424332, 'generation': 270}","{'id': 20950, 'rank': 24, 'fitness': 0.9692667666535304, 'generation': 270}","{'id': 20944, 'rank': 25, 'fitness': 0.9620580651731265, 'generation': 270}","{'id': 20924, 'rank': 26, 'fitness': 0.8713113947323021, 'generation': 270}","{'id': 20967, 'rank': 27, 'fitness': 0.8456308250440157, 'generation': 270}","{'id': 20919, 'rank': 28, 'fitness': 0.6900668626942521, 'generation': 270}","{'id': 20947, 'rank': 29, 'fitness': 0.6741485954355529, 'generation': 270}","{'id': 20971, 'rank': 30, 'fitness': 0.01798620996209155, 'generation': 270}"
"{'id': 21006, 'rank': 1, 'fitness': 0.9820137900379085, 'generation': 271}","{'id': 20957, 'rank': 2, 'fitness': 0.9706709483010247, 'generation': 271}","{'id': 20613, 'rank': 3, 'fitness': 0.9637235374565861, 'generation': 271}","{'id': 20613, 'rank': 4, 'fitness': 0.9637235374565861, 'generation': 271}","{'id': 20613, 'rank': 5, 'fitness': 0.9637235374565861, 'generation': 271}","{'id': 20958, 'rank': 6, 'fitness': 0.9630595684622678, 'generation': 271}","{'id': 21015, 'rank': 7, 'fitness': 0.9594110240788971, 'generation': 271}","{'id': 20973, 'rank': 8, 'fitness': 0.9580104030321897, 'generation': 271}","{'id': 21005, 'rank': 9, 'fitness': 0.954197551038164, 'generation': 271}","{'id': 21038, 'rank': 10, 'fitness': 0.9256336767908722, 'generation': 271}","{'id': 21036, 'rank': 11, 'fitness': 0.9067246455912122, 'generation': 271}","{'id': 20786, 'rank': 12, 'fitness': 0.8972350578929192, 'generation': 271}","{'id': 21012, 'rank': 13, 'fitness': 0.8503078647577755, 'generation': 271}","{'id': 20988, 'rank': 14, 'fitness': 0.8376309378005254, 'generation': 271}","{'id': 20988, 'rank': 15, 'fitness': 0.8376309378005254, 'generation': 271}","{'id': 20784, 'rank': 16, 'fitness': 0.7898276302319844, 'generation': 271}","{'id': 20823, 'rank': 17, 'fitness': 0.7207211783752223, 'generation': 271}","{'id': 20984, 'rank': 18, 'fitness': 0.6625381135393376, 'generation': 271}","{'id': 21009, 'rank': 19, 'fitness': 0.6125334589687225, 'generation': 271}","{'id': 20909, 'rank': 20, 'fitness': 0.5538036457039147, 'generation': 271}","{'id': 20906, 'rank': 21, 'fitness': 0.49147345935559295, 'generation': 271}","{'id': 20983, 'rank': 22, 'fitness': 0.4913404070189429, 'generation': 271}","{'id': 21030, 'rank': 23, 'fitness': 0.45675628373113497, 'generation': 271}","{'id': 21029, 'rank': 24, 'fitness': 0.37811765999116265, 'generation': 271}","{'id': 20997, 'rank': 25, 'fitness': 0.2492077176833889, 'generation': 271}","{'id': 21048, 'rank': 26, 'fitness': 0.17633994016783971, 'generation': 271}","{'id': 21048, 'rank': 27, 'fitness': 0.17633994016783971, 'generation': 271}","{'id': 21047, 'rank': 28, 'fitness': 0.16824632892422453, 'generation': 271}","{'id': 20945, 'rank': 29, 'fitness': 0.07358517243841672, 'generation': 271}","{'id': 20976, 'rank': 30, 'fitness': 0.01798620996209155, 'generation': 271}"
"{'id': 21006, 'rank': 1, 'fitness': 0.9820137900379085, 'generation': 272}","{'id': 21082, 'rank': 2, 'fitness': 0.9818137080389391, 'generation': 272}","{'id': 21082, 'rank': 3, 'fitness': 0.9818137080389391, 'generation': 272}","{'id': 20958, 'rank': 4, 'fitness': 0.9817922821606668, 'generation': 272}","{'id': 20958, 'rank': 5, 'fitness': 0.9817922821606668, 'generation': 272}","{'id': 21015, 'rank': 6, 'fitness': 0.981762719320746, 'generation': 272}","{'id': 21005, 'rank': 7, 'fitness': 0.9817245473811724, 'generation': 272}","{'id': 21038, 'rank': 8, 'fitness': 0.9815680542401533, 'generation': 272}","{'id': 21036, 'rank': 9, 'fitness': 0.9814924820163183, 'generation': 272}","{'id': 21070, 'rank': 10, 'fitness': 0.9814064842280134, 'generation': 272}","{'id': 21070, 'rank': 11, 'fitness': 0.9814064842280134, 'generation': 272}","{'id': 20988, 'rank': 12, 'fitness': 0.9812973925282645, 'generation': 272}","{'id': 21083, 'rank': 13, 'fitness': 0.9809781096889885, 'generation': 272}","{'id': 20909, 'rank': 14, 'fitness': 0.980851319746183, 'generation': 272}","{'id': 21104, 'rank': 15, 'fitness': 0.9807859806799533, 'generation': 272}","{'id': 21104, 'rank': 16, 'fitness': 0.9807859806799533, 'generation': 272}","{'id': 21074, 'rank': 17, 'fitness': 0.980328528375397, 'generation': 272}","{'id': 21074, 'rank': 18, 'fitness': 0.980328528375397, 'generation': 272}","{'id': 21113, 'rank': 19, 'fitness': 0.9803219389618152, 'generation': 272}","{'id': 21113, 'rank': 20, 'fitness': 0.9803219389618152, 'generation': 272}","{'id': 21048, 'rank': 21, 'fitness': 0.9802866738640825, 'generation': 272}","{'id': 21100, 'rank': 22, 'fitness': 0.9800656273477166, 'generation': 272}","{'id': 21108, 'rank': 23, 'fitness': 0.9748378781083561, 'generation': 272}","{'id': 21059, 'rank': 24, 'fitness': 0.9738536376046142, 'generation': 272}","{'id': 21085, 'rank': 25, 'fitness': 0.9594873804671753, 'generation': 272}","{'id': 21095, 'rank': 26, 'fitness': 0.959339802179342, 'generation': 272}","{'id': 21096, 'rank': 27, 'fitness': 0.9587921371501769, 'generation': 272}","{'id': 21092, 'rank': 28, 'fitness': 0.197943592703891, 'generation': 272}","{'id': 21092, 'rank': 29, 'fitness': 0.197943592703891, 'generation': 272}","{'id': 21067, 'rank': 30, 'fitness': 0.01798620996209155, 'generation': 272}"
"{'id': 21006, 'rank': 1, 'fitness': 0.9820137900379085, 'generation': 273}","{'id': 21159, 'rank': 2, 'fitness': 0.981900269377455, 'generation': 273}","{'id': 21182, 'rank': 3, 'fitness': 0.9812217407626413, 'generation': 273}","{'id': 21082, 'rank': 4, 'fitness': 0.9803291522655306, 'generation': 273}","{'id': 21139, 'rank': 5, 'fitness': 0.9797151690516175, 'generation': 273}","{'id': 21139, 'rank': 6, 'fitness': 0.9797151690516175, 'generation': 273}","{'id': 21176, 'rank': 7, 'fitness': 0.9796954423412358, 'generation': 273}","{'id': 21005, 'rank': 8, 'fitness': 0.9795358651677293, 'generation': 273}","{'id': 21177, 'rank': 9, 'fitness': 0.9783090077917405, 'generation': 273}","{'id': 21070, 'rank': 10, 'fitness': 0.9764784770989317, 'generation': 273}","{'id': 21133, 'rank': 11, 'fitness': 0.9762878179767265, 'generation': 273}","{'id': 21184, 'rank': 12, 'fitness': 0.97535186644946, 'generation': 273}","{'id': 21178, 'rank': 13, 'fitness': 0.9744729809652397, 'generation': 273}","{'id': 21178, 'rank': 14, 'fitness': 0.9744729809652397, 'generation': 273}","{'id': 21125, 'rank': 15, 'fitness': 0.9743797467810689, 'generation': 273}","{'id': 21137, 'rank': 16, 'fitness': 0.9723617038538237, 'generation': 273}","{'id': 21124, 'rank': 17, 'fitness': 0.9704429629922995, 'generation': 273}","{'id': 21124, 'rank': 18, 'fitness': 0.9704429629922995, 'generation': 273}","{'id': 21124, 'rank': 19, 'fitness': 0.9704429629922995, 'generation': 273}","{'id': 20909, 'rank': 20, 'fitness': 0.9702050889703332, 'generation': 273}","{'id': 21104, 'rank': 21, 'fitness': 0.96938113356247, 'generation': 273}","{'id': 21147, 'rank': 22, 'fitness': 0.9681549183273677, 'generation': 273}","{'id': 21154, 'rank': 23, 'fitness': 0.9651331235499059, 'generation': 273}","{'id': 21165, 'rank': 24, 'fitness': 0.9644973699127328, 'generation': 273}","{'id': 21113, 'rank': 25, 'fitness': 0.9629569922204904, 'generation': 273}","{'id': 21113, 'rank': 26, 'fitness': 0.9629569922204904, 'generation': 273}","{'id': 21162, 'rank': 27, 'fitness': 0.9596375988041812, 'generation': 273}","{'id': 21108, 'rank': 28, 'fitness': 0.7723163538612476, 'generation': 273}","{'id': 21198, 'rank': 29, 'fitness': 0.04337721533136152, 'generation': 273}","{'id': 21196, 'rank': 30, 'fitness': 0.01798620996209155, 'generation': 273}"
"{'id': 21272, 'rank': 1, 'fitness': 0.9820137900379085, 'generation': 274}","{'id': 21220, 'rank': 2, 'fitness': 0.9734249546740754, 'generation': 274}","{'id': 21220, 'rank': 3, 'fitness': 0.9734249546740754, 'generation': 274}","{'id': 21250, 'rank': 4, 'fitness': 0.9615950562186701, 'generation': 274}","{'id': 21250, 'rank': 5, 'fitness': 0.9615950562186701, 'generation': 274}","{'id': 21218, 'rank': 6, 'fitness': 0.956985518340302, 'generation': 274}","{'id': 21218, 'rank': 7, 'fitness': 0.956985518340302, 'generation': 274}","{'id': 21253, 'rank': 8, 'fitness': 0.956668504760967, 'generation': 274}","{'id': 21253, 'rank': 9, 'fitness': 0.956668504760967, 'generation': 274}","{'id': 21253, 'rank': 10, 'fitness': 0.956668504760967, 'generation': 274}","{'id': 21253, 'rank': 11, 'fitness': 0.956668504760967, 'generation': 274}","{'id': 21176, 'rank': 12, 'fitness': 0.9558712451794615, 'generation': 274}","{'id': 21229, 'rank': 13, 'fitness': 0.954186715545119, 'generation': 274}","{'id': 21280, 'rank': 14, 'fitness': 0.9324273489619306, 'generation': 274}","{'id': 21228, 'rank': 15, 'fitness': 0.7880717302748618, 'generation': 274}","{'id': 21222, 'rank': 16, 'fitness': 0.7814543162272871, 'generation': 274}","{'id': 21178, 'rank': 17, 'fitness': 0.7722002835065056, 'generation': 274}","{'id': 21125, 'rank': 18, 'fitness': 0.7669470373152697, 'generation': 274}","{'id': 21227, 'rank': 19, 'fitness': 0.713630997071944, 'generation': 274}","{'id': 21124, 'rank': 20, 'fitness': 0.5068193569135266, 'generation': 274}","{'id': 21240, 'rank': 21, 'fitness': 0.4034495568431047, 'generation': 274}","{'id': 21231, 'rank': 22, 'fitness': 0.38676939796123055, 'generation': 274}","{'id': 21235, 'rank': 23, 'fitness': 0.26517369791777773, 'generation': 274}","{'id': 21243, 'rank': 24, 'fitness': 0.2392321837281025, 'generation': 274}","{'id': 21154, 'rank': 25, 'fitness': 0.21009172406145737, 'generation': 274}","{'id': 21244, 'rank': 26, 'fitness': 0.14875991527970306, 'generation': 274}","{'id': 21223, 'rank': 27, 'fitness': 0.02919532499699007, 'generation': 274}","{'id': 21260, 'rank': 28, 'fitness': 0.026219430236241126, 'generation': 274}","{'id': 21232, 'rank': 29, 'fitness': 0.0185961258650566, 'generation': 274}","{'id': 21234, 'rank': 30, 'fitness': 0.01798620996209155, 'generation': 274}"
"{'id': 21329, 'rank': 1, 'fitness': 0.9820137900379085, 'generation': 275}","{'id': 21220, 'rank': 2, 'fitness': 0.9818985098694881, 'generation': 275}","{'id': 21220, 'rank': 3, 'fitness': 0.9818985098694881, 'generation': 275}","{'id': 21220, 'rank': 4, 'fitness': 0.9818985098694881, 'generation': 275}","{'id': 21328, 'rank': 5, 'fitness': 0.9818617111638435, 'generation': 275}","{'id': 21250, 'rank': 6, 'fitness': 0.981838791619979, 'generation': 275}","{'id': 21250, 'rank': 7, 'fitness': 0.981838791619979, 'generation': 275}","{'id': 21253, 'rank': 8, 'fitness': 0.9818189974098978, 'generation': 275}","{'id': 21253, 'rank': 9, 'fitness': 0.9818189974098978, 'generation': 275}","{'id': 21176, 'rank': 10, 'fitness': 0.9818159963735316, 'generation': 275}","{'id': 21229, 'rank': 11, 'fitness': 0.981809820382868, 'generation': 275}","{'id': 21307, 'rank': 12, 'fitness': 0.9817761912675935, 'generation': 275}","{'id': 21302, 'rank': 13, 'fitness': 0.9815863299751811, 'generation': 275}","{'id': 21297, 'rank': 14, 'fitness': 0.9812707385077643, 'generation': 275}","{'id': 21344, 'rank': 15, 'fitness': 0.9811977806321477, 'generation': 275}","{'id': 21235, 'rank': 16, 'fitness': 0.9811600651371208, 'generation': 275}","{'id': 21342, 'rank': 17, 'fitness': 0.9810494001115531, 'generation': 275}","{'id': 21244, 'rank': 18, 'fitness': 0.9810415162772927, 'generation': 275}","{'id': 21244, 'rank': 19, 'fitness': 0.9810415162772927, 'generation': 275}","{'id': 21244, 'rank': 20, 'fitness': 0.9810415162772927, 'generation': 275}","{'id': 21340, 'rank': 21, 'fitness': 0.9809431932974352, 'generation': 275}","{'id': 21301, 'rank': 22, 'fitness': 0.9809143031091387, 'generation': 275}","{'id': 21346, 'rank': 23, 'fitness': 0.9808786179192412, 'generation': 275}","{'id': 21346, 'rank': 24, 'fitness': 0.9808786179192412, 'generation': 275}","{'id': 21321, 'rank': 25, 'fitness': 0.9807685443572791, 'generation': 275}","{'id': 21321, 'rank': 26, 'fitness': 0.9807685443572791, 'generation': 275}","{'id': 21321, 'rank': 27, 'fitness': 0.9807685443572791, 'generation': 275}","{'id': 21331, 'rank': 28, 'fitness': 0.9794442334394817, 'generation': 275}","{'id': 21332, 'rank': 29, 'fitness': 0.9668491279508755, 'generation': 275}","{'id': 21335, 'rank': 30, 'fitness': 0.01798620996209155, 'generation': 275}"
"{'id': 21220, 'rank': 1, 'fitness': 0.9820137900379085, 'generation': 276}","{'id': 21383, 'rank': 2, 'fitness': 0.9783451515493833, 'generation': 276}","{'id': 21405, 'rank': 3, 'fitness': 0.9771167212725762, 'generation': 276}","{'id': 21328, 'rank': 4, 'fitness': 0.9767007416571093, 'generation': 276}","{'id': 21425, 'rank': 5, 'fitness': 0.9717130325041898, 'generation': 276}","{'id': 21425, 'rank': 6, 'fitness': 0.9717130325041898, 'generation': 276}","{'id': 21253, 'rank': 7, 'fitness': 0.9686200199929439, 'generation': 276}","{'id': 21253, 'rank': 8, 'fitness': 0.9686200199929439, 'generation': 276}","{'id': 21229, 'rank': 9, 'fitness': 0.9665615429113741, 'generation': 276}","{'id': 21373, 'rank': 10, 'fitness': 0.9619995093867276, 'generation': 276}","{'id': 21408, 'rank': 11, 'fitness': 0.9619515263811467, 'generation': 276}","{'id': 21307, 'rank': 12, 'fitness': 0.9578594668180038, 'generation': 276}","{'id': 21397, 'rank': 13, 'fitness': 0.9574591549785509, 'generation': 276}","{'id': 21397, 'rank': 14, 'fitness': 0.9574591549785509, 'generation': 276}","{'id': 21382, 'rank': 15, 'fitness': 0.9463246584794318, 'generation': 276}","{'id': 21396, 'rank': 16, 'fitness': 0.9452090870466544, 'generation': 276}","{'id': 21424, 'rank': 17, 'fitness': 0.9129118754548649, 'generation': 276}","{'id': 21395, 'rank': 18, 'fitness': 0.9029740480782733, 'generation': 276}","{'id': 21355, 'rank': 19, 'fitness': 0.888968032972068, 'generation': 276}","{'id': 21366, 'rank': 20, 'fitness': 0.8717338838161705, 'generation': 276}","{'id': 21422, 'rank': 21, 'fitness': 0.43166980408180367, 'generation': 276}","{'id': 21421, 'rank': 22, 'fitness': 0.34788354693458945, 'generation': 276}","{'id': 21365, 'rank': 23, 'fitness': 0.1720068670194702, 'generation': 276}","{'id': 21410, 'rank': 24, 'fitness': 0.15953978920465534, 'generation': 276}","{'id': 21244, 'rank': 25, 'fitness': 0.11699458540570229, 'generation': 276}","{'id': 21346, 'rank': 26, 'fitness': 0.041668099310696594, 'generation': 276}","{'id': 21346, 'rank': 27, 'fitness': 0.041668099310696594, 'generation': 276}","{'id': 21378, 'rank': 28, 'fitness': 0.03263786664914664, 'generation': 276}","{'id': 21374, 'rank': 29, 'fitness': 0.022077872251962505, 'generation': 276}","{'id': 21377, 'rank': 30, 'fitness': 0.01798620996209155, 'generation': 276}"
"{'id': 21452, 'rank': 1, 'fitness': 0.9820137900379085, 'generation': 277}","{'id': 21220, 'rank': 2, 'fitness': 0.9819501274593645, 'generation': 277}","{'id': 21383, 'rank': 3, 'fitness': 0.9819234735134794, 'generation': 277}","{'id': 21405, 'rank': 4, 'fitness': 0.9819155228626322, 'generation': 277}","{'id': 21425, 'rank': 5, 'fitness': 0.9818848424923079, 'generation': 277}","{'id': 21253, 'rank': 6, 'fitness': 0.9818697392862512, 'generation': 277}","{'id': 21253, 'rank': 7, 'fitness': 0.9818697392862512, 'generation': 277}","{'id': 21253, 'rank': 8, 'fitness': 0.9818697392862512, 'generation': 277}","{'id': 21229, 'rank': 9, 'fitness': 0.9818604608779098, 'generation': 277}","{'id': 21229, 'rank': 10, 'fitness': 0.9818604608779098, 'generation': 277}","{'id': 21229, 'rank': 11, 'fitness': 0.9818604608779098, 'generation': 277}","{'id': 21408, 'rank': 12, 'fitness': 0.9818415211948361, 'generation': 277}","{'id': 21307, 'rank': 13, 'fitness': 0.9818264597053117, 'generation': 277}","{'id': 21396, 'rank': 14, 'fitness': 0.9817873647686592, 'generation': 277}","{'id': 21474, 'rank': 15, 'fitness': 0.9817180126905227, 'generation': 277}","{'id': 21355, 'rank': 16, 'fitness': 0.9816781197556188, 'generation': 277}","{'id': 21440, 'rank': 17, 'fitness': 0.9816751735428193, 'generation': 277}","{'id': 21454, 'rank': 18, 'fitness': 0.9816092872594372, 'generation': 277}","{'id': 21451, 'rank': 19, 'fitness': 0.9815886276581169, 'generation': 277}","{'id': 21451, 'rank': 20, 'fitness': 0.9815886276581169, 'generation': 277}","{'id': 21476, 'rank': 21, 'fitness': 0.9815078638583562, 'generation': 277}","{'id': 21438, 'rank': 22, 'fitness': 0.9814217369279581, 'generation': 277}","{'id': 21472, 'rank': 23, 'fitness': 0.9813764906000753, 'generation': 277}","{'id': 21447, 'rank': 24, 'fitness': 0.9813706789557732, 'generation': 277}","{'id': 21480, 'rank': 25, 'fitness': 0.981294584606645, 'generation': 277}","{'id': 21365, 'rank': 26, 'fitness': 0.9811495659844405, 'generation': 277}","{'id': 21486, 'rank': 27, 'fitness': 0.9811364529528865, 'generation': 277}","{'id': 21410, 'rank': 28, 'fitness': 0.9811363248958385, 'generation': 277}","{'id': 21487, 'rank': 29, 'fitness': 0.9799547803612703, 'generation': 277}","{'id': 21477, 'rank': 30, 'fitness': 0.01798620996209155, 'generation': 277}"
"{'id': 21556, 'rank': 1, 'fitness': 0.9820137900379085, 'generation': 278}","{'id': 21559, 'rank': 2, 'fitness': 0.9785244949529566, 'generation': 278}","{'id': 21559, 'rank': 3, 'fitness': 0.9785244949529566, 'generation': 278}","{'id': 21511, 'rank': 4, 'fitness': 0.9777892927934093, 'generation': 278}","{'id': 21220, 'rank': 5, 'fitness': 0.9762944685113406, 'generation': 278}","{'id': 21528, 'rank': 6, 'fitness': 0.9715768208251422, 'generation': 278}","{'id': 21528, 'rank': 7, 'fitness': 0.9715768208251422, 'generation': 278}","{'id': 21529, 'rank': 8, 'fitness': 0.9698016368385547, 'generation': 278}","{'id': 21425, 'rank': 9, 'fitness': 0.9673137220342849, 'generation': 278}","{'id': 21229, 'rank': 10, 'fitness': 0.9631885989473399, 'generation': 278}","{'id': 21307, 'rank': 11, 'fitness': 0.9566034259424403, 'generation': 278}","{'id': 21396, 'rank': 12, 'fitness': 0.9476622963106016, 'generation': 278}","{'id': 21562, 'rank': 13, 'fitness': 0.9466385864312892, 'generation': 278}","{'id': 21474, 'rank': 14, 'fitness': 0.9274603272748057, 'generation': 278}","{'id': 21474, 'rank': 15, 'fitness': 0.9274603272748057, 'generation': 278}","{'id': 21503, 'rank': 16, 'fitness': 0.926292956938394, 'generation': 278}","{'id': 21530, 'rank': 17, 'fitness': 0.9138810498895827, 'generation': 278}","{'id': 21564, 'rank': 18, 'fitness': 0.903263687115702, 'generation': 278}","{'id': 21507, 'rank': 19, 'fitness': 0.8821295395419019, 'generation': 278}","{'id': 21507, 'rank': 20, 'fitness': 0.8821295395419019, 'generation': 278}","{'id': 21570, 'rank': 21, 'fitness': 0.8493350543757685, 'generation': 278}","{'id': 21526, 'rank': 22, 'fitness': 0.8310723506279795, 'generation': 278}","{'id': 21476, 'rank': 23, 'fitness': 0.817839460427466, 'generation': 278}","{'id': 21499, 'rank': 24, 'fitness': 0.8113321763602812, 'generation': 278}","{'id': 21490, 'rank': 25, 'fitness': 0.6998962173967823, 'generation': 278}","{'id': 21480, 'rank': 26, 'fitness': 0.6109989860777749, 'generation': 278}","{'id': 21480, 'rank': 27, 'fitness': 0.6109989860777749, 'generation': 278}","{'id': 21524, 'rank': 28, 'fitness': 0.18523342922294872, 'generation': 278}","{'id': 21551, 'rank': 29, 'fitness': 0.08352421229826335, 'generation': 278}","{'id': 21534, 'rank': 30, 'fitness': 0.01798620996209155, 'generation': 278}"
"{'id': 21556, 'rank': 1, 'fitness': 0.9820137900379085, 'generation': 279}","{'id': 21618, 'rank': 2, 'fitness': 0.9817511663491871, 'generation': 279}","{'id': 21618, 'rank': 3, 'fitness': 0.9817511663491871, 'generation': 279}","{'id': 21220, 'rank': 4, 'fitness': 0.9813863198087214, 'generation': 279}","{'id': 21529, 'rank': 5, 'fitness': 0.9808149222258876, 'generation': 279}","{'id': 21529, 'rank': 6, 'fitness': 0.9808149222258876, 'generation': 279}","{'id': 21529, 'rank': 7, 'fitness': 0.9808149222258876, 'generation': 279}","{'id': 21529, 'rank': 8, 'fitness': 0.9808149222258876, 'generation': 279}","{'id': 21616, 'rank': 9, 'fitness': 0.9807500698002108, 'generation': 279}","{'id': 21616, 'rank': 10, 'fitness': 0.9807500698002108, 'generation': 279}","{'id': 21425, 'rank': 11, 'fitness': 0.9806234415892947, 'generation': 279}","{'id': 21425, 'rank': 12, 'fitness': 0.9806234415892947, 'generation': 279}","{'id': 21571, 'rank': 13, 'fitness': 0.9792469379221617, 'generation': 279}","{'id': 21630, 'rank': 14, 'fitness': 0.9788450198503118, 'generation': 279}","{'id': 21503, 'rank': 15, 'fitness': 0.9785009730795375, 'generation': 279}","{'id': 21503, 'rank': 16, 'fitness': 0.9785009730795375, 'generation': 279}","{'id': 21597, 'rank': 17, 'fitness': 0.9782843627561357, 'generation': 279}","{'id': 21597, 'rank': 18, 'fitness': 0.9782843627561357, 'generation': 279}","{'id': 21593, 'rank': 19, 'fitness': 0.9781701429982228, 'generation': 279}","{'id': 21526, 'rank': 20, 'fitness': 0.9759158526698573, 'generation': 279}","{'id': 21499, 'rank': 21, 'fitness': 0.9755209033521244, 'generation': 279}","{'id': 21625, 'rank': 22, 'fitness': 0.9721995383693576, 'generation': 279}","{'id': 21631, 'rank': 23, 'fitness': 0.956974754950333, 'generation': 279}","{'id': 21633, 'rank': 24, 'fitness': 0.9511494772205735, 'generation': 279}","{'id': 21613, 'rank': 25, 'fitness': 0.9448655159428097, 'generation': 279}","{'id': 21645, 'rank': 26, 'fitness': 0.9434872163571947, 'generation': 279}","{'id': 21645, 'rank': 27, 'fitness': 0.9434872163571947, 'generation': 279}","{'id': 21614, 'rank': 28, 'fitness': 0.9236256034386419, 'generation': 279}","{'id': 21614, 'rank': 29, 'fitness': 0.9236256034386419, 'generation': 279}","{'id': 21648, 'rank': 30, 'fitness': 0.01798620996209155, 'generation': 279}"
"{'id': 21652, 'rank': 1, 'fitness': 0.9820137900379085, 'generation': 280}","{'id': 21742, 'rank': 2, 'fitness': 0.9819973722295776, 'generation': 280}","{'id': 21529, 'rank': 3, 'fitness': 0.9817921579820965, 'generation': 280}","{'id': 21529, 'rank': 4, 'fitness': 0.9817921579820965, 'generation': 280}","{'id': 21616, 'rank': 5, 'fitness': 0.9814482048459137, 'generation': 280}","{'id': 21661, 'rank': 6, 'fitness': 0.9767705075007753, 'generation': 280}","{'id': 21661, 'rank': 7, 'fitness': 0.9767705075007753, 'generation': 280}","{'id': 21741, 'rank': 8, 'fitness': 0.9752188753394344, 'generation': 280}","{'id': 21693, 'rank': 9, 'fitness': 0.9690797196236185, 'generation': 280}","{'id': 21693, 'rank': 10, 'fitness': 0.9690797196236185, 'generation': 280}","{'id': 21693, 'rank': 11, 'fitness': 0.9690797196236185, 'generation': 280}","{'id': 21630, 'rank': 12, 'fitness': 0.9687751643031821, 'generation': 280}","{'id': 21630, 'rank': 13, 'fitness': 0.9687751643031821, 'generation': 280}","{'id': 21710, 'rank': 14, 'fitness': 0.9664444823819957, 'generation': 280}","{'id': 21503, 'rank': 15, 'fitness': 0.9658908587216741, 'generation': 280}","{'id': 21593, 'rank': 16, 'fitness': 0.9629237987921919, 'generation': 280}","{'id': 21662, 'rank': 17, 'fitness': 0.9609645605080663, 'generation': 280}","{'id': 21726, 'rank': 18, 'fitness': 0.9566241049864334, 'generation': 280}","{'id': 21659, 'rank': 19, 'fitness': 0.956181058130487, 'generation': 280}","{'id': 21670, 'rank': 20, 'fitness': 0.9465963001186514, 'generation': 280}","{'id': 21670, 'rank': 21, 'fitness': 0.9465963001186514, 'generation': 280}","{'id': 21704, 'rank': 22, 'fitness': 0.9432270721952618, 'generation': 280}","{'id': 21664, 'rank': 23, 'fitness': 0.9420961177593073, 'generation': 280}","{'id': 21709, 'rank': 24, 'fitness': 0.9065154798608719, 'generation': 280}","{'id': 21721, 'rank': 25, 'fitness': 0.889601223160329, 'generation': 280}","{'id': 21674, 'rank': 26, 'fitness': 0.8704079329950992, 'generation': 280}","{'id': 21720, 'rank': 27, 'fitness': 0.8646209118690578, 'generation': 280}","{'id': 21633, 'rank': 28, 'fitness': 0.20404112649899464, 'generation': 280}","{'id': 21712, 'rank': 29, 'fitness': 0.05328282286492425, 'generation': 280}","{'id': 21614, 'rank': 30, 'fitness': 0.01798620996209155, 'generation': 280}"
"{'id': 21529, 'rank': 1, 'fitness': 0.9820137900379085, 'generation': 281}","{'id': 21791, 'rank': 2, 'fitness': 0.9713925750880111, 'generation': 281}","{'id': 21661, 'rank': 3, 'fitness': 0.967988178868354, 'generation': 281}","{'id': 21803, 'rank': 4, 'fitness': 0.9657895017885176, 'generation': 281}","{'id': 21741, 'rank': 5, 'fitness': 0.9627345791627486, 'generation': 281}","{'id': 21741, 'rank': 6, 'fitness': 0.9627345791627486, 'generation': 281}","{'id': 21788, 'rank': 7, 'fitness': 0.9497625298127562, 'generation': 281}","{'id': 21788, 'rank': 8, 'fitness': 0.9497625298127562, 'generation': 281}","{'id': 21825, 'rank': 9, 'fitness': 0.9429689530569475, 'generation': 281}","{'id': 21776, 'rank': 10, 'fitness': 0.9402278272705968, 'generation': 281}","{'id': 21693, 'rank': 11, 'fitness': 0.9376636728287118, 'generation': 281}","{'id': 21630, 'rank': 12, 'fitness': 0.9362439893046673, 'generation': 281}","{'id': 21806, 'rank': 13, 'fitness': 0.9260981309553616, 'generation': 281}","{'id': 21806, 'rank': 14, 'fitness': 0.9260981309553616, 'generation': 281}","{'id': 21503, 'rank': 15, 'fitness': 0.9219982867349595, 'generation': 281}","{'id': 21767, 'rank': 16, 'fitness': 0.913786727781775, 'generation': 281}","{'id': 21811, 'rank': 17, 'fitness': 0.8581712512152759, 'generation': 281}","{'id': 21764, 'rank': 18, 'fitness': 0.7931005426388831, 'generation': 281}","{'id': 21764, 'rank': 19, 'fitness': 0.7931005426388831, 'generation': 281}","{'id': 21764, 'rank': 20, 'fitness': 0.7931005426388831, 'generation': 281}","{'id': 21769, 'rank': 21, 'fitness': 0.7707521511204426, 'generation': 281}","{'id': 21704, 'rank': 22, 'fitness': 0.7690377016284062, 'generation': 281}","{'id': 21664, 'rank': 23, 'fitness': 0.7600895451614669, 'generation': 281}","{'id': 21783, 'rank': 24, 'fitness': 0.49101413144000566, 'generation': 281}","{'id': 21709, 'rank': 25, 'fitness': 0.48091183453544534, 'generation': 281}","{'id': 21785, 'rank': 26, 'fitness': 0.4674569546881529, 'generation': 281}","{'id': 21817, 'rank': 27, 'fitness': 0.32109087568638894, 'generation': 281}","{'id': 21751, 'rank': 28, 'fitness': 0.10099017166142871, 'generation': 281}","{'id': 21787, 'rank': 29, 'fitness': 0.07906530002893364, 'generation': 281}","{'id': 21796, 'rank': 30, 'fitness': 0.01798620996209155, 'generation': 281}"
"{'id': 21841, 'rank': 1, 'fitness': 0.9820137900379085, 'generation': 282}","{'id': 21529, 'rank': 2, 'fitness': 0.9819838080600517, 'generation': 282}","{'id': 21791, 'rank': 3, 'fitness': 0.9793887673507061, 'generation': 282}","{'id': 21741, 'rank': 4, 'fitness': 0.9777327519744696, 'generation': 282}","{'id': 21741, 'rank': 5, 'fitness': 0.9777327519744696, 'generation': 282}","{'id': 21837, 'rank': 6, 'fitness': 0.9762121252064998, 'generation': 282}","{'id': 21788, 'rank': 7, 'fitness': 0.9756816600093166, 'generation': 282}","{'id': 21788, 'rank': 8, 'fitness': 0.9756816600093166, 'generation': 282}","{'id': 21806, 'rank': 9, 'fitness': 0.9726977733167079, 'generation': 282}","{'id': 21503, 'rank': 10, 'fitness': 0.9722458832941872, 'generation': 282}","{'id': 21868, 'rank': 11, 'fitness': 0.9705934064823546, 'generation': 282}","{'id': 21856, 'rank': 12, 'fitness': 0.9684447971732673, 'generation': 282}","{'id': 21856, 'rank': 13, 'fitness': 0.9684447971732673, 'generation': 282}","{'id': 21769, 'rank': 14, 'fitness': 0.9605699447939544, 'generation': 282}","{'id': 21839, 'rank': 15, 'fitness': 0.9590467795799132, 'generation': 282}","{'id': 21892, 'rank': 16, 'fitness': 0.9552768220569552, 'generation': 282}","{'id': 21783, 'rank': 17, 'fitness': 0.9443963493242361, 'generation': 282}","{'id': 21751, 'rank': 18, 'fitness': 0.9012380582237057, 'generation': 282}","{'id': 21751, 'rank': 19, 'fitness': 0.9012380582237057, 'generation': 282}","{'id': 21850, 'rank': 20, 'fitness': 0.8797806779424414, 'generation': 282}","{'id': 21902, 'rank': 21, 'fitness': 0.8679276305205661, 'generation': 282}","{'id': 21901, 'rank': 22, 'fitness': 0.7737842151215991, 'generation': 282}","{'id': 21881, 'rank': 23, 'fitness': 0.7409853639622654, 'generation': 282}","{'id': 21851, 'rank': 24, 'fitness': 0.6940222568236525, 'generation': 282}","{'id': 21851, 'rank': 25, 'fitness': 0.6940222568236525, 'generation': 282}","{'id': 21885, 'rank': 26, 'fitness': 0.6338563329187429, 'generation': 282}","{'id': 21886, 'rank': 27, 'fitness': 0.2946572697481017, 'generation': 282}","{'id': 21903, 'rank': 28, 'fitness': 0.16091320473713294, 'generation': 282}","{'id': 21896, 'rank': 29, 'fitness': 0.023208140195239813, 'generation': 282}","{'id': 21894, 'rank': 30, 'fitness': 0.01798620996209155, 'generation': 282}"
"{'id': 21529, 'rank': 1, 'fitness': 0.9820137900379085, 'generation': 283}","{'id': 21741, 'rank': 2, 'fitness': 0.981544564092478, 'generation': 283}","{'id': 21979, 'rank': 3, 'fitness': 0.9814779207713422, 'generation': 283}","{'id': 21922, 'rank': 4, 'fitness': 0.9814248206638999, 'generation': 283}","{'id': 21982, 'rank': 5, 'fitness': 0.9812942820901354, 'generation': 283}","{'id': 21982, 'rank': 6, 'fitness': 0.9812942820901354, 'generation': 283}","{'id': 21982, 'rank': 7, 'fitness': 0.9812942820901354, 'generation': 283}","{'id': 21968, 'rank': 8, 'fitness': 0.9812086819585213, 'generation': 283}","{'id': 21968, 'rank': 9, 'fitness': 0.9812086819585213, 'generation': 283}","{'id': 21968, 'rank': 10, 'fitness': 0.9812086819585213, 'generation': 283}","{'id': 21806, 'rank': 11, 'fitness': 0.9810794894057544, 'generation': 283}","{'id': 21868, 'rank': 12, 'fitness': 0.9809066026913827, 'generation': 283}","{'id': 21964, 'rank': 13, 'fitness': 0.9808299930442672, 'generation': 283}","{'id': 21976, 'rank': 14, 'fitness': 0.9803356273156802, 'generation': 283}","{'id': 21976, 'rank': 15, 'fitness': 0.9803356273156802, 'generation': 283}","{'id': 21923, 'rank': 16, 'fitness': 0.9794842260727885, 'generation': 283}","{'id': 21923, 'rank': 17, 'fitness': 0.9794842260727885, 'generation': 283}","{'id': 21953, 'rank': 18, 'fitness': 0.9794245273710709, 'generation': 283}","{'id': 21951, 'rank': 19, 'fitness': 0.9790629752322979, 'generation': 283}","{'id': 21751, 'rank': 20, 'fitness': 0.9777549114764792, 'generation': 283}","{'id': 21751, 'rank': 21, 'fitness': 0.9777549114764792, 'generation': 283}","{'id': 21975, 'rank': 22, 'fitness': 0.976913347231281, 'generation': 283}","{'id': 21975, 'rank': 23, 'fitness': 0.976913347231281, 'generation': 283}","{'id': 21975, 'rank': 24, 'fitness': 0.976913347231281, 'generation': 283}","{'id': 21902, 'rank': 25, 'fitness': 0.9768717925312109, 'generation': 283}","{'id': 21973, 'rank': 26, 'fitness': 0.9757358857580107, 'generation': 283}","{'id': 21973, 'rank': 27, 'fitness': 0.9757358857580107, 'generation': 283}","{'id': 21851, 'rank': 28, 'fitness': 0.9737688515213556, 'generation': 283}","{'id': 21894, 'rank': 29, 'fitness': 0.9538890178753802, 'generation': 283}","{'id': 21948, 'rank': 30, 'fitness': 0.01798620996209155, 'generation': 283}"
"{'id': 22048, 'rank': 1, 'fitness': 0.9820137900379085, 'generation': 284}","{'id': 21529, 'rank': 2, 'fitness': 0.9817197821214383, 'generation': 284}","{'id': 21529, 'rank': 3, 'fitness': 0.9817197821214383, 'generation': 284}","{'id': 21529, 'rank': 4, 'fitness': 0.9817197821214383, 'generation': 284}","{'id': 21991, 'rank': 5, 'fitness': 0.9792194735315064, 'generation': 284}","{'id': 22003, 'rank': 6, 'fitness': 0.9702394421537053, 'generation': 284}","{'id': 22086, 'rank': 7, 'fitness': 0.969487192330728, 'generation': 284}","{'id': 22043, 'rank': 8, 'fitness': 0.9668949513470664, 'generation': 284}","{'id': 21998, 'rank': 9, 'fitness': 0.9617860435823571, 'generation': 284}","{'id': 21806, 'rank': 10, 'fitness': 0.9604243068652343, 'generation': 284}","{'id': 22077, 'rank': 11, 'fitness': 0.9562186700806661, 'generation': 284}","{'id': 21990, 'rank': 12, 'fitness': 0.9516373661390305, 'generation': 284}","{'id': 22013, 'rank': 13, 'fitness': 0.9452624185785694, 'generation': 284}","{'id': 21976, 'rank': 14, 'fitness': 0.9298105437681817, 'generation': 284}","{'id': 21976, 'rank': 15, 'fitness': 0.9298105437681817, 'generation': 284}","{'id': 22076, 'rank': 16, 'fitness': 0.878951804046281, 'generation': 284}","{'id': 21923, 'rank': 17, 'fitness': 0.8718971887298661, 'generation': 284}","{'id': 21993, 'rank': 18, 'fitness': 0.840788035038301, 'generation': 284}","{'id': 22049, 'rank': 19, 'fitness': 0.8080231908377934, 'generation': 284}","{'id': 22033, 'rank': 20, 'fitness': 0.788458710433831, 'generation': 284}","{'id': 22005, 'rank': 21, 'fitness': 0.7571986190809201, 'generation': 284}","{'id': 22038, 'rank': 22, 'fitness': 0.5906393575933174, 'generation': 284}","{'id': 22008, 'rank': 23, 'fitness': 0.4383276325415706, 'generation': 284}","{'id': 22011, 'rank': 24, 'fitness': 0.3297171780754754, 'generation': 284}","{'id': 22035, 'rank': 25, 'fitness': 0.24595432192784294, 'generation': 284}","{'id': 22035, 'rank': 26, 'fitness': 0.24595432192784294, 'generation': 284}","{'id': 22035, 'rank': 27, 'fitness': 0.24595432192784294, 'generation': 284}","{'id': 22007, 'rank': 28, 'fitness': 0.20674061193774484, 'generation': 284}","{'id': 21851, 'rank': 29, 'fitness': 0.12391352601308392, 'generation': 284}","{'id': 22017, 'rank': 30, 'fitness': 0.01798620996209155, 'generation': 284}"
"{'id': 22101, 'rank': 1, 'fitness': 0.9820137900379085, 'generation': 285}","{'id': 21529, 'rank': 2, 'fitness': 0.9819750412050299, 'generation': 285}","{'id': 21529, 'rank': 3, 'fitness': 0.9819750412050299, 'generation': 285}","{'id': 21529, 'rank': 4, 'fitness': 0.9819750412050299, 'generation': 285}","{'id': 22096, 'rank': 5, 'fitness': 0.9819431698624932, 'generation': 285}","{'id': 22096, 'rank': 6, 'fitness': 0.9819431698624932, 'generation': 285}","{'id': 21991, 'rank': 7, 'fitness': 0.9819085662651836, 'generation': 285}","{'id': 22094, 'rank': 8, 'fitness': 0.9818297905902249, 'generation': 285}","{'id': 21998, 'rank': 9, 'fitness': 0.981586348820287, 'generation': 285}","{'id': 21998, 'rank': 10, 'fitness': 0.981586348820287, 'generation': 285}","{'id': 22077, 'rank': 11, 'fitness': 0.9815127113235291, 'generation': 285}","{'id': 22077, 'rank': 12, 'fitness': 0.9815127113235291, 'generation': 285}","{'id': 22013, 'rank': 13, 'fitness': 0.9813901179589521, 'generation': 285}","{'id': 22092, 'rank': 14, 'fitness': 0.9813619845789661, 'generation': 285}","{'id': 22135, 'rank': 15, 'fitness': 0.9812811622640647, 'generation': 285}","{'id': 22139, 'rank': 16, 'fitness': 0.9812273023923982, 'generation': 285}","{'id': 22116, 'rank': 17, 'fitness': 0.9809586051905209, 'generation': 285}","{'id': 22116, 'rank': 18, 'fitness': 0.9809586051905209, 'generation': 285}","{'id': 22116, 'rank': 19, 'fitness': 0.9809586051905209, 'generation': 285}","{'id': 21923, 'rank': 20, 'fitness': 0.9808962311631473, 'generation': 285}","{'id': 22049, 'rank': 21, 'fitness': 0.98063627899783, 'generation': 285}","{'id': 22090, 'rank': 22, 'fitness': 0.9804592112611868, 'generation': 285}","{'id': 22038, 'rank': 23, 'fitness': 0.9800446977418089, 'generation': 285}","{'id': 22038, 'rank': 24, 'fitness': 0.9800446977418089, 'generation': 285}","{'id': 22008, 'rank': 25, 'fitness': 0.9796971504000185, 'generation': 285}","{'id': 22017, 'rank': 26, 'fitness': 0.9774431502644305, 'generation': 285}","{'id': 22105, 'rank': 27, 'fitness': 0.9771218114579014, 'generation': 285}","{'id': 22107, 'rank': 28, 'fitness': 0.9753854381453853, 'generation': 285}","{'id': 22150, 'rank': 29, 'fitness': 0.8704644196048831, 'generation': 285}","{'id': 22145, 'rank': 30, 'fitness': 0.01798620996209155, 'generation': 285}"
"{'id': 22101, 'rank': 1, 'fitness': 0.9820137900379085, 'generation': 286}","{'id': 22096, 'rank': 2, 'fitness': 0.9782841657963188, 'generation': 286}","{'id': 22166, 'rank': 3, 'fitness': 0.9764045708369806, 'generation': 286}","{'id': 22204, 'rank': 4, 'fitness': 0.9674352300611825, 'generation': 286}","{'id': 22204, 'rank': 5, 'fitness': 0.9674352300611825, 'generation': 286}","{'id': 22204, 'rank': 6, 'fitness': 0.9674352300611825, 'generation': 286}","{'id': 22246, 'rank': 7, 'fitness': 0.9581529322755814, 'generation': 286}","{'id': 22172, 'rank': 8, 'fitness': 0.9576874254540921, 'generation': 286}","{'id': 21998, 'rank': 9, 'fitness': 0.9451929587305176, 'generation': 286}","{'id': 22165, 'rank': 10, 'fitness': 0.9390560912705711, 'generation': 286}","{'id': 22251, 'rank': 11, 'fitness': 0.9389933384283873, 'generation': 286}","{'id': 22159, 'rank': 12, 'fitness': 0.9367144744188851, 'generation': 286}","{'id': 22077, 'rank': 13, 'fitness': 0.9341150737971642, 'generation': 286}","{'id': 22219, 'rank': 14, 'fitness': 0.9196482983977374, 'generation': 286}","{'id': 22201, 'rank': 15, 'fitness': 0.9161004004693809, 'generation': 286}","{'id': 22236, 'rank': 16, 'fitness': 0.9147068250998793, 'generation': 286}","{'id': 22216, 'rank': 17, 'fitness': 0.9087910960518006, 'generation': 286}","{'id': 22092, 'rank': 18, 'fitness': 0.9049195822161085, 'generation': 286}","{'id': 22176, 'rank': 19, 'fitness': 0.8976393893024884, 'generation': 286}","{'id': 22193, 'rank': 20, 'fitness': 0.8676496082122332, 'generation': 286}","{'id': 22215, 'rank': 21, 'fitness': 0.8508432006491926, 'generation': 286}","{'id': 22220, 'rank': 22, 'fitness': 0.8320597284361392, 'generation': 286}","{'id': 22235, 'rank': 23, 'fitness': 0.8232959096995149, 'generation': 286}","{'id': 22169, 'rank': 24, 'fitness': 0.8073298046619797, 'generation': 286}","{'id': 22186, 'rank': 25, 'fitness': 0.7931874791678479, 'generation': 286}","{'id': 21923, 'rank': 26, 'fitness': 0.7390840461229597, 'generation': 286}","{'id': 22170, 'rank': 27, 'fitness': 0.6519163585876154, 'generation': 286}","{'id': 22170, 'rank': 28, 'fitness': 0.6519163585876154, 'generation': 286}","{'id': 22155, 'rank': 29, 'fitness': 0.6010903218278864, 'generation': 286}","{'id': 22210, 'rank': 30, 'fitness': 0.01798620996209155, 'generation': 286}"
"{'id': 22252, 'rank': 1, 'fitness': 0.9820137900379085, 'generation': 287}","{'id': 22166, 'rank': 2, 'fitness': 0.9815687471065525, 'generation': 287}","{'id': 22253, 'rank': 3, 'fitness': 0.9815223477711972, 'generation': 287}","{'id': 22204, 'rank': 4, 'fitness': 0.9810480804065997, 'generation': 287}","{'id': 22312, 'rank': 5, 'fitness': 0.980439134904252, 'generation': 287}","{'id': 22254, 'rank': 6, 'fitness': 0.9800747046155379, 'generation': 287}","{'id': 22254, 'rank': 7, 'fitness': 0.9800747046155379, 'generation': 287}","{'id': 22159, 'rank': 8, 'fitness': 0.9799060471775372, 'generation': 287}","{'id': 22219, 'rank': 9, 'fitness': 0.9794677203724056, 'generation': 287}","{'id': 22201, 'rank': 10, 'fitness': 0.9793864723397405, 'generation': 287}","{'id': 22306, 'rank': 11, 'fitness': 0.9780540096081144, 'generation': 287}","{'id': 22186, 'rank': 12, 'fitness': 0.9774972295717981, 'generation': 287}","{'id': 22298, 'rank': 13, 'fitness': 0.9774173304803868, 'generation': 287}","{'id': 22155, 'rank': 14, 'fitness': 0.9756680223414135, 'generation': 287}","{'id': 22155, 'rank': 15, 'fitness': 0.9756680223414135, 'generation': 287}","{'id': 22269, 'rank': 16, 'fitness': 0.9748792188757135, 'generation': 287}","{'id': 22281, 'rank': 17, 'fitness': 0.974122704721794, 'generation': 287}","{'id': 22281, 'rank': 18, 'fitness': 0.974122704721794, 'generation': 287}","{'id': 22282, 'rank': 19, 'fitness': 0.9705991208562601, 'generation': 287}","{'id': 22315, 'rank': 20, 'fitness': 0.9652392643250505, 'generation': 287}","{'id': 22271, 'rank': 21, 'fitness': 0.9639999908549528, 'generation': 287}","{'id': 22334, 'rank': 22, 'fitness': 0.9556605721207789, 'generation': 287}","{'id': 22334, 'rank': 23, 'fitness': 0.9556605721207789, 'generation': 287}","{'id': 22316, 'rank': 24, 'fitness': 0.9515073590115746, 'generation': 287}","{'id': 22262, 'rank': 25, 'fitness': 0.9343772845425558, 'generation': 287}","{'id': 22262, 'rank': 26, 'fitness': 0.9343772845425558, 'generation': 287}","{'id': 22262, 'rank': 27, 'fitness': 0.9343772845425558, 'generation': 287}","{'id': 22324, 'rank': 28, 'fitness': 0.9050992601104546, 'generation': 287}","{'id': 22301, 'rank': 29, 'fitness': 0.8642163596051142, 'generation': 287}","{'id': 22277, 'rank': 30, 'fitness': 0.01798620996209155, 'generation': 287}"
"{'id': 22419, 'rank': 1, 'fitness': 0.9820137900379085, 'generation': 288}","{'id': 22397, 'rank': 2, 'fitness': 0.9797176904351749, 'generation': 288}","{'id': 22378, 'rank': 3, 'fitness': 0.9772819727010953, 'generation': 288}","{'id': 22159, 'rank': 4, 'fitness': 0.9752315872125638, 'generation': 288}","{'id': 22219, 'rank': 5, 'fitness': 0.9726852131274523, 'generation': 288}","{'id': 22201, 'rank': 6, 'fitness': 0.9721922702954644, 'generation': 288}","{'id': 22364, 'rank': 7, 'fitness': 0.9710317425825427, 'generation': 288}","{'id': 22364, 'rank': 8, 'fitness': 0.9710317425825427, 'generation': 288}","{'id': 22421, 'rank': 9, 'fitness': 0.9705377599895514, 'generation': 288}","{'id': 22421, 'rank': 10, 'fitness': 0.9705377599895514, 'generation': 288}","{'id': 22421, 'rank': 11, 'fitness': 0.9705377599895514, 'generation': 288}","{'id': 22405, 'rank': 12, 'fitness': 0.9699614810380013, 'generation': 288}","{'id': 22365, 'rank': 13, 'fitness': 0.9696976404507266, 'generation': 288}","{'id': 22413, 'rank': 14, 'fitness': 0.967941208115094, 'generation': 288}","{'id': 22306, 'rank': 15, 'fitness': 0.9631131480830412, 'generation': 288}","{'id': 22426, 'rank': 16, 'fitness': 0.9617576716125398, 'generation': 288}","{'id': 22186, 'rank': 17, 'fitness': 0.9587285250079258, 'generation': 288}","{'id': 22416, 'rank': 18, 'fitness': 0.9568072796949885, 'generation': 288}","{'id': 22414, 'rank': 19, 'fitness': 0.9512485608595648, 'generation': 288}","{'id': 22382, 'rank': 20, 'fitness': 0.9511451091364321, 'generation': 288}","{'id': 22391, 'rank': 21, 'fitness': 0.9388602681189638, 'generation': 288}","{'id': 22369, 'rank': 22, 'fitness': 0.9133670174330378, 'generation': 288}","{'id': 22390, 'rank': 23, 'fitness': 0.8947292623666567, 'generation': 288}","{'id': 22388, 'rank': 24, 'fitness': 0.8651004201578474, 'generation': 288}","{'id': 22375, 'rank': 25, 'fitness': 0.8234674778542592, 'generation': 288}","{'id': 22408, 'rank': 26, 'fitness': 0.729736953304462, 'generation': 288}","{'id': 22358, 'rank': 27, 'fitness': 0.7146042747671537, 'generation': 288}","{'id': 22374, 'rank': 28, 'fitness': 0.5915667945457411, 'generation': 288}","{'id': 22357, 'rank': 29, 'fitness': 0.5356803096326246, 'generation': 288}","{'id': 22411, 'rank': 30, 'fitness': 0.01798620996209155, 'generation': 288}"
"{'id': 22501, 'rank': 1, 'fitness': 0.9820137900379085, 'generation': 289}","{'id': 22483, 'rank': 2, 'fitness': 0.9812289985869818, 'generation': 289}","{'id': 22447, 'rank': 3, 'fitness': 0.9811684966207731, 'generation': 289}","{'id': 22447, 'rank': 4, 'fitness': 0.9811684966207731, 'generation': 289}","{'id': 22473, 'rank': 5, 'fitness': 0.9810700077604066, 'generation': 289}","{'id': 22378, 'rank': 6, 'fitness': 0.980792722345518, 'generation': 289}","{'id': 22475, 'rank': 7, 'fitness': 0.9807281106147554, 'generation': 289}","{'id': 22434, 'rank': 8, 'fitness': 0.98065639827001, 'generation': 289}","{'id': 22219, 'rank': 9, 'fitness': 0.980486588901897, 'generation': 289}","{'id': 22201, 'rank': 10, 'fitness': 0.9804565405519892, 'generation': 289}","{'id': 22474, 'rank': 11, 'fitness': 0.980424750104326, 'generation': 289}","{'id': 22364, 'rank': 12, 'fitness': 0.9803876217635157, 'generation': 289}","{'id': 22405, 'rank': 13, 'fitness': 0.9803261981093846, 'generation': 289}","{'id': 22433, 'rank': 14, 'fitness': 0.9799334317623236, 'generation': 289}","{'id': 22433, 'rank': 15, 'fitness': 0.9799334317623236, 'generation': 289}","{'id': 22481, 'rank': 16, 'fitness': 0.9797588107149506, 'generation': 289}","{'id': 22481, 'rank': 17, 'fitness': 0.9797588107149506, 'generation': 289}","{'id': 22416, 'rank': 18, 'fitness': 0.9796963786093826, 'generation': 289}","{'id': 22470, 'rank': 19, 'fitness': 0.979358921794843, 'generation': 289}","{'id': 22484, 'rank': 20, 'fitness': 0.9793424576713694, 'generation': 289}","{'id': 22479, 'rank': 21, 'fitness': 0.9787400836065774, 'generation': 289}","{'id': 22514, 'rank': 22, 'fitness': 0.978705073472024, 'generation': 289}","{'id': 22465, 'rank': 23, 'fitness': 0.9783011636894078, 'generation': 289}","{'id': 22511, 'rank': 24, 'fitness': 0.9777026393173436, 'generation': 289}","{'id': 22494, 'rank': 25, 'fitness': 0.9766556345400672, 'generation': 289}","{'id': 22464, 'rank': 26, 'fitness': 0.976535130832257, 'generation': 289}","{'id': 22408, 'rank': 27, 'fitness': 0.9757990970897091, 'generation': 289}","{'id': 22498, 'rank': 28, 'fitness': 0.9734468780204497, 'generation': 289}","{'id': 22452, 'rank': 29, 'fitness': 0.12374741525419264, 'generation': 289}","{'id': 22454, 'rank': 30, 'fitness': 0.01798620996209155, 'generation': 289}"
"{'id': 22591, 'rank': 1, 'fitness': 0.9820137900379085, 'generation': 290}","{'id': 22592, 'rank': 2, 'fitness': 0.970715888192941, 'generation': 290}","{'id': 22593, 'rank': 3, 'fitness': 0.9696849440149227, 'generation': 290}","{'id': 22593, 'rank': 4, 'fitness': 0.9696849440149227, 'generation': 290}","{'id': 22523, 'rank': 5, 'fitness': 0.9694274853340823, 'generation': 290}","{'id': 22543, 'rank': 6, 'fitness': 0.9686186751993421, 'generation': 290}","{'id': 22521, 'rank': 7, 'fitness': 0.9683854298641826, 'generation': 290}","{'id': 22521, 'rank': 8, 'fitness': 0.9683854298641826, 'generation': 290}","{'id': 22568, 'rank': 9, 'fitness': 0.9542106237347745, 'generation': 290}","{'id': 22570, 'rank': 10, 'fitness': 0.9328726409229204, 'generation': 290}","{'id': 22580, 'rank': 11, 'fitness': 0.9236428833918715, 'generation': 290}","{'id': 22434, 'rank': 12, 'fitness': 0.9149020799112254, 'generation': 290}","{'id': 22364, 'rank': 13, 'fitness': 0.8790243795841624, 'generation': 290}","{'id': 22565, 'rank': 14, 'fitness': 0.85997266869567, 'generation': 290}","{'id': 22515, 'rank': 15, 'fitness': 0.8492441928075258, 'generation': 290}","{'id': 22589, 'rank': 16, 'fitness': 0.8316074255280952, 'generation': 290}","{'id': 22433, 'rank': 17, 'fitness': 0.7913305495786123, 'generation': 290}","{'id': 22529, 'rank': 18, 'fitness': 0.758215788984463, 'generation': 290}","{'id': 22579, 'rank': 19, 'fitness': 0.706866125172468, 'generation': 290}","{'id': 22557, 'rank': 20, 'fitness': 0.6863832120406599, 'generation': 290}","{'id': 22535, 'rank': 21, 'fitness': 0.6372969782022286, 'generation': 290}","{'id': 22574, 'rank': 22, 'fitness': 0.5955749304128493, 'generation': 290}","{'id': 22553, 'rank': 23, 'fitness': 0.4715300066391005, 'generation': 290}","{'id': 22517, 'rank': 24, 'fitness': 0.4248069048395928, 'generation': 290}","{'id': 22537, 'rank': 25, 'fitness': 0.38949864555111474, 'generation': 290}","{'id': 22537, 'rank': 26, 'fitness': 0.38949864555111474, 'generation': 290}","{'id': 22536, 'rank': 27, 'fitness': 0.3278437675243645, 'generation': 290}","{'id': 22539, 'rank': 28, 'fitness': 0.3049465572796357, 'generation': 290}","{'id': 22556, 'rank': 29, 'fitness': 0.15827938858560908, 'generation': 290}","{'id': 22408, 'rank': 30, 'fitness': 0.01798620996209155, 'generation': 290}"
"{'id': 22591, 'rank': 1, 'fitness': 0.9820137900379085, 'generation': 291}","{'id': 22591, 'rank': 2, 'fitness': 0.9820137900379085, 'generation': 291}","{'id': 22593, 'rank': 3, 'fitness': 0.9814233244810495, 'generation': 291}","{'id': 22593, 'rank': 4, 'fitness': 0.9814233244810495, 'generation': 291}","{'id': 22523, 'rank': 5, 'fitness': 0.9814135358782633, 'generation': 291}","{'id': 22543, 'rank': 6, 'fitness': 0.9813832639978795, 'generation': 291}","{'id': 22660, 'rank': 7, 'fitness': 0.9813151440717094, 'generation': 291}","{'id': 22608, 'rank': 8, 'fitness': 0.9812919947060154, 'generation': 291}","{'id': 22620, 'rank': 9, 'fitness': 0.9811374213065478, 'generation': 291}","{'id': 22568, 'rank': 10, 'fitness': 0.9809364262240998, 'generation': 291}","{'id': 22645, 'rank': 11, 'fitness': 0.9803937156920073, 'generation': 291}","{'id': 22645, 'rank': 12, 'fitness': 0.9803937156920073, 'generation': 291}","{'id': 22580, 'rank': 13, 'fitness': 0.9803003058083964, 'generation': 291}","{'id': 22628, 'rank': 14, 'fitness': 0.9797666964611162, 'generation': 291}","{'id': 22364, 'rank': 15, 'fitness': 0.9796853858537637, 'generation': 291}","{'id': 22515, 'rank': 16, 'fitness': 0.9793712913159902, 'generation': 291}","{'id': 22433, 'rank': 17, 'fitness': 0.9788735173295421, 'generation': 291}","{'id': 22433, 'rank': 18, 'fitness': 0.9788735173295421, 'generation': 291}","{'id': 22579, 'rank': 19, 'fitness': 0.9782895812936765, 'generation': 291}","{'id': 22631, 'rank': 20, 'fitness': 0.9770711134448596, 'generation': 291}","{'id': 22631, 'rank': 21, 'fitness': 0.9770711134448596, 'generation': 291}","{'id': 22631, 'rank': 22, 'fitness': 0.9770711134448596, 'generation': 291}","{'id': 22517, 'rank': 23, 'fitness': 0.9766879359969526, 'generation': 291}","{'id': 22537, 'rank': 24, 'fitness': 0.9764819974344418, 'generation': 291}","{'id': 22537, 'rank': 25, 'fitness': 0.9764819974344418, 'generation': 291}","{'id': 22537, 'rank': 26, 'fitness': 0.9764819974344418, 'generation': 291}","{'id': 22630, 'rank': 27, 'fitness': 0.9722918824583885, 'generation': 291}","{'id': 22623, 'rank': 28, 'fitness': 0.9530015207484592, 'generation': 291}","{'id': 22649, 'rank': 29, 'fitness': 0.6547609354004504, 'generation': 291}","{'id': 22641, 'rank': 30, 'fitness': 0.01798620996209155, 'generation': 291}"
"{'id': 22699, 'rank': 1, 'fitness': 0.9820137900379085, 'generation': 292}","{'id': 22543, 'rank': 2, 'fitness': 0.9814169892657119, 'generation': 292}","{'id': 22660, 'rank': 3, 'fitness': 0.980897401150393, 'generation': 292}","{'id': 22660, 'rank': 4, 'fitness': 0.980897401150393, 'generation': 292}","{'id': 22608, 'rank': 5, 'fitness': 0.9807180381765517, 'generation': 292}","{'id': 22737, 'rank': 6, 'fitness': 0.9806594005636273, 'generation': 292}","{'id': 22745, 'rank': 7, 'fitness': 0.9800059042830611, 'generation': 292}","{'id': 22741, 'rank': 8, 'fitness': 0.9799737454203036, 'generation': 292}","{'id': 22671, 'rank': 9, 'fitness': 0.9795726088339602, 'generation': 292}","{'id': 22696, 'rank': 10, 'fitness': 0.9795484649487745, 'generation': 292}","{'id': 22732, 'rank': 11, 'fitness': 0.9791827996882789, 'generation': 292}","{'id': 22568, 'rank': 12, 'fitness': 0.9777778848836871, 'generation': 292}","{'id': 22568, 'rank': 13, 'fitness': 0.9777778848836871, 'generation': 292}","{'id': 22733, 'rank': 14, 'fitness': 0.9757279930828839, 'generation': 292}","{'id': 22697, 'rank': 15, 'fitness': 0.9728078599183767, 'generation': 292}","{'id': 22645, 'rank': 16, 'fitness': 0.9725627119731269, 'generation': 292}","{'id': 22645, 'rank': 17, 'fitness': 0.9725627119731269, 'generation': 292}","{'id': 22667, 'rank': 18, 'fitness': 0.972029591974433, 'generation': 292}","{'id': 22580, 'rank': 19, 'fitness': 0.9715686284809222, 'generation': 292}","{'id': 22693, 'rank': 20, 'fitness': 0.971333357805676, 'generation': 292}","{'id': 22693, 'rank': 21, 'fitness': 0.971333357805676, 'generation': 292}","{'id': 22734, 'rank': 22, 'fitness': 0.9705429131855936, 'generation': 292}","{'id': 22515, 'rank': 23, 'fitness': 0.9599313961520388, 'generation': 292}","{'id': 22725, 'rank': 24, 'fitness': 0.9562041714710465, 'generation': 292}","{'id': 22725, 'rank': 25, 'fitness': 0.9562041714710465, 'generation': 292}","{'id': 22669, 'rank': 26, 'fitness': 0.9549662765075657, 'generation': 292}","{'id': 22433, 'rank': 27, 'fitness': 0.9522281496079581, 'generation': 292}","{'id': 22704, 'rank': 28, 'fitness': 0.9260555079416046, 'generation': 292}","{'id': 22680, 'rank': 29, 'fitness': 0.8966299895822618, 'generation': 292}","{'id': 22683, 'rank': 30, 'fitness': 0.01798620996209155, 'generation': 292}"
"{'id': 22753, 'rank': 1, 'fitness': 0.9820137900379085, 'generation': 293}","{'id': 22759, 'rank': 2, 'fitness': 0.9812107286668421, 'generation': 293}","{'id': 22812, 'rank': 3, 'fitness': 0.9431938230144792, 'generation': 293}","{'id': 22824, 'rank': 4, 'fitness': 0.9330431102246081, 'generation': 293}","{'id': 22699, 'rank': 5, 'fitness': 0.9163590628191294, 'generation': 293}","{'id': 22543, 'rank': 6, 'fitness': 0.9022570747922478, 'generation': 293}","{'id': 22660, 'rank': 7, 'fitness': 0.888721354497036, 'generation': 293}","{'id': 22660, 'rank': 8, 'fitness': 0.888721354497036, 'generation': 293}","{'id': 22608, 'rank': 9, 'fitness': 0.8837727189675053, 'generation': 293}","{'id': 22737, 'rank': 10, 'fitness': 0.8821240094351424, 'generation': 293}","{'id': 22737, 'rank': 11, 'fitness': 0.8821240094351424, 'generation': 293}","{'id': 22741, 'rank': 12, 'fitness': 0.8617141726402762, 'generation': 293}","{'id': 22671, 'rank': 13, 'fitness': 0.8488112244017851, 'generation': 293}","{'id': 22696, 'rank': 14, 'fitness': 0.8480121609110679, 'generation': 293}","{'id': 22732, 'rank': 15, 'fitness': 0.8356021329064454, 'generation': 293}","{'id': 22568, 'rank': 16, 'fitness': 0.7827858084725692, 'generation': 293}","{'id': 22752, 'rank': 17, 'fitness': 0.7235062684382982, 'generation': 293}","{'id': 22813, 'rank': 18, 'fitness': 0.6950259263193221, 'generation': 293}","{'id': 22784, 'rank': 19, 'fitness': 0.6066009063350759, 'generation': 293}","{'id': 22697, 'rank': 20, 'fitness': 0.5537351082303075, 'generation': 293}","{'id': 22734, 'rank': 21, 'fitness': 0.4480738767735084, 'generation': 293}","{'id': 22749, 'rank': 22, 'fitness': 0.33633048419488465, 'generation': 293}","{'id': 22793, 'rank': 23, 'fitness': 0.15102380941193239, 'generation': 293}","{'id': 22515, 'rank': 24, 'fitness': 0.1358427246482385, 'generation': 293}","{'id': 22765, 'rank': 25, 'fitness': 0.12414968801000775, 'generation': 293}","{'id': 22828, 'rank': 26, 'fitness': 0.10600540321018981, 'generation': 293}","{'id': 22828, 'rank': 27, 'fitness': 0.10600540321018981, 'generation': 293}","{'id': 22725, 'rank': 28, 'fitness': 0.08878366907363527, 'generation': 293}","{'id': 22821, 'rank': 29, 'fitness': 0.020991664985691993, 'generation': 293}","{'id': 22750, 'rank': 30, 'fitness': 0.01798620996209155, 'generation': 293}"
"{'id': 22849, 'rank': 1, 'fitness': 0.9820137900379085, 'generation': 294}","{'id': 22812, 'rank': 2, 'fitness': 0.9819493489434585, 'generation': 294}","{'id': 22850, 'rank': 3, 'fitness': 0.9819405508257484, 'generation': 294}","{'id': 22699, 'rank': 4, 'fitness': 0.981923336467212, 'generation': 294}","{'id': 22543, 'rank': 5, 'fitness': 0.9819126069418305, 'generation': 294}","{'id': 22660, 'rank': 6, 'fitness': 0.9819035324974521, 'generation': 294}","{'id': 22737, 'rank': 7, 'fitness': 0.9818994549787685, 'generation': 294}","{'id': 22836, 'rank': 8, 'fitness': 0.9818893404468051, 'generation': 294}","{'id': 22741, 'rank': 9, 'fitness': 0.9818879724423393, 'generation': 294}","{'id': 22741, 'rank': 10, 'fitness': 0.9818879724423393, 'generation': 294}","{'id': 22696, 'rank': 11, 'fitness': 0.9818810388716224, 'generation': 294}","{'id': 22696, 'rank': 12, 'fitness': 0.9818810388716224, 'generation': 294}","{'id': 22568, 'rank': 13, 'fitness': 0.9818535868870254, 'generation': 294}","{'id': 22752, 'rank': 14, 'fitness': 0.9818334609497363, 'generation': 294}","{'id': 22752, 'rank': 15, 'fitness': 0.9818334609497363, 'generation': 294}","{'id': 22813, 'rank': 16, 'fitness': 0.9818247638424804, 'generation': 294}","{'id': 22813, 'rank': 17, 'fitness': 0.9818247638424804, 'generation': 294}","{'id': 22828, 'rank': 18, 'fitness': 0.9816377598896525, 'generation': 294}","{'id': 22828, 'rank': 19, 'fitness': 0.9816377598896525, 'generation': 294}","{'id': 22867, 'rank': 20, 'fitness': 0.9812667223174161, 'generation': 294}","{'id': 22866, 'rank': 21, 'fitness': 0.980757934183591, 'generation': 294}","{'id': 22855, 'rank': 22, 'fitness': 0.9798060987963393, 'generation': 294}","{'id': 22883, 'rank': 23, 'fitness': 0.979575228426399, 'generation': 294}","{'id': 22879, 'rank': 24, 'fitness': 0.9788862313646846, 'generation': 294}","{'id': 22842, 'rank': 25, 'fitness': 0.97793305432607, 'generation': 294}","{'id': 22874, 'rank': 26, 'fitness': 0.9775816888727914, 'generation': 294}","{'id': 22835, 'rank': 27, 'fitness': 0.9753827586475983, 'generation': 294}","{'id': 22861, 'rank': 28, 'fitness': 0.9738370296351369, 'generation': 294}","{'id': 22891, 'rank': 29, 'fitness': 0.9529918948049361, 'generation': 294}","{'id': 22878, 'rank': 30, 'fitness': 0.01798620996209155, 'generation': 294}"
"{'id': 22849, 'rank': 1, 'fitness': 0.9820137900379085, 'generation': 295}","{'id': 22955, 'rank': 2, 'fitness': 0.9801683683122404, 'generation': 295}","{'id': 22812, 'rank': 3, 'fitness': 0.979183997673908, 'generation': 295}","{'id': 22836, 'rank': 4, 'fitness': 0.9761705016183984, 'generation': 295}","{'id': 22696, 'rank': 5, 'fitness': 0.9757222617274239, 'generation': 295}","{'id': 22696, 'rank': 6, 'fitness': 0.9757222617274239, 'generation': 295}","{'id': 22568, 'rank': 7, 'fitness': 0.9741822363318109, 'generation': 295}","{'id': 22568, 'rank': 8, 'fitness': 0.9741822363318109, 'generation': 295}","{'id': 22568, 'rank': 9, 'fitness': 0.9741822363318109, 'generation': 295}","{'id': 22896, 'rank': 10, 'fitness': 0.9736730214616264, 'generation': 295}","{'id': 22944, 'rank': 11, 'fitness': 0.9736369897191355, 'generation': 295}","{'id': 22752, 'rank': 12, 'fitness': 0.972994745952343, 'generation': 295}","{'id': 22752, 'rank': 13, 'fitness': 0.972994745952343, 'generation': 295}","{'id': 22970, 'rank': 14, 'fitness': 0.9727169719538784, 'generation': 295}","{'id': 22970, 'rank': 15, 'fitness': 0.9727169719538784, 'generation': 295}","{'id': 22964, 'rank': 16, 'fitness': 0.9726281390096635, 'generation': 295}","{'id': 22964, 'rank': 17, 'fitness': 0.9726281390096635, 'generation': 295}","{'id': 22813, 'rank': 18, 'fitness': 0.9724657239530841, 'generation': 295}","{'id': 22905, 'rank': 19, 'fitness': 0.9698445340841244, 'generation': 295}","{'id': 22929, 'rank': 20, 'fitness': 0.9697835810244746, 'generation': 295}","{'id': 22918, 'rank': 21, 'fitness': 0.9667562501161397, 'generation': 295}","{'id': 22920, 'rank': 22, 'fitness': 0.9650416394759422, 'generation': 295}","{'id': 22938, 'rank': 23, 'fitness': 0.962770927221736, 'generation': 295}","{'id': 22915, 'rank': 24, 'fitness': 0.9561428202014719, 'generation': 295}","{'id': 22941, 'rank': 25, 'fitness': 0.941356698578653, 'generation': 295}","{'id': 22941, 'rank': 26, 'fitness': 0.941356698578653, 'generation': 295}","{'id': 22941, 'rank': 27, 'fitness': 0.941356698578653, 'generation': 295}","{'id': 22925, 'rank': 28, 'fitness': 0.9263417842938124, 'generation': 295}","{'id': 22936, 'rank': 29, 'fitness': 0.14518556076885036, 'generation': 295}","{'id': 22958, 'rank': 30, 'fitness': 0.01798620996209155, 'generation': 295}"
"{'id': 23014, 'rank': 1, 'fitness': 0.9820137900379085, 'generation': 296}","{'id': 23021, 'rank': 2, 'fitness': 0.9406897041835931, 'generation': 296}","{'id': 22955, 'rank': 3, 'fitness': 0.9257317302911333, 'generation': 296}","{'id': 22812, 'rank': 4, 'fitness': 0.9070732846296866, 'generation': 296}","{'id': 23020, 'rank': 5, 'fitness': 0.8975093357752086, 'generation': 296}","{'id': 23020, 'rank': 6, 'fitness': 0.8975093357752086, 'generation': 296}","{'id': 22836, 'rank': 7, 'fitness': 0.8312752504071556, 'generation': 296}","{'id': 22696, 'rank': 8, 'fitness': 0.8176164761596613, 'generation': 296}","{'id': 22568, 'rank': 9, 'fitness': 0.7664516903803513, 'generation': 296}","{'id': 22568, 'rank': 10, 'fitness': 0.7664516903803513, 'generation': 296}","{'id': 22896, 'rank': 11, 'fitness': 0.7482363846781968, 'generation': 296}","{'id': 22752, 'rank': 12, 'fitness': 0.7231245353193974, 'generation': 296}","{'id': 22970, 'rank': 13, 'fitness': 0.7125917550586884, 'generation': 296}","{'id': 22964, 'rank': 14, 'fitness': 0.709195723228222, 'generation': 296}","{'id': 23038, 'rank': 15, 'fitness': 0.6588769060330677, 'generation': 296}","{'id': 23044, 'rank': 16, 'fitness': 0.6520192174758738, 'generation': 296}","{'id': 22980, 'rank': 17, 'fitness': 0.6466565719242452, 'generation': 296}","{'id': 22905, 'rank': 18, 'fitness': 0.5983156571672293, 'generation': 296}","{'id': 23030, 'rank': 19, 'fitness': 0.5275381388359074, 'generation': 296}","{'id': 22982, 'rank': 20, 'fitness': 0.5150669062212452, 'generation': 296}","{'id': 23009, 'rank': 21, 'fitness': 0.4859420973144842, 'generation': 296}","{'id': 23003, 'rank': 22, 'fitness': 0.4378802119969583, 'generation': 296}","{'id': 23003, 'rank': 23, 'fitness': 0.4378802119969583, 'generation': 296}","{'id': 22983, 'rank': 24, 'fitness': 0.43070054098408617, 'generation': 296}","{'id': 22920, 'rank': 25, 'fitness': 0.41172976920343324, 'generation': 296}","{'id': 23005, 'rank': 26, 'fitness': 0.36947912239589736, 'generation': 296}","{'id': 23010, 'rank': 27, 'fitness': 0.15959742150988976, 'generation': 296}","{'id': 23034, 'rank': 28, 'fitness': 0.11869199999535784, 'generation': 296}","{'id': 23035, 'rank': 29, 'fitness': 0.04274903341612235, 'generation': 296}","{'id': 23000, 'rank': 30, 'fitness': 0.01798620996209155, 'generation': 296}"
"{'id': 23014, 'rank': 1, 'fitness': 0.9820137900379085, 'generation': 297}","{'id': 23021, 'rank': 2, 'fitness': 0.9816841038579578, 'generation': 297}","{'id': 23020, 'rank': 3, 'fitness': 0.9815235874963548, 'generation': 297}","{'id': 23020, 'rank': 4, 'fitness': 0.9815235874963548, 'generation': 297}","{'id': 23020, 'rank': 5, 'fitness': 0.9815235874963548, 'generation': 297}","{'id': 22836, 'rank': 6, 'fitness': 0.9813668417770319, 'generation': 297}","{'id': 22568, 'rank': 7, 'fitness': 0.9812553264660526, 'generation': 297}","{'id': 22568, 'rank': 8, 'fitness': 0.9812553264660526, 'generation': 297}","{'id': 22752, 'rank': 9, 'fitness': 0.9811923614090812, 'generation': 297}","{'id': 22752, 'rank': 10, 'fitness': 0.9811923614090812, 'generation': 297}","{'id': 22752, 'rank': 11, 'fitness': 0.9811923614090812, 'generation': 297}","{'id': 22970, 'rank': 12, 'fitness': 0.9811779928146258, 'generation': 297}","{'id': 22970, 'rank': 13, 'fitness': 0.9811779928146258, 'generation': 297}","{'id': 23038, 'rank': 14, 'fitness': 0.9811088540455168, 'generation': 297}","{'id': 23003, 'rank': 15, 'fitness': 0.9808553287019897, 'generation': 297}","{'id': 22983, 'rank': 16, 'fitness': 0.980847114393405, 'generation': 297}","{'id': 22920, 'rank': 17, 'fitness': 0.980825222192653, 'generation': 297}","{'id': 23034, 'rank': 18, 'fitness': 0.980355824823115, 'generation': 297}","{'id': 23000, 'rank': 19, 'fitness': 0.9797724916487307, 'generation': 297}","{'id': 23086, 'rank': 20, 'fitness': 0.9768476976692306, 'generation': 297}","{'id': 23088, 'rank': 21, 'fitness': 0.9765895367596897, 'generation': 297}","{'id': 23073, 'rank': 22, 'fitness': 0.9754233980513864, 'generation': 297}","{'id': 23073, 'rank': 23, 'fitness': 0.9754233980513864, 'generation': 297}","{'id': 23109, 'rank': 24, 'fitness': 0.8857792544893901, 'generation': 297}","{'id': 23069, 'rank': 25, 'fitness': 0.864825277738277, 'generation': 297}","{'id': 23108, 'rank': 26, 'fitness': 0.8625908536124295, 'generation': 297}","{'id': 23071, 'rank': 27, 'fitness': 0.8300543478061414, 'generation': 297}","{'id': 23115, 'rank': 28, 'fitness': 0.7567132024147429, 'generation': 297}","{'id': 23113, 'rank': 29, 'fitness': 0.5425156845482336, 'generation': 297}","{'id': 23095, 'rank': 30, 'fitness': 0.01798620996209155, 'generation': 297}"
"{'id': 23137, 'rank': 1, 'fitness': 0.9820137900379085, 'generation': 298}","{'id': 23137, 'rank': 2, 'fitness': 0.9820137900379085, 'generation': 298}","{'id': 23135, 'rank': 3, 'fitness': 0.9804776348908157, 'generation': 298}","{'id': 23135, 'rank': 4, 'fitness': 0.9804776348908157, 'generation': 298}","{'id': 23014, 'rank': 5, 'fitness': 0.9778250149512377, 'generation': 298}","{'id': 23171, 'rank': 6, 'fitness': 0.9468806208468712, 'generation': 298}","{'id': 23174, 'rank': 7, 'fitness': 0.9465754641130344, 'generation': 298}","{'id': 23020, 'rank': 8, 'fitness': 0.921264361607082, 'generation': 298}","{'id': 23172, 'rank': 9, 'fitness': 0.9136918633392083, 'generation': 298}","{'id': 23141, 'rank': 10, 'fitness': 0.9071730247838818, 'generation': 298}","{'id': 23169, 'rank': 11, 'fitness': 0.8855914812220156, 'generation': 298}","{'id': 22568, 'rank': 12, 'fitness': 0.8517208997310948, 'generation': 298}","{'id': 22752, 'rank': 13, 'fitness': 0.8295742359955707, 'generation': 298}","{'id': 22970, 'rank': 14, 'fitness': 0.8241774498660899, 'generation': 298}","{'id': 23126, 'rank': 15, 'fitness': 0.7747937101055198, 'generation': 298}","{'id': 23163, 'rank': 16, 'fitness': 0.7672934926651535, 'generation': 298}","{'id': 23148, 'rank': 17, 'fitness': 0.7654105603970747, 'generation': 298}","{'id': 23149, 'rank': 18, 'fitness': 0.6588784903561298, 'generation': 298}","{'id': 23149, 'rank': 19, 'fitness': 0.6588784903561298, 'generation': 298}","{'id': 23156, 'rank': 20, 'fitness': 0.6487684115999697, 'generation': 298}","{'id': 23194, 'rank': 21, 'fitness': 0.6447598793099903, 'generation': 298}","{'id': 23142, 'rank': 22, 'fitness': 0.5898594978411505, 'generation': 298}","{'id': 23159, 'rank': 23, 'fitness': 0.5520864994066111, 'generation': 298}","{'id': 23189, 'rank': 24, 'fitness': 0.4908473705448866, 'generation': 298}","{'id': 23165, 'rank': 25, 'fitness': 0.485196548020373, 'generation': 298}","{'id': 23173, 'rank': 26, 'fitness': 0.41975346042895323, 'generation': 298}","{'id': 23147, 'rank': 27, 'fitness': 0.36410518838503014, 'generation': 298}","{'id': 23192, 'rank': 28, 'fitness': 0.32679227310532954, 'generation': 298}","{'id': 23167, 'rank': 29, 'fitness': 0.3191527811882088, 'generation': 298}","{'id': 23202, 'rank': 30, 'fitness': 0.01798620996209155, 'generation': 298}"
"{'id': 23232, 'rank': 1, 'fitness': 0.9820137900379085, 'generation': 299}","{'id': 23137, 'rank': 2, 'fitness': 0.9819443492311819, 'generation': 299}","{'id': 23137, 'rank': 3, 'fitness': 0.9819443492311819, 'generation': 299}","{'id': 23137, 'rank': 4, 'fitness': 0.9819443492311819, 'generation': 299}","{'id': 23137, 'rank': 5, 'fitness': 0.9819443492311819, 'generation': 299}","{'id': 23239, 'rank': 6, 'fitness': 0.981860032575777, 'generation': 299}","{'id': 23014, 'rank': 7, 'fitness': 0.981774954321986, 'generation': 299}","{'id': 23172, 'rank': 8, 'fitness': 0.9806029546791124, 'generation': 299}","{'id': 23247, 'rank': 9, 'fitness': 0.980574803413216, 'generation': 299}","{'id': 23169, 'rank': 10, 'fitness': 0.980336055820217, 'generation': 299}","{'id': 23169, 'rank': 11, 'fitness': 0.980336055820217, 'generation': 299}","{'id': 23228, 'rank': 12, 'fitness': 0.9801875168012187, 'generation': 299}","{'id': 23244, 'rank': 13, 'fitness': 0.980155227591615, 'generation': 299}","{'id': 22752, 'rank': 14, 'fitness': 0.9799339956456046, 'generation': 299}","{'id': 22970, 'rank': 15, 'fitness': 0.9799009653858365, 'generation': 299}","{'id': 23246, 'rank': 16, 'fitness': 0.979708226204137, 'generation': 299}","{'id': 23126, 'rank': 17, 'fitness': 0.9796279476786223, 'generation': 299}","{'id': 23156, 'rank': 18, 'fitness': 0.9790679745948367, 'generation': 299}","{'id': 23159, 'rank': 19, 'fitness': 0.9786957038024422, 'generation': 299}","{'id': 23189, 'rank': 20, 'fitness': 0.9784664230684401, 'generation': 299}","{'id': 23165, 'rank': 21, 'fitness': 0.9784451987016827, 'generation': 299}","{'id': 23165, 'rank': 22, 'fitness': 0.9784451987016827, 'generation': 299}","{'id': 23275, 'rank': 23, 'fitness': 0.9779610896188229, 'generation': 299}","{'id': 23275, 'rank': 24, 'fitness': 0.9779610896188229, 'generation': 299}","{'id': 23275, 'rank': 25, 'fitness': 0.9779610896188229, 'generation': 299}","{'id': 23202, 'rank': 26, 'fitness': 0.9744174710199088, 'generation': 299}","{'id': 23241, 'rank': 27, 'fitness': 0.9554948496096094, 'generation': 299}","{'id': 23256, 'rank': 28, 'fitness': 0.8636660756930118, 'generation': 299}","{'id': 23284, 'rank': 29, 'fitness': 0.5806350401796636, 'generation': 299}","{'id': 23253, 'rank': 30, 'fitness': 0.01798620996209155, 'generation': 299}"
"{'id': 23312, 'rank': 1, 'fitness': 0.9820137900379085, 'generation': 300}","{'id': 23312, 'rank': 2, 'fitness': 0.9820137900379085, 'generation': 300}","{'id': 23301, 'rank': 3, 'fitness': 0.9639776687120138, 'generation': 300}","{'id': 23137, 'rank': 4, 'fitness': 0.9629179148956684, 'generation': 300}","{'id': 23014, 'rank': 5, 'fitness': 0.9534582827919593, 'generation': 300}","{'id': 23014, 'rank': 6, 'fitness': 0.9534582827919593, 'generation': 300}","{'id': 23355, 'rank': 7, 'fitness': 0.9490291500917226, 'generation': 300}","{'id': 23305, 'rank': 8, 'fitness': 0.9467159255157653, 'generation': 300}","{'id': 23315, 'rank': 9, 'fitness': 0.9335447273389971, 'generation': 300}","{'id': 23287, 'rank': 10, 'fitness': 0.8952803446035567, 'generation': 300}","{'id': 23331, 'rank': 11, 'fitness': 0.8429102145816547, 'generation': 300}","{'id': 23307, 'rank': 12, 'fitness': 0.8427616191333376, 'generation': 300}","{'id': 23307, 'rank': 13, 'fitness': 0.8427616191333376, 'generation': 300}","{'id': 23313, 'rank': 14, 'fitness': 0.8352637079620956, 'generation': 300}","{'id': 23302, 'rank': 15, 'fitness': 0.8278435482310047, 'generation': 300}","{'id': 23247, 'rank': 16, 'fitness': 0.8020954673931626, 'generation': 300}","{'id': 23169, 'rank': 17, 'fitness': 0.7481652153360256, 'generation': 300}","{'id': 23228, 'rank': 18, 'fitness': 0.7104297470960604, 'generation': 300}","{'id': 22970, 'rank': 19, 'fitness': 0.6300000425089787, 'generation': 300}","{'id': 23325, 'rank': 20, 'fitness': 0.5895596886082308, 'generation': 300}","{'id': 23328, 'rank': 21, 'fitness': 0.3419269152327964, 'generation': 300}","{'id': 23159, 'rank': 22, 'fitness': 0.2788369200384452, 'generation': 300}","{'id': 23165, 'rank': 23, 'fitness': 0.22304087316588395, 'generation': 300}","{'id': 23295, 'rank': 24, 'fitness': 0.10069469929520602, 'generation': 300}","{'id': 23321, 'rank': 25, 'fitness': 0.10060871142332228, 'generation': 300}","{'id': 23317, 'rank': 26, 'fitness': 0.07975369325589698, 'generation': 300}","{'id': 23317, 'rank': 27, 'fitness': 0.07975369325589698, 'generation': 300}","{'id': 23352, 'rank': 28, 'fitness': 0.049933308471583615, 'generation': 300}","{'id': 23338, 'rank': 29, 'fitness': 0.030353328228051868, 'generation': 300}","{'id': 23341, 'rank': 30, 'fitness': 0.01798620996209155, 'generation': 300}"
"{'id': 23424, 'rank': 1, 'fitness': 0.9820137900379085, 'generation': 301}","{'id': 23424, 'rank': 2, 'fitness': 0.9820137900379085, 'generation': 301}","{'id': 23408, 'rank': 3, 'fitness': 0.9810895979024343, 'generation': 301}","{'id': 23014, 'rank': 4, 'fitness': 0.981068999139749, 'generation': 301}","{'id': 23406, 'rank': 5, 'fitness': 0.9809690905201252, 'generation': 301}","{'id': 23355, 'rank': 6, 'fitness': 0.9809457198213503, 'generation': 301}","{'id': 23425, 'rank': 7, 'fitness': 0.9804989305626671, 'generation': 301}","{'id': 23287, 'rank': 8, 'fitness': 0.9799118763532874, 'generation': 301}","{'id': 23331, 'rank': 9, 'fitness': 0.9792670802644826, 'generation': 301}","{'id': 23313, 'rank': 10, 'fitness': 0.9791873055097122, 'generation': 301}","{'id': 23325, 'rank': 11, 'fitness': 0.9773310922368892, 'generation': 301}","{'id': 23398, 'rank': 12, 'fitness': 0.9764951892902685, 'generation': 301}","{'id': 23398, 'rank': 13, 'fitness': 0.9764951892902685, 'generation': 301}","{'id': 23398, 'rank': 14, 'fitness': 0.9764951892902685, 'generation': 301}","{'id': 23159, 'rank': 15, 'fitness': 0.9752281258563438, 'generation': 301}","{'id': 23371, 'rank': 16, 'fitness': 0.9742392392426303, 'generation': 301}","{'id': 23295, 'rank': 17, 'fitness': 0.973068417134012, 'generation': 301}","{'id': 23317, 'rank': 18, 'fitness': 0.972599676039551, 'generation': 301}","{'id': 23397, 'rank': 19, 'fitness': 0.9723236547215917, 'generation': 301}","{'id': 23390, 'rank': 20, 'fitness': 0.9714998255247237, 'generation': 301}","{'id': 23400, 'rank': 21, 'fitness': 0.9693701600425201, 'generation': 301}","{'id': 23417, 'rank': 22, 'fitness': 0.9634864193006341, 'generation': 301}","{'id': 23417, 'rank': 23, 'fitness': 0.9634864193006341, 'generation': 301}","{'id': 23417, 'rank': 24, 'fitness': 0.9634864193006341, 'generation': 301}","{'id': 23415, 'rank': 25, 'fitness': 0.7985052785865402, 'generation': 301}","{'id': 23419, 'rank': 26, 'fitness': 0.718959334363179, 'generation': 301}","{'id': 23364, 'rank': 27, 'fitness': 0.3301796420188975, 'generation': 301}","{'id': 23364, 'rank': 28, 'fitness': 0.3301796420188975, 'generation': 301}","{'id': 23363, 'rank': 29, 'fitness': 0.09899178842901518, 'generation': 301}","{'id': 23428, 'rank': 30, 'fitness': 0.01798620996209155, 'generation': 301}"
"{'id': 23518, 'rank': 1, 'fitness': 0.9820137900379085, 'generation': 302}","{'id': 23518, 'rank': 2, 'fitness': 0.9820137900379085, 'generation': 302}","{'id': 23518, 'rank': 3, 'fitness': 0.9820137900379085, 'generation': 302}","{'id': 23520, 'rank': 4, 'fitness': 0.9707191595879366, 'generation': 302}","{'id': 23408, 'rank': 5, 'fitness': 0.969148316915718, 'generation': 302}","{'id': 23014, 'rank': 6, 'fitness': 0.9686257545275928, 'generation': 302}","{'id': 23487, 'rank': 7, 'fitness': 0.968492106928115, 'generation': 302}","{'id': 23481, 'rank': 8, 'fitness': 0.9545661561686812, 'generation': 302}","{'id': 23508, 'rank': 9, 'fitness': 0.9434241788128479, 'generation': 302}","{'id': 23495, 'rank': 10, 'fitness': 0.9236466445372604, 'generation': 302}","{'id': 23287, 'rank': 11, 'fitness': 0.9230579907734457, 'generation': 302}","{'id': 23313, 'rank': 12, 'fitness': 0.8720863647263046, 'generation': 302}","{'id': 23478, 'rank': 13, 'fitness': 0.8345440637340784, 'generation': 302}","{'id': 23478, 'rank': 14, 'fitness': 0.8345440637340784, 'generation': 302}","{'id': 23510, 'rank': 15, 'fitness': 0.7871839225644733, 'generation': 302}","{'id': 23510, 'rank': 16, 'fitness': 0.7871839225644733, 'generation': 302}","{'id': 23504, 'rank': 17, 'fitness': 0.7638393742067098, 'generation': 302}","{'id': 23505, 'rank': 18, 'fitness': 0.7508448943657444, 'generation': 302}","{'id': 23505, 'rank': 19, 'fitness': 0.7508448943657444, 'generation': 302}","{'id': 23488, 'rank': 20, 'fitness': 0.7153857190489747, 'generation': 302}","{'id': 23488, 'rank': 21, 'fitness': 0.7153857190489747, 'generation': 302}","{'id': 23458, 'rank': 22, 'fitness': 0.6661889022164698, 'generation': 302}","{'id': 23476, 'rank': 23, 'fitness': 0.5824684827574829, 'generation': 302}","{'id': 23475, 'rank': 24, 'fitness': 0.5292989719411243, 'generation': 302}","{'id': 23477, 'rank': 25, 'fitness': 0.47867698374719353, 'generation': 302}","{'id': 23436, 'rank': 26, 'fitness': 0.44973321335629785, 'generation': 302}","{'id': 23371, 'rank': 27, 'fitness': 0.18368301919659547, 'generation': 302}","{'id': 23515, 'rank': 28, 'fitness': 0.15220844760337404, 'generation': 302}","{'id': 23397, 'rank': 29, 'fitness': 0.06643241227790342, 'generation': 302}","{'id': 23500, 'rank': 30, 'fitness': 0.01798620996209155, 'generation': 302}"
"{'id': 23591, 'rank': 1, 'fitness': 0.9820137900379085, 'generation': 303}","{'id': 23591, 'rank': 2, 'fitness': 0.9820137900379085, 'generation': 303}","{'id': 23518, 'rank': 3, 'fitness': 0.9819994989624945, 'generation': 303}","{'id': 23533, 'rank': 4, 'fitness': 0.9819050435137101, 'generation': 303}","{'id': 23533, 'rank': 5, 'fitness': 0.9819050435137101, 'generation': 303}","{'id': 23586, 'rank': 6, 'fitness': 0.9818565347274446, 'generation': 303}","{'id': 23564, 'rank': 7, 'fitness': 0.9818360232054445, 'generation': 303}","{'id': 23487, 'rank': 8, 'fitness': 0.9817613021274189, 'generation': 303}","{'id': 23566, 'rank': 9, 'fitness': 0.9816601444602461, 'generation': 303}","{'id': 23481, 'rank': 10, 'fitness': 0.9816018389563869, 'generation': 303}","{'id': 23588, 'rank': 11, 'fitness': 0.9815447473666958, 'generation': 303}","{'id': 23588, 'rank': 12, 'fitness': 0.9815447473666958, 'generation': 303}","{'id': 23508, 'rank': 13, 'fitness': 0.981504335960264, 'generation': 303}","{'id': 23287, 'rank': 14, 'fitness': 0.981364506555394, 'generation': 303}","{'id': 23587, 'rank': 15, 'fitness': 0.9813386636753727, 'generation': 303}","{'id': 23592, 'rank': 16, 'fitness': 0.9812426762430239, 'generation': 303}","{'id': 23565, 'rank': 17, 'fitness': 0.9811506331665854, 'generation': 303}","{'id': 23549, 'rank': 18, 'fitness': 0.9810497007402197, 'generation': 303}","{'id': 23476, 'rank': 19, 'fitness': 0.9804249495825323, 'generation': 303}","{'id': 23548, 'rank': 20, 'fitness': 0.9803781531601752, 'generation': 303}","{'id': 23475, 'rank': 21, 'fitness': 0.9803282932093981, 'generation': 303}","{'id': 23477, 'rank': 22, 'fitness': 0.980236998814052, 'generation': 303}","{'id': 23371, 'rank': 23, 'fitness': 0.9795920246219889, 'generation': 303}","{'id': 23371, 'rank': 24, 'fitness': 0.9795920246219889, 'generation': 303}","{'id': 23593, 'rank': 25, 'fitness': 0.9770312854531653, 'generation': 303}","{'id': 23530, 'rank': 26, 'fitness': 0.970432972775569, 'generation': 303}","{'id': 23536, 'rank': 27, 'fitness': 0.9295552881877572, 'generation': 303}","{'id': 23534, 'rank': 28, 'fitness': 0.9069340270519398, 'generation': 303}","{'id': 23579, 'rank': 29, 'fitness': 0.39525961680160365, 'generation': 303}","{'id': 23538, 'rank': 30, 'fitness': 0.01798620996209155, 'generation': 303}"
"{'id': 23533, 'rank': 1, 'fitness': 0.9820137900379085, 'generation': 304}","{'id': 23656, 'rank': 2, 'fitness': 0.9796538798602403, 'generation': 304}","{'id': 23608, 'rank': 3, 'fitness': 0.9775876276196744, 'generation': 304}","{'id': 23647, 'rank': 4, 'fitness': 0.9729849314779152, 'generation': 304}","{'id': 23588, 'rank': 5, 'fitness': 0.9555851221119739, 'generation': 304}","{'id': 23508, 'rank': 6, 'fitness': 0.9509869428290226, 'generation': 304}","{'id': 23660, 'rank': 7, 'fitness': 0.9465854556258158, 'generation': 304}","{'id': 23667, 'rank': 8, 'fitness': 0.943670299494419, 'generation': 304}","{'id': 23648, 'rank': 9, 'fitness': 0.9391999408523197, 'generation': 304}","{'id': 23618, 'rank': 10, 'fitness': 0.9334106765530725, 'generation': 304}","{'id': 23618, 'rank': 11, 'fitness': 0.9334106765530725, 'generation': 304}","{'id': 23652, 'rank': 12, 'fitness': 0.9331093821159716, 'generation': 304}","{'id': 23620, 'rank': 13, 'fitness': 0.9318531961364108, 'generation': 304}","{'id': 23620, 'rank': 14, 'fitness': 0.9318531961364108, 'generation': 304}","{'id': 23587, 'rank': 15, 'fitness': 0.9271745851463287, 'generation': 304}","{'id': 23615, 'rank': 16, 'fitness': 0.9228938606594732, 'generation': 304}","{'id': 23615, 'rank': 17, 'fitness': 0.9228938606594732, 'generation': 304}","{'id': 23668, 'rank': 18, 'fitness': 0.9118054469980243, 'generation': 304}","{'id': 23617, 'rank': 19, 'fitness': 0.8881409940640861, 'generation': 304}","{'id': 23565, 'rank': 20, 'fitness': 0.8879829845689631, 'generation': 304}","{'id': 23565, 'rank': 21, 'fitness': 0.8879829845689631, 'generation': 304}","{'id': 23624, 'rank': 22, 'fitness': 0.8669858321135966, 'generation': 304}","{'id': 23614, 'rank': 23, 'fitness': 0.8066182888290052, 'generation': 304}","{'id': 23678, 'rank': 24, 'fitness': 0.8014558604158761, 'generation': 304}","{'id': 23625, 'rank': 25, 'fitness': 0.7622735679633467, 'generation': 304}","{'id': 23674, 'rank': 26, 'fitness': 0.7337204375378742, 'generation': 304}","{'id': 23671, 'rank': 27, 'fitness': 0.7307895750584997, 'generation': 304}","{'id': 23671, 'rank': 28, 'fitness': 0.7307895750584997, 'generation': 304}","{'id': 23669, 'rank': 29, 'fitness': 0.713024329293308, 'generation': 304}","{'id': 23607, 'rank': 30, 'fitness': 0.01798620996209155, 'generation': 304}"
"{'id': 23608, 'rank': 1, 'fitness': 0.9820137900379085, 'generation': 305}","{'id': 23608, 'rank': 2, 'fitness': 0.9820137900379085, 'generation': 305}","{'id': 23743, 'rank': 3, 'fitness': 0.9814392662894529, 'generation': 305}","{'id': 23743, 'rank': 4, 'fitness': 0.9814392662894529, 'generation': 305}","{'id': 23588, 'rank': 5, 'fitness': 0.9800572578366116, 'generation': 305}","{'id': 23618, 'rank': 6, 'fitness': 0.978771132425048, 'generation': 305}","{'id': 23620, 'rank': 7, 'fitness': 0.9786942829027963, 'generation': 305}","{'id': 23615, 'rank': 8, 'fitness': 0.9782767418915687, 'generation': 305}","{'id': 23746, 'rank': 9, 'fitness': 0.9779974758319976, 'generation': 305}","{'id': 23746, 'rank': 10, 'fitness': 0.9779974758319976, 'generation': 305}","{'id': 23668, 'rank': 11, 'fitness': 0.9778083583463731, 'generation': 305}","{'id': 23565, 'rank': 12, 'fitness': 0.9769336655660783, 'generation': 305}","{'id': 23565, 'rank': 13, 'fitness': 0.9769336655660783, 'generation': 305}","{'id': 23624, 'rank': 14, 'fitness': 0.9762675493067401, 'generation': 305}","{'id': 23726, 'rank': 15, 'fitness': 0.974725563816709, 'generation': 305}","{'id': 23678, 'rank': 16, 'fitness': 0.97455675873436, 'generation': 305}","{'id': 23678, 'rank': 17, 'fitness': 0.97455675873436, 'generation': 305}","{'id': 23678, 'rank': 18, 'fitness': 0.97455675873436, 'generation': 305}","{'id': 23706, 'rank': 19, 'fitness': 0.9731185731182007, 'generation': 305}","{'id': 23706, 'rank': 20, 'fitness': 0.9731185731182007, 'generation': 305}","{'id': 23706, 'rank': 21, 'fitness': 0.9731185731182007, 'generation': 305}","{'id': 23765, 'rank': 22, 'fitness': 0.9494152167902825, 'generation': 305}","{'id': 23766, 'rank': 23, 'fitness': 0.9326929710850647, 'generation': 305}","{'id': 23766, 'rank': 24, 'fitness': 0.9326929710850647, 'generation': 305}","{'id': 23694, 'rank': 25, 'fitness': 0.8569046839086967, 'generation': 305}","{'id': 23712, 'rank': 26, 'fitness': 0.7623029642829375, 'generation': 305}","{'id': 23750, 'rank': 27, 'fitness': 0.7400941813341445, 'generation': 305}","{'id': 23750, 'rank': 28, 'fitness': 0.7400941813341445, 'generation': 305}","{'id': 23738, 'rank': 29, 'fitness': 0.01798620996209155, 'generation': 305}","{'id': 23738, 'rank': 30, 'fitness': 0.01798620996209155, 'generation': 305}"
"{'id': 23608, 'rank': 1, 'fitness': 0.9820137900379085, 'generation': 306}","{'id': 23743, 'rank': 2, 'fitness': 0.9801301602538228, 'generation': 306}","{'id': 23588, 'rank': 3, 'fitness': 0.9750686510093309, 'generation': 306}","{'id': 23806, 'rank': 4, 'fitness': 0.9701226876152804, 'generation': 306}","{'id': 23806, 'rank': 5, 'fitness': 0.9701226876152804, 'generation': 306}","{'id': 23620, 'rank': 6, 'fitness': 0.9693033874938428, 'generation': 306}","{'id': 23811, 'rank': 7, 'fitness': 0.9692950149812098, 'generation': 306}","{'id': 23803, 'rank': 8, 'fitness': 0.9677762619780124, 'generation': 306}","{'id': 23615, 'rank': 9, 'fitness': 0.9673765445525886, 'generation': 306}","{'id': 23794, 'rank': 10, 'fitness': 0.9670484137921018, 'generation': 306}","{'id': 23746, 'rank': 11, 'fitness': 0.9660446402899636, 'generation': 306}","{'id': 23746, 'rank': 12, 'fitness': 0.9660446402899636, 'generation': 306}","{'id': 23802, 'rank': 13, 'fitness': 0.953103269311836, 'generation': 306}","{'id': 23822, 'rank': 14, 'fitness': 0.9421977393922654, 'generation': 306}","{'id': 23822, 'rank': 15, 'fitness': 0.9421977393922654, 'generation': 306}","{'id': 23822, 'rank': 16, 'fitness': 0.9421977393922654, 'generation': 306}","{'id': 23799, 'rank': 17, 'fitness': 0.9410047979721625, 'generation': 306}","{'id': 23706, 'rank': 18, 'fitness': 0.9368790283114511, 'generation': 306}","{'id': 23776, 'rank': 19, 'fitness': 0.9343221644170341, 'generation': 306}","{'id': 23842, 'rank': 20, 'fitness': 0.9216665663734667, 'generation': 306}","{'id': 23842, 'rank': 21, 'fitness': 0.9216665663734667, 'generation': 306}","{'id': 23807, 'rank': 22, 'fitness': 0.916156212013347, 'generation': 306}","{'id': 23830, 'rank': 23, 'fitness': 0.8992559541380775, 'generation': 306}","{'id': 23775, 'rank': 24, 'fitness': 0.849851696385764, 'generation': 306}","{'id': 23828, 'rank': 25, 'fitness': 0.8129308934397551, 'generation': 306}","{'id': 23780, 'rank': 26, 'fitness': 0.8125521849684199, 'generation': 306}","{'id': 23784, 'rank': 27, 'fitness': 0.7639941750662107, 'generation': 306}","{'id': 23827, 'rank': 28, 'fitness': 0.6947053406335065, 'generation': 306}","{'id': 23789, 'rank': 29, 'fitness': 0.28261912602946604, 'generation': 306}","{'id': 23792, 'rank': 30, 'fitness': 0.01798620996209155, 'generation': 306}"
"{'id': 23608, 'rank': 1, 'fitness': 0.9820137900379085, 'generation': 307}","{'id': 23608, 'rank': 2, 'fitness': 0.9820137900379085, 'generation': 307}","{'id': 23608, 'rank': 3, 'fitness': 0.9820137900379085, 'generation': 307}","{'id': 23608, 'rank': 4, 'fitness': 0.9820137900379085, 'generation': 307}","{'id': 23912, 'rank': 5, 'fitness': 0.9817431724599736, 'generation': 307}","{'id': 23872, 'rank': 6, 'fitness': 0.9816414656324148, 'generation': 307}","{'id': 23872, 'rank': 7, 'fitness': 0.9816414656324148, 'generation': 307}","{'id': 23806, 'rank': 8, 'fitness': 0.9812668304893164, 'generation': 307}","{'id': 23803, 'rank': 9, 'fitness': 0.9811520834134699, 'generation': 307}","{'id': 23853, 'rank': 10, 'fitness': 0.9809287859184624, 'generation': 307}","{'id': 23802, 'rank': 11, 'fitness': 0.9805673297906861, 'generation': 307}","{'id': 23802, 'rank': 12, 'fitness': 0.9805673297906861, 'generation': 307}","{'id': 23908, 'rank': 13, 'fitness': 0.9804988288039584, 'generation': 307}","{'id': 23908, 'rank': 14, 'fitness': 0.9804988288039584, 'generation': 307}","{'id': 23822, 'rank': 15, 'fitness': 0.980229208038083, 'generation': 307}","{'id': 23799, 'rank': 16, 'fitness': 0.9801956435251719, 'generation': 307}","{'id': 23869, 'rank': 17, 'fitness': 0.9800534521941147, 'generation': 307}","{'id': 23869, 'rank': 18, 'fitness': 0.9800534521941147, 'generation': 307}","{'id': 23897, 'rank': 19, 'fitness': 0.9790019438181606, 'generation': 307}","{'id': 23775, 'rank': 20, 'fitness': 0.9785261346292684, 'generation': 307}","{'id': 23898, 'rank': 21, 'fitness': 0.9784072587484329, 'generation': 307}","{'id': 23901, 'rank': 22, 'fitness': 0.973854384941297, 'generation': 307}","{'id': 23845, 'rank': 23, 'fitness': 0.972742155335165, 'generation': 307}","{'id': 23887, 'rank': 24, 'fitness': 0.9720182126495877, 'generation': 307}","{'id': 23861, 'rank': 25, 'fitness': 0.9666184365288016, 'generation': 307}","{'id': 23861, 'rank': 26, 'fitness': 0.9666184365288016, 'generation': 307}","{'id': 23885, 'rank': 27, 'fitness': 0.9637410348653637, 'generation': 307}","{'id': 23880, 'rank': 28, 'fitness': 0.9548845091530289, 'generation': 307}","{'id': 23903, 'rank': 29, 'fitness': 0.9362148740049758, 'generation': 307}","{'id': 23849, 'rank': 30, 'fitness': 0.01798620996209155, 'generation': 307}"
"{'id': 23987, 'rank': 1, 'fitness': 0.9820137900379085, 'generation': 308}","{'id': 23986, 'rank': 2, 'fitness': 0.9763581839325712, 'generation': 308}","{'id': 23608, 'rank': 3, 'fitness': 0.9754933736790661, 'generation': 308}","{'id': 23608, 'rank': 4, 'fitness': 0.9754933736790661, 'generation': 308}","{'id': 23608, 'rank': 5, 'fitness': 0.9754933736790661, 'generation': 308}","{'id': 23608, 'rank': 6, 'fitness': 0.9754933736790661, 'generation': 308}","{'id': 23940, 'rank': 7, 'fitness': 0.9749841959871508, 'generation': 308}","{'id': 23940, 'rank': 8, 'fitness': 0.9749841959871508, 'generation': 308}","{'id': 23970, 'rank': 9, 'fitness': 0.973010623582825, 'generation': 308}","{'id': 23872, 'rank': 10, 'fitness': 0.9723995698387622, 'generation': 308}","{'id': 23941, 'rank': 11, 'fitness': 0.9705759353083037, 'generation': 308}","{'id': 23941, 'rank': 12, 'fitness': 0.9705759353083037, 'generation': 308}","{'id': 23803, 'rank': 13, 'fitness': 0.9678647215321989, 'generation': 308}","{'id': 23958, 'rank': 14, 'fitness': 0.9677362493412933, 'generation': 308}","{'id': 23958, 'rank': 15, 'fitness': 0.9677362493412933, 'generation': 308}","{'id': 23998, 'rank': 16, 'fitness': 0.9666099399588217, 'generation': 308}","{'id': 23959, 'rank': 17, 'fitness': 0.9658515481244117, 'generation': 308}","{'id': 23957, 'rank': 18, 'fitness': 0.9654618927971701, 'generation': 308}","{'id': 23939, 'rank': 19, 'fitness': 0.962735101664338, 'generation': 308}","{'id': 23802, 'rank': 20, 'fitness': 0.9616883794089721, 'generation': 308}","{'id': 23923, 'rank': 21, 'fitness': 0.96094009075184, 'generation': 308}","{'id': 23997, 'rank': 22, 'fitness': 0.9586337804798497, 'generation': 308}","{'id': 23869, 'rank': 23, 'fitness': 0.9555194677868988, 'generation': 308}","{'id': 23965, 'rank': 24, 'fitness': 0.9281052162608163, 'generation': 308}","{'id': 23932, 'rank': 25, 'fitness': 0.9250819160601091, 'generation': 308}","{'id': 23931, 'rank': 26, 'fitness': 0.905318283633783, 'generation': 308}","{'id': 23936, 'rank': 27, 'fitness': 0.9008910147646942, 'generation': 308}","{'id': 23929, 'rank': 28, 'fitness': 0.6820016140229805, 'generation': 308}","{'id': 23967, 'rank': 29, 'fitness': 0.20899174011610033, 'generation': 308}","{'id': 23903, 'rank': 30, 'fitness': 0.01798620996209155, 'generation': 308}"
"{'id': 24002, 'rank': 1, 'fitness': 0.9820137900379085, 'generation': 309}","{'id': 24064, 'rank': 2, 'fitness': 0.9559788359272208, 'generation': 309}","{'id': 24067, 'rank': 3, 'fitness': 0.9391339892368954, 'generation': 309}","{'id': 24028, 'rank': 4, 'fitness': 0.9361050829777169, 'generation': 309}","{'id': 24065, 'rank': 5, 'fitness': 0.9196009719794019, 'generation': 309}","{'id': 24065, 'rank': 6, 'fitness': 0.9196009719794019, 'generation': 309}","{'id': 23941, 'rank': 7, 'fitness': 0.917611063272689, 'generation': 309}","{'id': 24014, 'rank': 8, 'fitness': 0.9156199227788671, 'generation': 309}","{'id': 23958, 'rank': 9, 'fitness': 0.8969330019789044, 'generation': 309}","{'id': 23958, 'rank': 10, 'fitness': 0.8969330019789044, 'generation': 309}","{'id': 24076, 'rank': 11, 'fitness': 0.8894238960443287, 'generation': 309}","{'id': 24083, 'rank': 12, 'fitness': 0.8862139696275492, 'generation': 309}","{'id': 23957, 'rank': 13, 'fitness': 0.8787558454472395, 'generation': 309}","{'id': 24071, 'rank': 14, 'fitness': 0.8599586861878725, 'generation': 309}","{'id': 24071, 'rank': 15, 'fitness': 0.8599586861878725, 'generation': 309}","{'id': 24070, 'rank': 16, 'fitness': 0.8520781617281437, 'generation': 309}","{'id': 23923, 'rank': 17, 'fitness': 0.8387827207354139, 'generation': 309}","{'id': 24050, 'rank': 18, 'fitness': 0.8033725799844027, 'generation': 309}","{'id': 24024, 'rank': 19, 'fitness': 0.7768654887258984, 'generation': 309}","{'id': 24003, 'rank': 20, 'fitness': 0.7266315406142775, 'generation': 309}","{'id': 24006, 'rank': 21, 'fitness': 0.7153401893406425, 'generation': 309}","{'id': 24068, 'rank': 22, 'fitness': 0.669762064060134, 'generation': 309}","{'id': 24007, 'rank': 23, 'fitness': 0.6168837742489902, 'generation': 309}","{'id': 24058, 'rank': 24, 'fitness': 0.5212955065459683, 'generation': 309}","{'id': 24081, 'rank': 25, 'fitness': 0.4856136430067914, 'generation': 309}","{'id': 24081, 'rank': 26, 'fitness': 0.4856136430067914, 'generation': 309}","{'id': 24061, 'rank': 27, 'fitness': 0.4834172514099589, 'generation': 309}","{'id': 24051, 'rank': 28, 'fitness': 0.4821557369431839, 'generation': 309}","{'id': 24052, 'rank': 29, 'fitness': 0.3818713172387032, 'generation': 309}","{'id': 24084, 'rank': 30, 'fitness': 0.01798620996209155, 'generation': 309}"
"{'id': 24064, 'rank': 1, 'fitness': 0.9820137900379085, 'generation': 310}","{'id': 24067, 'rank': 2, 'fitness': 0.9818363173718709, 'generation': 310}","{'id': 24067, 'rank': 3, 'fitness': 0.9818363173718709, 'generation': 310}","{'id': 24067, 'rank': 4, 'fitness': 0.9818363173718709, 'generation': 310}","{'id': 24028, 'rank': 5, 'fitness': 0.9818092727365367, 'generation': 310}","{'id': 23941, 'rank': 6, 'fitness': 0.9816654592388592, 'generation': 310}","{'id': 23958, 'rank': 7, 'fitness': 0.9815350885678292, 'generation': 310}","{'id': 24083, 'rank': 8, 'fitness': 0.9814761578533938, 'generation': 310}","{'id': 24071, 'rank': 9, 'fitness': 0.9813493020941559, 'generation': 310}","{'id': 24141, 'rank': 10, 'fitness': 0.9812230517701406, 'generation': 310}","{'id': 24050, 'rank': 11, 'fitness': 0.9811298672683413, 'generation': 310}","{'id': 24024, 'rank': 12, 'fitness': 0.9810429967621856, 'generation': 310}","{'id': 24142, 'rank': 13, 'fitness': 0.9805962511361775, 'generation': 310}","{'id': 24058, 'rank': 14, 'fitness': 0.9804001445721215, 'generation': 310}","{'id': 24081, 'rank': 15, 'fitness': 0.9803197047360256, 'generation': 310}","{'id': 24061, 'rank': 16, 'fitness': 0.9803147402925908, 'generation': 310}","{'id': 24061, 'rank': 17, 'fitness': 0.9803147402925908, 'generation': 310}","{'id': 24084, 'rank': 18, 'fitness': 0.9779666159205638, 'generation': 310}","{'id': 24135, 'rank': 19, 'fitness': 0.9774846651560711, 'generation': 310}","{'id': 24103, 'rank': 20, 'fitness': 0.977345243504739, 'generation': 310}","{'id': 24094, 'rank': 21, 'fitness': 0.9771434138347722, 'generation': 310}","{'id': 24098, 'rank': 22, 'fitness': 0.9768263096596834, 'generation': 310}","{'id': 24133, 'rank': 23, 'fitness': 0.976660105893603, 'generation': 310}","{'id': 24134, 'rank': 24, 'fitness': 0.9756632779928744, 'generation': 310}","{'id': 24095, 'rank': 25, 'fitness': 0.9721762937741008, 'generation': 310}","{'id': 24143, 'rank': 26, 'fitness': 0.9639776893447602, 'generation': 310}","{'id': 24129, 'rank': 27, 'fitness': 0.9591719310575828, 'generation': 310}","{'id': 24119, 'rank': 28, 'fitness': 0.9398162346518644, 'generation': 310}","{'id': 24115, 'rank': 29, 'fitness': 0.9278635311387433, 'generation': 310}","{'id': 24090, 'rank': 30, 'fitness': 0.01798620996209155, 'generation': 310}"
"{'id': 24067, 'rank': 1, 'fitness': 0.9820137900379085, 'generation': 311}","{'id': 24067, 'rank': 2, 'fitness': 0.9820137900379085, 'generation': 311}","{'id': 24067, 'rank': 3, 'fitness': 0.9820137900379085, 'generation': 311}","{'id': 24067, 'rank': 4, 'fitness': 0.9820137900379085, 'generation': 311}","{'id': 24067, 'rank': 5, 'fitness': 0.9820137900379085, 'generation': 311}","{'id': 24169, 'rank': 6, 'fitness': 0.9806264275587011, 'generation': 311}","{'id': 24169, 'rank': 7, 'fitness': 0.9806264275587011, 'generation': 311}","{'id': 23941, 'rank': 8, 'fitness': 0.9774414698715841, 'generation': 311}","{'id': 24156, 'rank': 9, 'fitness': 0.9766250107523546, 'generation': 311}","{'id': 24233, 'rank': 10, 'fitness': 0.9746526859202014, 'generation': 311}","{'id': 24083, 'rank': 11, 'fitness': 0.9711158284660021, 'generation': 311}","{'id': 24071, 'rank': 12, 'fitness': 0.965992614298655, 'generation': 311}","{'id': 24164, 'rank': 13, 'fitness': 0.9637830199757895, 'generation': 311}","{'id': 24208, 'rank': 14, 'fitness': 0.9632514163592025, 'generation': 311}","{'id': 24188, 'rank': 15, 'fitness': 0.9602760668735781, 'generation': 311}","{'id': 24188, 'rank': 16, 'fitness': 0.9602760668735781, 'generation': 311}","{'id': 24050, 'rank': 17, 'fitness': 0.9551102989477946, 'generation': 311}","{'id': 24165, 'rank': 18, 'fitness': 0.953986422135045, 'generation': 311}","{'id': 24174, 'rank': 19, 'fitness': 0.9517100404448889, 'generation': 311}","{'id': 24241, 'rank': 20, 'fitness': 0.898359137432214, 'generation': 311}","{'id': 24173, 'rank': 21, 'fitness': 0.860156396415207, 'generation': 311}","{'id': 24195, 'rank': 22, 'fitness': 0.2903100835591287, 'generation': 311}","{'id': 24195, 'rank': 23, 'fitness': 0.2903100835591287, 'generation': 311}","{'id': 24195, 'rank': 24, 'fitness': 0.2903100835591287, 'generation': 311}","{'id': 24103, 'rank': 25, 'fitness': 0.18739756794062484, 'generation': 311}","{'id': 24203, 'rank': 26, 'fitness': 0.18310133534855338, 'generation': 311}","{'id': 24205, 'rank': 27, 'fitness': 0.17288400515900765, 'generation': 311}","{'id': 24094, 'rank': 28, 'fitness': 0.15616836816024693, 'generation': 311}","{'id': 24194, 'rank': 29, 'fitness': 0.11446257162537432, 'generation': 311}","{'id': 24199, 'rank': 30, 'fitness': 0.01798620996209155, 'generation': 311}"
"{'id': 24284, 'rank': 1, 'fitness': 0.9820137900379085, 'generation': 312}","{'id': 24284, 'rank': 2, 'fitness': 0.9820137900379085, 'generation': 312}","{'id': 24250, 'rank': 3, 'fitness': 0.9773769343506851, 'generation': 312}","{'id': 24067, 'rank': 4, 'fitness': 0.9760492582771698, 'generation': 312}","{'id': 24067, 'rank': 5, 'fitness': 0.9760492582771698, 'generation': 312}","{'id': 24067, 'rank': 6, 'fitness': 0.9760492582771698, 'generation': 312}","{'id': 24067, 'rank': 7, 'fitness': 0.9760492582771698, 'generation': 312}","{'id': 24283, 'rank': 8, 'fitness': 0.973863397240409, 'generation': 312}","{'id': 24310, 'rank': 9, 'fitness': 0.9716779553319939, 'generation': 312}","{'id': 24244, 'rank': 10, 'fitness': 0.9713008576205138, 'generation': 312}","{'id': 24244, 'rank': 11, 'fitness': 0.9713008576205138, 'generation': 312}","{'id': 24269, 'rank': 12, 'fitness': 0.9709221745802019, 'generation': 312}","{'id': 24265, 'rank': 13, 'fitness': 0.9708900079190159, 'generation': 312}","{'id': 24266, 'rank': 14, 'fitness': 0.9708839021364185, 'generation': 312}","{'id': 24321, 'rank': 15, 'fitness': 0.9688254328415447, 'generation': 312}","{'id': 24071, 'rank': 16, 'fitness': 0.9673183384031447, 'generation': 312}","{'id': 24164, 'rank': 17, 'fitness': 0.9662937088914983, 'generation': 312}","{'id': 24164, 'rank': 18, 'fitness': 0.9662937088914983, 'generation': 312}","{'id': 24282, 'rank': 19, 'fitness': 0.9653616916133028, 'generation': 312}","{'id': 24319, 'rank': 20, 'fitness': 0.9652694994521445, 'generation': 312}","{'id': 24319, 'rank': 21, 'fitness': 0.9652694994521445, 'generation': 312}","{'id': 24050, 'rank': 22, 'fitness': 0.9625395533021783, 'generation': 312}","{'id': 24326, 'rank': 23, 'fitness': 0.953002406453835, 'generation': 312}","{'id': 24264, 'rank': 24, 'fitness': 0.9430595626365839, 'generation': 312}","{'id': 24249, 'rank': 25, 'fitness': 0.9268375731958689, 'generation': 312}","{'id': 24302, 'rank': 26, 'fitness': 0.9120890847142451, 'generation': 312}","{'id': 24260, 'rank': 27, 'fitness': 0.8878421712964533, 'generation': 312}","{'id': 24286, 'rank': 28, 'fitness': 0.8832110190469074, 'generation': 312}","{'id': 24287, 'rank': 29, 'fitness': 0.8784090743092277, 'generation': 312}","{'id': 24253, 'rank': 30, 'fitness': 0.01798620996209155, 'generation': 312}"
"{'id': 24403, 'rank': 1, 'fitness': 0.9820137900379085, 'generation': 313}","{'id': 24376, 'rank': 2, 'fitness': 0.977428280400628, 'generation': 313}","{'id': 24377, 'rank': 3, 'fitness': 0.9754361938552069, 'generation': 313}","{'id': 24377, 'rank': 4, 'fitness': 0.9754361938552069, 'generation': 313}","{'id': 24310, 'rank': 5, 'fitness': 0.9672712529951821, 'generation': 313}","{'id': 24244, 'rank': 6, 'fitness': 0.9653074566266466, 'generation': 313}","{'id': 24269, 'rank': 7, 'fitness': 0.9632485568577508, 'generation': 313}","{'id': 24266, 'rank': 8, 'fitness': 0.9630355427776685, 'generation': 313}","{'id': 24380, 'rank': 9, 'fitness': 0.9598448284787299, 'generation': 313}","{'id': 24380, 'rank': 10, 'fitness': 0.9598448284787299, 'generation': 313}","{'id': 24352, 'rank': 11, 'fitness': 0.9467147162192775, 'generation': 313}","{'id': 24398, 'rank': 12, 'fitness': 0.9397607114835287, 'generation': 313}","{'id': 24071, 'rank': 13, 'fitness': 0.9388980671269149, 'generation': 313}","{'id': 24375, 'rank': 14, 'fitness': 0.9326133373564043, 'generation': 313}","{'id': 24397, 'rank': 15, 'fitness': 0.9320328889262459, 'generation': 313}","{'id': 24164, 'rank': 16, 'fitness': 0.9302631237870093, 'generation': 313}","{'id': 24411, 'rank': 17, 'fitness': 0.9289972954048402, 'generation': 313}","{'id': 24411, 'rank': 18, 'fitness': 0.9289972954048402, 'generation': 313}","{'id': 24282, 'rank': 19, 'fitness': 0.9216987132279948, 'generation': 313}","{'id': 24050, 'rank': 20, 'fitness': 0.8914625742645956, 'generation': 313}","{'id': 24356, 'rank': 21, 'fitness': 0.8724547423338572, 'generation': 313}","{'id': 24356, 'rank': 22, 'fitness': 0.8724547423338572, 'generation': 313}","{'id': 24339, 'rank': 23, 'fitness': 0.778208752811683, 'generation': 313}","{'id': 24331, 'rank': 24, 'fitness': 0.7669927595762066, 'generation': 313}","{'id': 24326, 'rank': 25, 'fitness': 0.7421308994815795, 'generation': 313}","{'id': 24330, 'rank': 26, 'fitness': 0.5700046125818337, 'generation': 313}","{'id': 24330, 'rank': 27, 'fitness': 0.5700046125818337, 'generation': 313}","{'id': 24385, 'rank': 28, 'fitness': 0.5015539639261545, 'generation': 313}","{'id': 24385, 'rank': 29, 'fitness': 0.5015539639261545, 'generation': 313}","{'id': 24347, 'rank': 30, 'fitness': 0.01798620996209155, 'generation': 313}"
"{'id': 24376, 'rank': 1, 'fitness': 0.9820137900379085, 'generation': 314}","{'id': 24377, 'rank': 2, 'fitness': 0.9819431953544118, 'generation': 314}","{'id': 24377, 'rank': 3, 'fitness': 0.9819431953544118, 'generation': 314}","{'id': 24377, 'rank': 4, 'fitness': 0.9819431953544118, 'generation': 314}","{'id': 24377, 'rank': 5, 'fitness': 0.9819431953544118, 'generation': 314}","{'id': 24310, 'rank': 6, 'fitness': 0.9817003971086247, 'generation': 314}","{'id': 24244, 'rank': 7, 'fitness': 0.9816504371916321, 'generation': 314}","{'id': 24269, 'rank': 8, 'fitness': 0.9816007721328031, 'generation': 314}","{'id': 24458, 'rank': 9, 'fitness': 0.9814112154158598, 'generation': 314}","{'id': 24352, 'rank': 10, 'fitness': 0.9812745709999929, 'generation': 314}","{'id': 24398, 'rank': 11, 'fitness': 0.9811642086591363, 'generation': 314}","{'id': 24490, 'rank': 12, 'fitness': 0.981108572632013, 'generation': 314}","{'id': 24397, 'rank': 13, 'fitness': 0.981054133617626, 'generation': 314}","{'id': 24411, 'rank': 14, 'fitness': 0.9810138959890882, 'generation': 314}","{'id': 24282, 'rank': 15, 'fitness': 0.980922984188263, 'generation': 314}","{'id': 24282, 'rank': 16, 'fitness': 0.980922984188263, 'generation': 314}","{'id': 24050, 'rank': 17, 'fitness': 0.9806103366957974, 'generation': 314}","{'id': 24463, 'rank': 18, 'fitness': 0.9796348416285261, 'generation': 314}","{'id': 24471, 'rank': 19, 'fitness': 0.9792716623071925, 'generation': 314}","{'id': 24473, 'rank': 20, 'fitness': 0.9771901737334256, 'generation': 314}","{'id': 24473, 'rank': 21, 'fitness': 0.9771901737334256, 'generation': 314}","{'id': 24461, 'rank': 22, 'fitness': 0.9750151091655079, 'generation': 314}","{'id': 24464, 'rank': 23, 'fitness': 0.9749977020420507, 'generation': 314}","{'id': 24464, 'rank': 24, 'fitness': 0.9749977020420507, 'generation': 314}","{'id': 24439, 'rank': 25, 'fitness': 0.9740265280289931, 'generation': 314}","{'id': 24445, 'rank': 26, 'fitness': 0.9700217802219291, 'generation': 314}","{'id': 24441, 'rank': 27, 'fitness': 0.9650554963326619, 'generation': 314}","{'id': 24483, 'rank': 28, 'fitness': 0.9608357674218245, 'generation': 314}","{'id': 24428, 'rank': 29, 'fitness': 0.9586290956823195, 'generation': 314}","{'id': 24468, 'rank': 30, 'fitness': 0.01798620996209155, 'generation': 314}"
"{'id': 24516, 'rank': 1, 'fitness': 0.9820137900379085, 'generation': 315}","{'id': 24376, 'rank': 2, 'fitness': 0.9771272716973703, 'generation': 315}","{'id': 24377, 'rank': 3, 'fitness': 0.9762535997613213, 'generation': 315}","{'id': 24377, 'rank': 4, 'fitness': 0.9762535997613213, 'generation': 315}","{'id': 24377, 'rank': 5, 'fitness': 0.9762535997613213, 'generation': 315}","{'id': 24377, 'rank': 6, 'fitness': 0.9762535997613213, 'generation': 315}","{'id': 24377, 'rank': 7, 'fitness': 0.9762535997613213, 'generation': 315}","{'id': 24377, 'rank': 8, 'fitness': 0.9762535997613213, 'generation': 315}","{'id': 24377, 'rank': 9, 'fitness': 0.9762535997613213, 'generation': 315}","{'id': 24310, 'rank': 10, 'fitness': 0.9730225169454754, 'generation': 315}","{'id': 24515, 'rank': 11, 'fitness': 0.9717320544726997, 'generation': 315}","{'id': 24515, 'rank': 12, 'fitness': 0.9717320544726997, 'generation': 315}","{'id': 24563, 'rank': 13, 'fitness': 0.9651976155335988, 'generation': 315}","{'id': 24512, 'rank': 14, 'fitness': 0.9644579357364214, 'generation': 315}","{'id': 24552, 'rank': 15, 'fitness': 0.9573040857663007, 'generation': 315}","{'id': 24529, 'rank': 16, 'fitness': 0.9554666762784103, 'generation': 315}","{'id': 24564, 'rank': 17, 'fitness': 0.9537008860112308, 'generation': 315}","{'id': 24564, 'rank': 18, 'fitness': 0.9537008860112308, 'generation': 315}","{'id': 24555, 'rank': 19, 'fitness': 0.9380333614407234, 'generation': 315}","{'id': 24561, 'rank': 20, 'fitness': 0.9208632111446844, 'generation': 315}","{'id': 24471, 'rank': 21, 'fitness': 0.9139274252888047, 'generation': 315}","{'id': 24542, 'rank': 22, 'fitness': 0.9131930302128896, 'generation': 315}","{'id': 24554, 'rank': 23, 'fitness': 0.9062048343709314, 'generation': 315}","{'id': 24571, 'rank': 24, 'fitness': 0.9054024474384317, 'generation': 315}","{'id': 24473, 'rank': 25, 'fitness': 0.8055644409437428, 'generation': 315}","{'id': 24473, 'rank': 26, 'fitness': 0.8055644409437428, 'generation': 315}","{'id': 24464, 'rank': 27, 'fitness': 0.6264078187988379, 'generation': 315}","{'id': 24494, 'rank': 28, 'fitness': 0.4313384818677377, 'generation': 315}","{'id': 24495, 'rank': 29, 'fitness': 0.4108070657539663, 'generation': 315}","{'id': 24545, 'rank': 30, 'fitness': 0.01798620996209155, 'generation': 315}"
"{'id': 24516, 'rank': 1, 'fitness': 0.9820137900379085, 'generation': 316}","{'id': 24376, 'rank': 2, 'fitness': 0.9745936700069402, 'generation': 316}","{'id': 24376, 'rank': 3, 'fitness': 0.9745936700069402, 'generation': 316}","{'id': 24587, 'rank': 4, 'fitness': 0.9741483212124399, 'generation': 316}","{'id': 24377, 'rank': 5, 'fitness': 0.9731899117806081, 'generation': 316}","{'id': 24377, 'rank': 6, 'fitness': 0.9731899117806081, 'generation': 316}","{'id': 24583, 'rank': 7, 'fitness': 0.9713570142797319, 'generation': 316}","{'id': 24583, 'rank': 8, 'fitness': 0.9713570142797319, 'generation': 316}","{'id': 24634, 'rank': 9, 'fitness': 0.9658941229227804, 'generation': 316}","{'id': 24515, 'rank': 10, 'fitness': 0.9655883663630231, 'generation': 316}","{'id': 24515, 'rank': 11, 'fitness': 0.9655883663630231, 'generation': 316}","{'id': 24515, 'rank': 12, 'fitness': 0.9655883663630231, 'generation': 316}","{'id': 24640, 'rank': 13, 'fitness': 0.9575303027406236, 'generation': 316}","{'id': 24563, 'rank': 14, 'fitness': 0.9537096848257878, 'generation': 316}","{'id': 24594, 'rank': 15, 'fitness': 0.9529805971247445, 'generation': 316}","{'id': 24512, 'rank': 16, 'fitness': 0.9523052440529503, 'generation': 316}","{'id': 24512, 'rank': 17, 'fitness': 0.9523052440529503, 'generation': 316}","{'id': 24586, 'rank': 18, 'fitness': 0.9439960645679446, 'generation': 316}","{'id': 24552, 'rank': 19, 'fitness': 0.938167330049892, 'generation': 316}","{'id': 24582, 'rank': 20, 'fitness': 0.9345851032023686, 'generation': 316}","{'id': 24529, 'rank': 21, 'fitness': 0.9343865316244437, 'generation': 316}","{'id': 24597, 'rank': 22, 'fitness': 0.9328980332697885, 'generation': 316}","{'id': 24564, 'rank': 23, 'fitness': 0.9307005110354709, 'generation': 316}","{'id': 24627, 'rank': 24, 'fitness': 0.9295819846707359, 'generation': 316}","{'id': 24471, 'rank': 25, 'fitness': 0.8380862032499455, 'generation': 316}","{'id': 24609, 'rank': 26, 'fitness': 0.7603264480338322, 'generation': 316}","{'id': 24641, 'rank': 27, 'fitness': 0.7482588278823332, 'generation': 316}","{'id': 24579, 'rank': 28, 'fitness': 0.7299742011182176, 'generation': 316}","{'id': 24584, 'rank': 29, 'fitness': 0.5927970794311731, 'generation': 316}","{'id': 24603, 'rank': 30, 'fitness': 0.01798620996209155, 'generation': 316}"
"{'id': 24516, 'rank': 1, 'fitness': 0.9820137900379085, 'generation': 317}","{'id': 24679, 'rank': 2, 'fitness': 0.978479156606963, 'generation': 317}","{'id': 24376, 'rank': 3, 'fitness': 0.977564992980503, 'generation': 317}","{'id': 24726, 'rank': 4, 'fitness': 0.9744178675004036, 'generation': 317}","{'id': 24694, 'rank': 5, 'fitness': 0.9742305292073435, 'generation': 317}","{'id': 24692, 'rank': 6, 'fitness': 0.9695830190011401, 'generation': 317}","{'id': 24705, 'rank': 7, 'fitness': 0.9670636997659202, 'generation': 317}","{'id': 24594, 'rank': 8, 'fitness': 0.9666493575979338, 'generation': 317}","{'id': 24594, 'rank': 9, 'fitness': 0.9666493575979338, 'generation': 317}","{'id': 24727, 'rank': 10, 'fitness': 0.965413798066652, 'generation': 317}","{'id': 24703, 'rank': 11, 'fitness': 0.9625420878000079, 'generation': 317}","{'id': 24704, 'rank': 12, 'fitness': 0.9552958864401443, 'generation': 317}","{'id': 24698, 'rank': 13, 'fitness': 0.9520920721124362, 'generation': 317}","{'id': 24700, 'rank': 14, 'fitness': 0.9515230377530839, 'generation': 317}","{'id': 24655, 'rank': 15, 'fitness': 0.9488298597127908, 'generation': 317}","{'id': 24655, 'rank': 16, 'fitness': 0.9488298597127908, 'generation': 317}","{'id': 24655, 'rank': 17, 'fitness': 0.9488298597127908, 'generation': 317}","{'id': 24719, 'rank': 18, 'fitness': 0.9363541790852139, 'generation': 317}","{'id': 24658, 'rank': 19, 'fitness': 0.935880522017365, 'generation': 317}","{'id': 24671, 'rank': 20, 'fitness': 0.9247089915208446, 'generation': 317}","{'id': 24671, 'rank': 21, 'fitness': 0.9247089915208446, 'generation': 317}","{'id': 24715, 'rank': 22, 'fitness': 0.9063201416426794, 'generation': 317}","{'id': 24697, 'rank': 23, 'fitness': 0.8429386805422612, 'generation': 317}","{'id': 24697, 'rank': 24, 'fitness': 0.8429386805422612, 'generation': 317}","{'id': 24730, 'rank': 25, 'fitness': 0.8023124687171436, 'generation': 317}","{'id': 24652, 'rank': 26, 'fitness': 0.7601783782132192, 'generation': 317}","{'id': 24709, 'rank': 27, 'fitness': 0.7307395402178533, 'generation': 317}","{'id': 24695, 'rank': 28, 'fitness': 0.32971000870832823, 'generation': 317}","{'id': 24686, 'rank': 29, 'fitness': 0.21949643118655587, 'generation': 317}","{'id': 24733, 'rank': 30, 'fitness': 0.01798620996209155, 'generation': 317}"
"{'id': 24739, 'rank': 1, 'fitness': 0.9820137900379085, 'generation': 318}","{'id': 24779, 'rank': 2, 'fitness': 0.981332942800966, 'generation': 318}","{'id': 24779, 'rank': 3, 'fitness': 0.981332942800966, 'generation': 318}","{'id': 24818, 'rank': 4, 'fitness': 0.9812041109403071, 'generation': 318}","{'id': 24726, 'rank': 5, 'fitness': 0.9809025232971346, 'generation': 318}","{'id': 24694, 'rank': 6, 'fitness': 0.9808897452529511, 'generation': 318}","{'id': 24694, 'rank': 7, 'fitness': 0.9808897452529511, 'generation': 318}","{'id': 24594, 'rank': 8, 'fitness': 0.9804309104801631, 'generation': 318}","{'id': 24594, 'rank': 9, 'fitness': 0.9804309104801631, 'generation': 318}","{'id': 24698, 'rank': 10, 'fitness': 0.979760609756982, 'generation': 318}","{'id': 24780, 'rank': 11, 'fitness': 0.9797196139233921, 'generation': 318}","{'id': 24655, 'rank': 12, 'fitness': 0.9796350843172494, 'generation': 318}","{'id': 24655, 'rank': 13, 'fitness': 0.9796350843172494, 'generation': 318}","{'id': 24784, 'rank': 14, 'fitness': 0.9795114865831818, 'generation': 318}","{'id': 24740, 'rank': 15, 'fitness': 0.9788979262506001, 'generation': 318}","{'id': 24740, 'rank': 16, 'fitness': 0.9788979262506001, 'generation': 318}","{'id': 24671, 'rank': 17, 'fitness': 0.9788730947851096, 'generation': 318}","{'id': 24811, 'rank': 18, 'fitness': 0.9787320550065306, 'generation': 318}","{'id': 24783, 'rank': 19, 'fitness': 0.9786121424104646, 'generation': 318}","{'id': 24781, 'rank': 20, 'fitness': 0.9779080382733759, 'generation': 318}","{'id': 24802, 'rank': 21, 'fitness': 0.9770362328616586, 'generation': 318}","{'id': 24795, 'rank': 22, 'fitness': 0.9766742826585912, 'generation': 318}","{'id': 24799, 'rank': 23, 'fitness': 0.9753549180133454, 'generation': 318}","{'id': 24761, 'rank': 24, 'fitness': 0.9732096296829238, 'generation': 318}","{'id': 24753, 'rank': 25, 'fitness': 0.9718990952848102, 'generation': 318}","{'id': 24695, 'rank': 26, 'fitness': 0.9718830889934773, 'generation': 318}","{'id': 24745, 'rank': 27, 'fitness': 0.9716210481204508, 'generation': 318}","{'id': 24757, 'rank': 28, 'fitness': 0.9631736716151795, 'generation': 318}","{'id': 24816, 'rank': 29, 'fitness': 0.958209309512366, 'generation': 318}","{'id': 24815, 'rank': 30, 'fitness': 0.01798620996209155, 'generation': 318}"
"{'id': 24861, 'rank': 1, 'fitness': 0.9820137900379085, 'generation': 319}","{'id': 24879, 'rank': 2, 'fitness': 0.9804215218550971, 'generation': 319}","{'id': 24879, 'rank': 3, 'fitness': 0.9804215218550971, 'generation': 319}","{'id': 24779, 'rank': 4, 'fitness': 0.9747039014455217, 'generation': 319}","{'id': 24860, 'rank': 5, 'fitness': 0.9713723225921113, 'generation': 319}","{'id': 24868, 'rank': 6, 'fitness': 0.9672301567743443, 'generation': 319}","{'id': 24926, 'rank': 7, 'fitness': 0.9648962837321792, 'generation': 319}","{'id': 24726, 'rank': 8, 'fitness': 0.9640697729775507, 'generation': 319}","{'id': 24924, 'rank': 9, 'fitness': 0.9588090326008454, 'generation': 319}","{'id': 24919, 'rank': 10, 'fitness': 0.9556559796867635, 'generation': 319}","{'id': 24876, 'rank': 11, 'fitness': 0.9387812074898636, 'generation': 319}","{'id': 24923, 'rank': 12, 'fitness': 0.8748533036466288, 'generation': 319}","{'id': 24902, 'rank': 13, 'fitness': 0.8735988752879911, 'generation': 319}","{'id': 24905, 'rank': 14, 'fitness': 0.8674890201073375, 'generation': 319}","{'id': 24905, 'rank': 15, 'fitness': 0.8674890201073375, 'generation': 319}","{'id': 24920, 'rank': 16, 'fitness': 0.8647264991718793, 'generation': 319}","{'id': 24740, 'rank': 17, 'fitness': 0.8459281001538919, 'generation': 319}","{'id': 24740, 'rank': 18, 'fitness': 0.8459281001538919, 'generation': 319}","{'id': 24783, 'rank': 19, 'fitness': 0.815919110683751, 'generation': 319}","{'id': 24833, 'rank': 20, 'fitness': 0.8031520245075608, 'generation': 319}","{'id': 24907, 'rank': 21, 'fitness': 0.7836180882120789, 'generation': 319}","{'id': 24895, 'rank': 22, 'fitness': 0.7737177279789751, 'generation': 319}","{'id': 24903, 'rank': 23, 'fitness': 0.7719166658899521, 'generation': 319}","{'id': 24894, 'rank': 24, 'fitness': 0.6519373128839911, 'generation': 319}","{'id': 24900, 'rank': 25, 'fitness': 0.5550597962899547, 'generation': 319}","{'id': 24830, 'rank': 26, 'fitness': 0.40834963131965063, 'generation': 319}","{'id': 24799, 'rank': 27, 'fitness': 0.31627798667482127, 'generation': 319}","{'id': 24864, 'rank': 28, 'fitness': 0.024159717390467905, 'generation': 319}","{'id': 24864, 'rank': 29, 'fitness': 0.024159717390467905, 'generation': 319}","{'id': 24865, 'rank': 30, 'fitness': 0.01798620996209155, 'generation': 319}"
"{'id': 25004, 'rank': 1, 'fitness': 0.9820137900379085, 'generation': 320}","{'id': 24970, 'rank': 2, 'fitness': 0.9786496032235659, 'generation': 320}","{'id': 24868, 'rank': 3, 'fitness': 0.978532497064994, 'generation': 320}","{'id': 24868, 'rank': 4, 'fitness': 0.978532497064994, 'generation': 320}","{'id': 25005, 'rank': 5, 'fitness': 0.9785102752671364, 'generation': 320}","{'id': 24994, 'rank': 6, 'fitness': 0.9769301414398341, 'generation': 320}","{'id': 24955, 'rank': 7, 'fitness': 0.9766281856555028, 'generation': 320}","{'id': 24991, 'rank': 8, 'fitness': 0.97640950536923, 'generation': 320}","{'id': 24876, 'rank': 9, 'fitness': 0.975692402563649, 'generation': 320}","{'id': 24876, 'rank': 10, 'fitness': 0.975692402563649, 'generation': 320}","{'id': 24993, 'rank': 11, 'fitness': 0.9728675617756268, 'generation': 320}","{'id': 24993, 'rank': 12, 'fitness': 0.9728675617756268, 'generation': 320}","{'id': 24923, 'rank': 13, 'fitness': 0.9717995354608502, 'generation': 320}","{'id': 24905, 'rank': 14, 'fitness': 0.9714481452118143, 'generation': 320}","{'id': 24920, 'rank': 15, 'fitness': 0.9713195517083238, 'generation': 320}","{'id': 24920, 'rank': 16, 'fitness': 0.9713195517083238, 'generation': 320}","{'id': 24783, 'rank': 17, 'fitness': 0.9692708551715741, 'generation': 320}","{'id': 24783, 'rank': 18, 'fitness': 0.9692708551715741, 'generation': 320}","{'id': 24833, 'rank': 19, 'fitness': 0.9687881543653416, 'generation': 320}","{'id': 24833, 'rank': 20, 'fitness': 0.9687881543653416, 'generation': 320}","{'id': 24958, 'rank': 21, 'fitness': 0.9673522918644039, 'generation': 320}","{'id': 24894, 'rank': 22, 'fitness': 0.9638780000905393, 'generation': 320}","{'id': 24830, 'rank': 23, 'fitness': 0.9564863523681871, 'generation': 320}","{'id': 24943, 'rank': 24, 'fitness': 0.9559848680517935, 'generation': 320}","{'id': 24864, 'rank': 25, 'fitness': 0.920118911894356, 'generation': 320}","{'id': 24997, 'rank': 26, 'fitness': 0.9196175787007311, 'generation': 320}","{'id': 24865, 'rank': 27, 'fitness': 0.9157100714994544, 'generation': 320}","{'id': 24933, 'rank': 28, 'fitness': 0.041944793545799164, 'generation': 320}","{'id': 24960, 'rank': 29, 'fitness': 0.022297413160100588, 'generation': 320}","{'id': 24936, 'rank': 30, 'fitness': 0.01798620996209155, 'generation': 320}"
"{'id': 25032, 'rank': 1, 'fitness': 0.9820137900379085, 'generation': 321}","{'id': 24868, 'rank': 2, 'fitness': 0.9685580322370495, 'generation': 321}","{'id': 25072, 'rank': 3, 'fitness': 0.9634257494486924, 'generation': 321}","{'id': 25048, 'rank': 4, 'fitness': 0.9526239898068701, 'generation': 321}","{'id': 25061, 'rank': 5, 'fitness': 0.9524996630586353, 'generation': 321}","{'id': 25078, 'rank': 6, 'fitness': 0.9355254996485816, 'generation': 321}","{'id': 25015, 'rank': 7, 'fitness': 0.93497020510012, 'generation': 321}","{'id': 25055, 'rank': 8, 'fitness': 0.9209577466403994, 'generation': 321}","{'id': 25050, 'rank': 9, 'fitness': 0.9177388475192749, 'generation': 321}","{'id': 25050, 'rank': 10, 'fitness': 0.9177388475192749, 'generation': 321}","{'id': 25077, 'rank': 11, 'fitness': 0.9102403429133632, 'generation': 321}","{'id': 25071, 'rank': 12, 'fitness': 0.9074561502798517, 'generation': 321}","{'id': 24993, 'rank': 13, 'fitness': 0.8945531423115729, 'generation': 321}","{'id': 25054, 'rank': 14, 'fitness': 0.8927314816241217, 'generation': 321}","{'id': 25033, 'rank': 15, 'fitness': 0.8877521097542914, 'generation': 321}","{'id': 25033, 'rank': 16, 'fitness': 0.8877521097542914, 'generation': 321}","{'id': 25010, 'rank': 17, 'fitness': 0.8647654617715383, 'generation': 321}","{'id': 25011, 'rank': 18, 'fitness': 0.8196298696875541, 'generation': 321}","{'id': 25088, 'rank': 19, 'fitness': 0.8036717615467849, 'generation': 321}","{'id': 24833, 'rank': 20, 'fitness': 0.7962347978733202, 'generation': 321}","{'id': 25028, 'rank': 21, 'fitness': 0.755756719224125, 'generation': 321}","{'id': 25029, 'rank': 22, 'fitness': 0.7016014670034739, 'generation': 321}","{'id': 25085, 'rank': 23, 'fitness': 0.47426920813698425, 'generation': 321}","{'id': 25085, 'rank': 24, 'fitness': 0.47426920813698425, 'generation': 321}","{'id': 25027, 'rank': 25, 'fitness': 0.46341729777818036, 'generation': 321}","{'id': 25009, 'rank': 26, 'fitness': 0.4368215468094408, 'generation': 321}","{'id': 25026, 'rank': 27, 'fitness': 0.31619220171646, 'generation': 321}","{'id': 25019, 'rank': 28, 'fitness': 0.23039662110841364, 'generation': 321}","{'id': 25076, 'rank': 29, 'fitness': 0.22270713086468968, 'generation': 321}","{'id': 24997, 'rank': 30, 'fitness': 0.01798620996209155, 'generation': 321}"
"{'id': 24868, 'rank': 1, 'fitness': 0.9820137900379085, 'generation': 322}","{'id': 25093, 'rank': 2, 'fitness': 0.9819114424753541, 'generation': 322}","{'id': 25078, 'rank': 3, 'fitness': 0.9818456194747223, 'generation': 322}","{'id': 25094, 'rank': 4, 'fitness': 0.9818272258776084, 'generation': 322}","{'id': 25055, 'rank': 5, 'fitness': 0.9817963173161199, 'generation': 322}","{'id': 25055, 'rank': 6, 'fitness': 0.9817963173161199, 'generation': 322}","{'id': 25050, 'rank': 7, 'fitness': 0.9817865455180307, 'generation': 322}","{'id': 25054, 'rank': 8, 'fitness': 0.9817204524937149, 'generation': 322}","{'id': 25110, 'rank': 9, 'fitness': 0.9817165140309865, 'generation': 322}","{'id': 25010, 'rank': 10, 'fitness': 0.9816608251422387, 'generation': 322}","{'id': 25152, 'rank': 11, 'fitness': 0.9816285134803372, 'generation': 322}","{'id': 25153, 'rank': 12, 'fitness': 0.9815113949672819, 'generation': 322}","{'id': 25028, 'rank': 13, 'fitness': 0.9814955759449344, 'generation': 322}","{'id': 25128, 'rank': 14, 'fitness': 0.981263489485637, 'generation': 322}","{'id': 25085, 'rank': 15, 'fitness': 0.9812116297303175, 'generation': 322}","{'id': 25027, 'rank': 16, 'fitness': 0.9812015127169191, 'generation': 322}","{'id': 25027, 'rank': 17, 'fitness': 0.9812015127169191, 'generation': 322}","{'id': 25129, 'rank': 18, 'fitness': 0.9811921178488747, 'generation': 322}","{'id': 25120, 'rank': 19, 'fitness': 0.9808798759390633, 'generation': 322}","{'id': 25126, 'rank': 20, 'fitness': 0.980655843968335, 'generation': 322}","{'id': 25099, 'rank': 21, 'fitness': 0.9794575842456563, 'generation': 322}","{'id': 25165, 'rank': 22, 'fitness': 0.9794181647926324, 'generation': 322}","{'id': 25166, 'rank': 23, 'fitness': 0.9788590402344115, 'generation': 322}","{'id': 25124, 'rank': 24, 'fitness': 0.9779566159236487, 'generation': 322}","{'id': 25137, 'rank': 25, 'fitness': 0.9779443221634346, 'generation': 322}","{'id': 25143, 'rank': 26, 'fitness': 0.9765378298158484, 'generation': 322}","{'id': 25106, 'rank': 27, 'fitness': 0.9746554903780786, 'generation': 322}","{'id': 25091, 'rank': 28, 'fitness': 0.054043422740821134, 'generation': 322}","{'id': 25131, 'rank': 29, 'fitness': 0.01798620996209155, 'generation': 322}","{'id': 25131, 'rank': 30, 'fitness': 0.01798620996209155, 'generation': 322}"
"{'id': 25215, 'rank': 1, 'fitness': 0.9820137900379085, 'generation': 323}","{'id': 25215, 'rank': 2, 'fitness': 0.9820137900379085, 'generation': 323}","{'id': 25093, 'rank': 3, 'fitness': 0.9810550430598649, 'generation': 323}","{'id': 25078, 'rank': 4, 'fitness': 0.9791363909907933, 'generation': 323}","{'id': 25094, 'rank': 5, 'fitness': 0.9785683712364712, 'generation': 323}","{'id': 25055, 'rank': 6, 'fitness': 0.9775809768128287, 'generation': 323}","{'id': 25195, 'rank': 7, 'fitness': 0.9764109251790964, 'generation': 323}","{'id': 25185, 'rank': 8, 'fitness': 0.9759950763608459, 'generation': 323}","{'id': 25176, 'rank': 9, 'fitness': 0.9745779932623938, 'generation': 323}","{'id': 25174, 'rank': 10, 'fitness': 0.9741478093512493, 'generation': 323}","{'id': 25183, 'rank': 11, 'fitness': 0.9712565645052531, 'generation': 323}","{'id': 25183, 'rank': 12, 'fitness': 0.9712565645052531, 'generation': 323}","{'id': 25206, 'rank': 13, 'fitness': 0.9688106577646958, 'generation': 323}","{'id': 25243, 'rank': 14, 'fitness': 0.9686266999681323, 'generation': 323}","{'id': 25228, 'rank': 15, 'fitness': 0.9671364076310116, 'generation': 323}","{'id': 25220, 'rank': 16, 'fitness': 0.9633008427789929, 'generation': 323}","{'id': 25230, 'rank': 17, 'fitness': 0.9627883855115649, 'generation': 323}","{'id': 25171, 'rank': 18, 'fitness': 0.9594889790782508, 'generation': 323}","{'id': 25178, 'rank': 19, 'fitness': 0.9452899136601323, 'generation': 323}","{'id': 25173, 'rank': 20, 'fitness': 0.9423134481000786, 'generation': 323}","{'id': 25188, 'rank': 21, 'fitness': 0.9404607435312793, 'generation': 323}","{'id': 25188, 'rank': 22, 'fitness': 0.9404607435312793, 'generation': 323}","{'id': 25186, 'rank': 23, 'fitness': 0.9022953036707966, 'generation': 323}","{'id': 25099, 'rank': 24, 'fitness': 0.6214887751199627, 'generation': 323}","{'id': 25165, 'rank': 25, 'fitness': 0.6091628452025885, 'generation': 323}","{'id': 25208, 'rank': 26, 'fitness': 0.3827846923341551, 'generation': 323}","{'id': 25226, 'rank': 27, 'fitness': 0.31639284826572445, 'generation': 323}","{'id': 25233, 'rank': 28, 'fitness': 0.21331326431879555, 'generation': 323}","{'id': 25210, 'rank': 29, 'fitness': 0.08226977745148423, 'generation': 323}","{'id': 25211, 'rank': 30, 'fitness': 0.01798620996209155, 'generation': 323}"
"{'id': 25215, 'rank': 1, 'fitness': 0.9820137900379085, 'generation': 324}","{'id': 25287, 'rank': 2, 'fitness': 0.979650366874101, 'generation': 324}","{'id': 25265, 'rank': 3, 'fitness': 0.9795203715272229, 'generation': 324}","{'id': 25299, 'rank': 4, 'fitness': 0.9749857261395016, 'generation': 324}","{'id': 25299, 'rank': 5, 'fitness': 0.9749857261395016, 'generation': 324}","{'id': 25297, 'rank': 6, 'fitness': 0.9677659046497424, 'generation': 324}","{'id': 25298, 'rank': 7, 'fitness': 0.9562577558649873, 'generation': 324}","{'id': 25286, 'rank': 8, 'fitness': 0.9558811576564662, 'generation': 324}","{'id': 25183, 'rank': 9, 'fitness': 0.948855670724331, 'generation': 324}","{'id': 25183, 'rank': 10, 'fitness': 0.948855670724331, 'generation': 324}","{'id': 25304, 'rank': 11, 'fitness': 0.9420313088751542, 'generation': 324}","{'id': 25304, 'rank': 12, 'fitness': 0.9420313088751542, 'generation': 324}","{'id': 25279, 'rank': 13, 'fitness': 0.9401744374540029, 'generation': 324}","{'id': 25206, 'rank': 14, 'fitness': 0.9388436679420162, 'generation': 324}","{'id': 25261, 'rank': 15, 'fitness': 0.9350249544567866, 'generation': 324}","{'id': 25319, 'rank': 16, 'fitness': 0.928697348489899, 'generation': 324}","{'id': 25292, 'rank': 17, 'fitness': 0.9214894922487017, 'generation': 324}","{'id': 25318, 'rank': 18, 'fitness': 0.9149663110074311, 'generation': 324}","{'id': 25267, 'rank': 19, 'fitness': 0.9090227762939075, 'generation': 324}","{'id': 25314, 'rank': 20, 'fitness': 0.9033245850256959, 'generation': 324}","{'id': 25329, 'rank': 21, 'fitness': 0.8941582748436763, 'generation': 324}","{'id': 25268, 'rank': 22, 'fitness': 0.8856244205059861, 'generation': 324}","{'id': 25275, 'rank': 23, 'fitness': 0.8231454137463725, 'generation': 324}","{'id': 25269, 'rank': 24, 'fitness': 0.8110597535224284, 'generation': 324}","{'id': 25178, 'rank': 25, 'fitness': 0.8040372619717255, 'generation': 324}","{'id': 25188, 'rank': 26, 'fitness': 0.7702832896151233, 'generation': 324}","{'id': 25311, 'rank': 27, 'fitness': 0.05031881877526578, 'generation': 324}","{'id': 25099, 'rank': 28, 'fitness': 0.02017663470735176, 'generation': 324}","{'id': 25283, 'rank': 29, 'fitness': 0.019598488711378037, 'generation': 324}","{'id': 25165, 'rank': 30, 'fitness': 0.01798620996209155, 'generation': 324}"
"{'id': 25396, 'rank': 1, 'fitness': 0.9820137900379085, 'generation': 325}","{'id': 25287, 'rank': 2, 'fitness': 0.9811372707296222, 'generation': 325}","{'id': 25287, 'rank': 3, 'fitness': 0.9811372707296222, 'generation': 325}","{'id': 25265, 'rank': 4, 'fitness': 0.9811249745235296, 'generation': 325}","{'id': 25265, 'rank': 5, 'fitness': 0.9811249745235296, 'generation': 325}","{'id': 25398, 'rank': 6, 'fitness': 0.9811049297988796, 'generation': 325}","{'id': 25299, 'rank': 7, 'fitness': 0.9807338051615327, 'generation': 325}","{'id': 25299, 'rank': 8, 'fitness': 0.9807338051615327, 'generation': 325}","{'id': 25375, 'rank': 9, 'fitness': 0.9803702960872315, 'generation': 325}","{'id': 25377, 'rank': 10, 'fitness': 0.9799428717603169, 'generation': 325}","{'id': 25376, 'rank': 11, 'fitness': 0.9796238922987162, 'generation': 325}","{'id': 25298, 'rank': 12, 'fitness': 0.979585097544596, 'generation': 325}","{'id': 25397, 'rank': 13, 'fitness': 0.9795156312795512, 'generation': 325}","{'id': 25304, 'rank': 14, 'fitness': 0.9789701970712765, 'generation': 325}","{'id': 25279, 'rank': 15, 'fitness': 0.9788996053104826, 'generation': 325}","{'id': 25261, 'rank': 16, 'fitness': 0.9787129481473208, 'generation': 325}","{'id': 25261, 'rank': 17, 'fitness': 0.9787129481473208, 'generation': 325}","{'id': 25389, 'rank': 18, 'fitness': 0.9786246923381864, 'generation': 325}","{'id': 25329, 'rank': 19, 'fitness': 0.9775490760871335, 'generation': 325}","{'id': 25268, 'rank': 20, 'fitness': 0.9773528514000027, 'generation': 325}","{'id': 25348, 'rank': 21, 'fitness': 0.9768145962434835, 'generation': 325}","{'id': 25188, 'rank': 22, 'fitness': 0.9753808302392863, 'generation': 325}","{'id': 25380, 'rank': 23, 'fitness': 0.9724668339734968, 'generation': 325}","{'id': 25380, 'rank': 24, 'fitness': 0.9724668339734968, 'generation': 325}","{'id': 25344, 'rank': 25, 'fitness': 0.9707890748569317, 'generation': 325}","{'id': 25341, 'rank': 26, 'fitness': 0.963881283792043, 'generation': 325}","{'id': 25403, 'rank': 27, 'fitness': 0.9636648093033058, 'generation': 325}","{'id': 25403, 'rank': 28, 'fitness': 0.9636648093033058, 'generation': 325}","{'id': 25353, 'rank': 29, 'fitness': 0.9404879113284443, 'generation': 325}","{'id': 25339, 'rank': 30, 'fitness': 0.01798620996209155, 'generation': 325}"
"{'id': 25411, 'rank': 1, 'fitness': 0.9820137900379085, 'generation': 326}","{'id': 25449, 'rank': 2, 'fitness': 0.9796243423314672, 'generation': 326}","{'id': 25287, 'rank': 3, 'fitness': 0.9775733042227905, 'generation': 326}","{'id': 25265, 'rank': 4, 'fitness': 0.9774215512044591, 'generation': 326}","{'id': 25265, 'rank': 5, 'fitness': 0.9774215512044591, 'generation': 326}","{'id': 25299, 'rank': 6, 'fitness': 0.9720968758387092, 'generation': 326}","{'id': 25413, 'rank': 7, 'fitness': 0.971529863678122, 'generation': 326}","{'id': 25476, 'rank': 8, 'fitness': 0.9668683725803798, 'generation': 326}","{'id': 25476, 'rank': 9, 'fitness': 0.9668683725803798, 'generation': 326}","{'id': 25375, 'rank': 10, 'fitness': 0.9661935229611699, 'generation': 326}","{'id': 25474, 'rank': 11, 'fitness': 0.9631864305970732, 'generation': 326}","{'id': 25474, 'rank': 12, 'fitness': 0.9631864305970732, 'generation': 326}","{'id': 25412, 'rank': 13, 'fitness': 0.9590783636211666, 'generation': 326}","{'id': 25478, 'rank': 14, 'fitness': 0.9580631973958591, 'generation': 326}","{'id': 25478, 'rank': 15, 'fitness': 0.9580631973958591, 'generation': 326}","{'id': 25298, 'rank': 16, 'fitness': 0.9496452503505776, 'generation': 326}","{'id': 25457, 'rank': 17, 'fitness': 0.9483689802583266, 'generation': 326}","{'id': 25457, 'rank': 18, 'fitness': 0.9483689802583266, 'generation': 326}","{'id': 25435, 'rank': 19, 'fitness': 0.9427191904196999, 'generation': 326}","{'id': 25453, 'rank': 20, 'fitness': 0.9376110549882255, 'generation': 326}","{'id': 25419, 'rank': 21, 'fitness': 0.9315072060875595, 'generation': 326}","{'id': 25419, 'rank': 22, 'fitness': 0.9315072060875595, 'generation': 326}","{'id': 25445, 'rank': 23, 'fitness': 0.9311487007946161, 'generation': 326}","{'id': 25479, 'rank': 24, 'fitness': 0.9217171819803325, 'generation': 326}","{'id': 25418, 'rank': 25, 'fitness': 0.7362699482250167, 'generation': 326}","{'id': 25463, 'rank': 26, 'fitness': 0.7001606006381593, 'generation': 326}","{'id': 25403, 'rank': 27, 'fitness': 0.03836189763023373, 'generation': 326}","{'id': 25438, 'rank': 28, 'fitness': 0.02913194628981236, 'generation': 326}","{'id': 25483, 'rank': 29, 'fitness': 0.021026433121383303, 'generation': 326}","{'id': 25407, 'rank': 30, 'fitness': 0.01798620996209155, 'generation': 326}"
"{'id': 25565, 'rank': 1, 'fitness': 0.9820137900379085, 'generation': 327}","{'id': 25494, 'rank': 2, 'fitness': 0.9775712063030161, 'generation': 327}","{'id': 25494, 'rank': 3, 'fitness': 0.9775712063030161, 'generation': 327}","{'id': 25265, 'rank': 4, 'fitness': 0.9764503306662609, 'generation': 327}","{'id': 25265, 'rank': 5, 'fitness': 0.9764503306662609, 'generation': 327}","{'id': 25265, 'rank': 6, 'fitness': 0.9764503306662609, 'generation': 327}","{'id': 25566, 'rank': 7, 'fitness': 0.976235688356177, 'generation': 327}","{'id': 25567, 'rank': 8, 'fitness': 0.9667314031439755, 'generation': 327}","{'id': 25412, 'rank': 9, 'fitness': 0.9574913523786401, 'generation': 327}","{'id': 25478, 'rank': 10, 'fitness': 0.9564445150501879, 'generation': 327}","{'id': 25457, 'rank': 11, 'fitness': 0.9464584325031747, 'generation': 327}","{'id': 25435, 'rank': 12, 'fitness': 0.9406467060669046, 'generation': 327}","{'id': 25435, 'rank': 13, 'fitness': 0.9406467060669046, 'generation': 327}","{'id': 25419, 'rank': 14, 'fitness': 0.9291293170964003, 'generation': 327}","{'id': 25445, 'rank': 15, 'fitness': 0.9287613756517383, 'generation': 327}","{'id': 25513, 'rank': 16, 'fitness': 0.9262446432232303, 'generation': 327}","{'id': 25513, 'rank': 17, 'fitness': 0.9262446432232303, 'generation': 327}","{'id': 25548, 'rank': 18, 'fitness': 0.9227397711515426, 'generation': 327}","{'id': 25539, 'rank': 19, 'fitness': 0.9178653299974101, 'generation': 327}","{'id': 25526, 'rank': 20, 'fitness': 0.9076184048436554, 'generation': 327}","{'id': 25525, 'rank': 21, 'fitness': 0.9049577237280941, 'generation': 327}","{'id': 25511, 'rank': 22, 'fitness': 0.8961462537439508, 'generation': 327}","{'id': 25489, 'rank': 23, 'fitness': 0.8304925784657771, 'generation': 327}","{'id': 25553, 'rank': 24, 'fitness': 0.7551395021426976, 'generation': 327}","{'id': 25552, 'rank': 25, 'fitness': 0.6718700236711198, 'generation': 327}","{'id': 25552, 'rank': 26, 'fitness': 0.6718700236711198, 'generation': 327}","{'id': 25570, 'rank': 27, 'fitness': 0.5812383326950039, 'generation': 327}","{'id': 25518, 'rank': 28, 'fitness': 0.075597928467246, 'generation': 327}","{'id': 25403, 'rank': 29, 'fitness': 0.03820284629662529, 'generation': 327}","{'id': 25407, 'rank': 30, 'fitness': 0.01798620996209155, 'generation': 327}"
"{'id': 25265, 'rank': 1, 'fitness': 0.9820137900379085, 'generation': 328}","{'id': 25566, 'rank': 2, 'fitness': 0.9818751712355573, 'generation': 328}","{'id': 25566, 'rank': 3, 'fitness': 0.9818751712355573, 'generation': 328}","{'id': 25606, 'rank': 4, 'fitness': 0.971781429965585, 'generation': 328}","{'id': 25622, 'rank': 5, 'fitness': 0.9711505304330248, 'generation': 328}","{'id': 25600, 'rank': 6, 'fitness': 0.9702511876002227, 'generation': 328}","{'id': 25600, 'rank': 7, 'fitness': 0.9702511876002227, 'generation': 328}","{'id': 25667, 'rank': 8, 'fitness': 0.9669724152196311, 'generation': 328}","{'id': 25628, 'rank': 9, 'fitness': 0.9666759330432826, 'generation': 328}","{'id': 25628, 'rank': 10, 'fitness': 0.9666759330432826, 'generation': 328}","{'id': 25628, 'rank': 11, 'fitness': 0.9666759330432826, 'generation': 328}","{'id': 25630, 'rank': 12, 'fitness': 0.9614598078419869, 'generation': 328}","{'id': 25419, 'rank': 13, 'fitness': 0.9539667410104884, 'generation': 328}","{'id': 25632, 'rank': 14, 'fitness': 0.9536674006568379, 'generation': 328}","{'id': 25513, 'rank': 15, 'fitness': 0.9523514421508954, 'generation': 328}","{'id': 25525, 'rank': 16, 'fitness': 0.9405977633157816, 'generation': 328}","{'id': 25629, 'rank': 17, 'fitness': 0.9401887204386237, 'generation': 328}","{'id': 25652, 'rank': 18, 'fitness': 0.9231406963702893, 'generation': 328}","{'id': 25621, 'rank': 19, 'fitness': 0.9198676310715665, 'generation': 328}","{'id': 25657, 'rank': 20, 'fitness': 0.8607002499245895, 'generation': 328}","{'id': 25657, 'rank': 21, 'fitness': 0.8607002499245895, 'generation': 328}","{'id': 25552, 'rank': 22, 'fitness': 0.8129236493358458, 'generation': 328}","{'id': 25589, 'rank': 23, 'fitness': 0.5919849265365703, 'generation': 328}","{'id': 25589, 'rank': 24, 'fitness': 0.5919849265365703, 'generation': 328}","{'id': 25654, 'rank': 25, 'fitness': 0.4389160506770532, 'generation': 328}","{'id': 25518, 'rank': 26, 'fitness': 0.22438287609593843, 'generation': 328}","{'id': 25644, 'rank': 27, 'fitness': 0.1431088232809396, 'generation': 328}","{'id': 25638, 'rank': 28, 'fitness': 0.07062340670606926, 'generation': 328}","{'id': 25577, 'rank': 29, 'fitness': 0.05233233256413461, 'generation': 328}","{'id': 25579, 'rank': 30, 'fitness': 0.01798620996209155, 'generation': 328}"
"{'id': 25710, 'rank': 1, 'fitness': 0.9820137900379085, 'generation': 329}","{'id': 25265, 'rank': 2, 'fitness': 0.9816712817915217, 'generation': 329}","{'id': 25566, 'rank': 3, 'fitness': 0.9816664350868639, 'generation': 329}","{'id': 25685, 'rank': 4, 'fitness': 0.9816366538004457, 'generation': 329}","{'id': 25685, 'rank': 5, 'fitness': 0.9816366538004457, 'generation': 329}","{'id': 25622, 'rank': 6, 'fitness': 0.9813691147095744, 'generation': 329}","{'id': 25600, 'rank': 7, 'fitness': 0.9813491861259389, 'generation': 329}","{'id': 25600, 'rank': 8, 'fitness': 0.9813491861259389, 'generation': 329}","{'id': 25628, 'rank': 9, 'fitness': 0.9812751587567983, 'generation': 329}","{'id': 25731, 'rank': 10, 'fitness': 0.9812721259609647, 'generation': 329}","{'id': 25630, 'rank': 11, 'fitness': 0.9811794493756338, 'generation': 329}","{'id': 25630, 'rank': 12, 'fitness': 0.9811794493756338, 'generation': 329}","{'id': 25630, 'rank': 13, 'fitness': 0.9811794493756338, 'generation': 329}","{'id': 25691, 'rank': 14, 'fitness': 0.9810440842657521, 'generation': 329}","{'id': 25732, 'rank': 15, 'fitness': 0.9810336890586637, 'generation': 329}","{'id': 25723, 'rank': 16, 'fitness': 0.9810259341885376, 'generation': 329}","{'id': 25700, 'rank': 17, 'fitness': 0.9810151592485541, 'generation': 329}","{'id': 25687, 'rank': 18, 'fitness': 0.980973982257726, 'generation': 329}","{'id': 25734, 'rank': 19, 'fitness': 0.9807222003206383, 'generation': 329}","{'id': 25652, 'rank': 20, 'fitness': 0.9807087955838486, 'generation': 329}","{'id': 25621, 'rank': 21, 'fitness': 0.9806792795225702, 'generation': 329}","{'id': 25673, 'rank': 22, 'fitness': 0.9802751538785025, 'generation': 329}","{'id': 25741, 'rank': 23, 'fitness': 0.9799475251661536, 'generation': 329}","{'id': 25714, 'rank': 24, 'fitness': 0.9797906329858919, 'generation': 329}","{'id': 25678, 'rank': 25, 'fitness': 0.9794214615785581, 'generation': 329}","{'id': 25678, 'rank': 26, 'fitness': 0.9794214615785581, 'generation': 329}","{'id': 25721, 'rank': 27, 'fitness': 0.9779262877703443, 'generation': 329}","{'id': 25720, 'rank': 28, 'fitness': 0.9748205485773682, 'generation': 329}","{'id': 25682, 'rank': 29, 'fitness': 0.9738036240548305, 'generation': 329}","{'id': 25703, 'rank': 30, 'fitness': 0.01798620996209155, 'generation': 329}"
"{'id': 25762, 'rank': 1, 'fitness': 0.9820137900379085, 'generation': 330}","{'id': 25710, 'rank': 2, 'fitness': 0.9820107315142871, 'generation': 330}","{'id': 25710, 'rank': 3, 'fitness': 0.9820107315142871, 'generation': 330}","{'id': 25265, 'rank': 4, 'fitness': 0.9818964700722856, 'generation': 330}","{'id': 25685, 'rank': 5, 'fitness': 0.981884995835077, 'generation': 330}","{'id': 25814, 'rank': 6, 'fitness': 0.9817975509002053, 'generation': 330}","{'id': 25809, 'rank': 7, 'fitness': 0.9817925851295017, 'generation': 330}","{'id': 25600, 'rank': 8, 'fitness': 0.9817902813300314, 'generation': 330}","{'id': 25785, 'rank': 9, 'fitness': 0.9817729908460445, 'generation': 330}","{'id': 25628, 'rank': 10, 'fitness': 0.9817660450877889, 'generation': 330}","{'id': 25824, 'rank': 11, 'fitness': 0.9817415064632651, 'generation': 330}","{'id': 25824, 'rank': 12, 'fitness': 0.9817415064632651, 'generation': 330}","{'id': 25792, 'rank': 13, 'fitness': 0.9817355705559736, 'generation': 330}","{'id': 25630, 'rank': 14, 'fitness': 0.9817348025793995, 'generation': 330}","{'id': 25822, 'rank': 15, 'fitness': 0.9817154133493944, 'generation': 330}","{'id': 25812, 'rank': 16, 'fitness': 0.981715394172255, 'generation': 330}","{'id': 25790, 'rank': 17, 'fitness': 0.9816957802207696, 'generation': 330}","{'id': 25732, 'rank': 18, 'fitness': 0.9816874200599364, 'generation': 330}","{'id': 25747, 'rank': 19, 'fitness': 0.9816774144691947, 'generation': 330}","{'id': 25746, 'rank': 20, 'fitness': 0.9816688040639774, 'generation': 330}","{'id': 25687, 'rank': 21, 'fitness': 0.9816680795373204, 'generation': 330}","{'id': 25774, 'rank': 22, 'fitness': 0.9816668252477214, 'generation': 330}","{'id': 25749, 'rank': 23, 'fitness': 0.9816007023689794, 'generation': 330}","{'id': 25794, 'rank': 24, 'fitness': 0.9815780296233841, 'generation': 330}","{'id': 25780, 'rank': 25, 'fitness': 0.9815413023543841, 'generation': 330}","{'id': 25771, 'rank': 26, 'fitness': 0.9815070924020823, 'generation': 330}","{'id': 25759, 'rank': 27, 'fitness': 0.9814794998209688, 'generation': 330}","{'id': 25779, 'rank': 28, 'fitness': 0.9814753609824812, 'generation': 330}","{'id': 25757, 'rank': 29, 'fitness': 0.9810050267925832, 'generation': 330}","{'id': 25801, 'rank': 30, 'fitness': 0.01798620996209155, 'generation': 330}"
"{'id': 25710, 'rank': 1, 'fitness': 0.9820137900379085, 'generation': 331}","{'id': 25877, 'rank': 2, 'fitness': 0.9194562064496649, 'generation': 331}","{'id': 25888, 'rank': 3, 'fitness': 0.6252929465256748, 'generation': 331}","{'id': 25849, 'rank': 4, 'fitness': 0.5601783465440484, 'generation': 331}","{'id': 25849, 'rank': 5, 'fitness': 0.5601783465440484, 'generation': 331}","{'id': 25814, 'rank': 6, 'fitness': 0.4860003614573169, 'generation': 331}","{'id': 25600, 'rank': 7, 'fitness': 0.45177491732565517, 'generation': 331}","{'id': 25836, 'rank': 8, 'fitness': 0.43275271017763733, 'generation': 331}","{'id': 25836, 'rank': 9, 'fitness': 0.43275271017763733, 'generation': 331}","{'id': 25785, 'rank': 10, 'fitness': 0.3727823807143177, 'generation': 331}","{'id': 25891, 'rank': 11, 'fitness': 0.2777434560085243, 'generation': 331}","{'id': 25899, 'rank': 12, 'fitness': 0.271394119269482, 'generation': 331}","{'id': 25824, 'rank': 13, 'fitness': 0.24701705201455815, 'generation': 331}","{'id': 25842, 'rank': 14, 'fitness': 0.22654177498349115, 'generation': 331}","{'id': 25630, 'rank': 15, 'fitness': 0.2242628159314642, 'generation': 331}","{'id': 25894, 'rank': 16, 'fitness': 0.21124099134634822, 'generation': 331}","{'id': 25894, 'rank': 17, 'fitness': 0.21124099134634822, 'generation': 331}","{'id': 25812, 'rank': 18, 'fitness': 0.16704619434415713, 'generation': 331}","{'id': 25874, 'rank': 19, 'fitness': 0.16252849158614463, 'generation': 331}","{'id': 25901, 'rank': 20, 'fitness': 0.1596757564836329, 'generation': 331}","{'id': 25882, 'rank': 21, 'fitness': 0.07708190604474074, 'generation': 331}","{'id': 25746, 'rank': 22, 'fitness': 0.07705481504997552, 'generation': 331}","{'id': 25746, 'rank': 23, 'fitness': 0.07705481504997552, 'generation': 331}","{'id': 25687, 'rank': 24, 'fitness': 0.07609240249267679, 'generation': 331}","{'id': 25839, 'rank': 25, 'fitness': 0.05188039089907709, 'generation': 331}","{'id': 25839, 'rank': 26, 'fitness': 0.05188039089907709, 'generation': 331}","{'id': 25848, 'rank': 27, 'fitness': 0.04334797222184328, 'generation': 331}","{'id': 25889, 'rank': 28, 'fitness': 0.036512175028415805, 'generation': 331}","{'id': 25840, 'rank': 29, 'fitness': 0.02827214735508088, 'generation': 331}","{'id': 25867, 'rank': 30, 'fitness': 0.01798620996209155, 'generation': 331}"
"{'id': 25710, 'rank': 1, 'fitness': 0.9820137900379085, 'generation': 332}","{'id': 25849, 'rank': 2, 'fitness': 0.9817623149538792, 'generation': 332}","{'id': 25814, 'rank': 3, 'fitness': 0.9817422339917683, 'generation': 332}","{'id': 25836, 'rank': 4, 'fitness': 0.9817277536011968, 'generation': 332}","{'id': 25785, 'rank': 5, 'fitness': 0.9817108938797587, 'generation': 332}","{'id': 25785, 'rank': 6, 'fitness': 0.9817108938797587, 'generation': 332}","{'id': 25785, 'rank': 7, 'fitness': 0.9817108938797587, 'generation': 332}","{'id': 25899, 'rank': 8, 'fitness': 0.9816792995411092, 'generation': 332}","{'id': 25899, 'rank': 9, 'fitness': 0.9816792995411092, 'generation': 332}","{'id': 25899, 'rank': 10, 'fitness': 0.9816792995411092, 'generation': 332}","{'id': 25824, 'rank': 11, 'fitness': 0.981670701424153, 'generation': 332}","{'id': 25894, 'rank': 12, 'fitness': 0.9816569607900502, 'generation': 332}","{'id': 25894, 'rank': 13, 'fitness': 0.9816569607900502, 'generation': 332}","{'id': 25894, 'rank': 14, 'fitness': 0.9816569607900502, 'generation': 332}","{'id': 25812, 'rank': 15, 'fitness': 0.9816373528627127, 'generation': 332}","{'id': 25812, 'rank': 16, 'fitness': 0.9816373528627127, 'generation': 332}","{'id': 25746, 'rank': 17, 'fitness': 0.9815778200925518, 'generation': 332}","{'id': 25746, 'rank': 18, 'fitness': 0.9815778200925518, 'generation': 332}","{'id': 25839, 'rank': 19, 'fitness': 0.9815490516516773, 'generation': 332}","{'id': 25889, 'rank': 20, 'fitness': 0.9815240001748132, 'generation': 332}","{'id': 25889, 'rank': 21, 'fitness': 0.9815240001748132, 'generation': 332}","{'id': 25931, 'rank': 22, 'fitness': 0.9807643682755289, 'generation': 332}","{'id': 25933, 'rank': 23, 'fitness': 0.9807251636931249, 'generation': 332}","{'id': 25934, 'rank': 24, 'fitness': 0.9799579060160342, 'generation': 332}","{'id': 25934, 'rank': 25, 'fitness': 0.9799579060160342, 'generation': 332}","{'id': 25930, 'rank': 26, 'fitness': 0.9795590310748525, 'generation': 332}","{'id': 25953, 'rank': 27, 'fitness': 0.8248010752462847, 'generation': 332}","{'id': 25922, 'rank': 28, 'fitness': 0.6954116460297732, 'generation': 332}","{'id': 25950, 'rank': 29, 'fitness': 0.5771864797693633, 'generation': 332}","{'id': 25941, 'rank': 30, 'fitness': 0.01798620996209155, 'generation': 332}"
"{'id': 25710, 'rank': 1, 'fitness': 0.9820137900379085, 'generation': 333}","{'id': 26009, 'rank': 2, 'fitness': 0.9819139284965154, 'generation': 333}","{'id': 26010, 'rank': 3, 'fitness': 0.9816701484814787, 'generation': 333}","{'id': 26014, 'rank': 4, 'fitness': 0.9816077778389951, 'generation': 333}","{'id': 25975, 'rank': 5, 'fitness': 0.9815979817965389, 'generation': 333}","{'id': 25975, 'rank': 6, 'fitness': 0.9815979817965389, 'generation': 333}","{'id': 25785, 'rank': 7, 'fitness': 0.9815658250151089, 'generation': 333}","{'id': 25899, 'rank': 8, 'fitness': 0.9815188992951214, 'generation': 333}","{'id': 25899, 'rank': 9, 'fitness': 0.9815188992951214, 'generation': 333}","{'id': 25824, 'rank': 10, 'fitness': 0.9815061223773478, 'generation': 333}","{'id': 25994, 'rank': 11, 'fitness': 0.9815025170157676, 'generation': 333}","{'id': 25894, 'rank': 12, 'fitness': 0.9814856978376979, 'generation': 333}","{'id': 25966, 'rank': 13, 'fitness': 0.9814757120976025, 'generation': 333}","{'id': 25982, 'rank': 14, 'fitness': 0.9814325891585116, 'generation': 333}","{'id': 25982, 'rank': 15, 'fitness': 0.9814325891585116, 'generation': 333}","{'id': 25993, 'rank': 16, 'fitness': 0.9814313739277973, 'generation': 333}","{'id': 25969, 'rank': 17, 'fitness': 0.9814195255253708, 'generation': 333}","{'id': 25971, 'rank': 18, 'fitness': 0.9814126876726788, 'generation': 333}","{'id': 25746, 'rank': 19, 'fitness': 0.9813679223787379, 'generation': 333}","{'id': 26033, 'rank': 20, 'fitness': 0.9813339534423262, 'generation': 333}","{'id': 25998, 'rank': 21, 'fitness': 0.9813095241897489, 'generation': 333}","{'id': 25889, 'rank': 22, 'fitness': 0.98128769455882, 'generation': 333}","{'id': 26031, 'rank': 23, 'fitness': 0.9811918644563533, 'generation': 333}","{'id': 25959, 'rank': 24, 'fitness': 0.9811042004759699, 'generation': 333}","{'id': 25973, 'rank': 25, 'fitness': 0.981095464110446, 'generation': 333}","{'id': 26019, 'rank': 26, 'fitness': 0.9801729841084992, 'generation': 333}","{'id': 26019, 'rank': 27, 'fitness': 0.9801729841084992, 'generation': 333}","{'id': 26018, 'rank': 28, 'fitness': 0.9795307608411787, 'generation': 333}","{'id': 26025, 'rank': 29, 'fitness': 0.9789779737706156, 'generation': 333}","{'id': 25985, 'rank': 30, 'fitness': 0.01798620996209155, 'generation': 333}"
"{'id': 26094, 'rank': 1, 'fitness': 0.9820137900379085, 'generation': 334}","{'id': 26009, 'rank': 2, 'fitness': 0.9479914848804267, 'generation': 334}","{'id': 26041, 'rank': 3, 'fitness': 0.8851262350736598, 'generation': 334}","{'id': 25785, 'rank': 4, 'fitness': 0.808918990725872, 'generation': 334}","{'id': 26119, 'rank': 5, 'fitness': 0.8007532133446877, 'generation': 334}","{'id': 26084, 'rank': 6, 'fitness': 0.7836963820402039, 'generation': 334}","{'id': 25899, 'rank': 7, 'fitness': 0.7770000032640882, 'generation': 334}","{'id': 25899, 'rank': 8, 'fitness': 0.7770000032640882, 'generation': 334}","{'id': 26056, 'rank': 9, 'fitness': 0.7682833778712762, 'generation': 334}","{'id': 26056, 'rank': 10, 'fitness': 0.7682833778712762, 'generation': 334}","{'id': 26056, 'rank': 11, 'fitness': 0.7682833778712762, 'generation': 334}","{'id': 25824, 'rank': 12, 'fitness': 0.7676931311690156, 'generation': 334}","{'id': 25994, 'rank': 13, 'fitness': 0.7650196312874933, 'generation': 334}","{'id': 25966, 'rank': 14, 'fitness': 0.7444976837870174, 'generation': 334}","{'id': 26068, 'rank': 15, 'fitness': 0.7260199684013802, 'generation': 334}","{'id': 26082, 'rank': 16, 'fitness': 0.7216931530375217, 'generation': 334}","{'id': 25982, 'rank': 17, 'fitness': 0.7091710670091409, 'generation': 334}","{'id': 25971, 'rank': 18, 'fitness': 0.6919595667304164, 'generation': 334}","{'id': 26035, 'rank': 19, 'fitness': 0.6353284784765765, 'generation': 334}","{'id': 26045, 'rank': 20, 'fitness': 0.6042737380829042, 'generation': 334}","{'id': 26045, 'rank': 21, 'fitness': 0.6042737380829042, 'generation': 334}","{'id': 26118, 'rank': 22, 'fitness': 0.6015456588345356, 'generation': 334}","{'id': 26118, 'rank': 23, 'fitness': 0.6015456588345356, 'generation': 334}","{'id': 26118, 'rank': 24, 'fitness': 0.6015456588345356, 'generation': 334}","{'id': 25998, 'rank': 25, 'fitness': 0.5951439949169315, 'generation': 334}","{'id': 26074, 'rank': 26, 'fitness': 0.5870886548706499, 'generation': 334}","{'id': 25959, 'rank': 27, 'fitness': 0.3889174926067848, 'generation': 334}","{'id': 25973, 'rank': 28, 'fitness': 0.38053310234395676, 'generation': 334}","{'id': 26110, 'rank': 29, 'fitness': 0.2898659084773718, 'generation': 334}","{'id': 26080, 'rank': 30, 'fitness': 0.01798620996209155, 'generation': 334}"
"{'id': 26169, 'rank': 1, 'fitness': 0.9820137900379085, 'generation': 335}","{'id': 26170, 'rank': 2, 'fitness': 0.9812205180695897, 'generation': 335}","{'id': 25785, 'rank': 3, 'fitness': 0.9805691260778762, 'generation': 335}","{'id': 26119, 'rank': 4, 'fitness': 0.9805193480516476, 'generation': 335}","{'id': 26056, 'rank': 5, 'fitness': 0.980334087870472, 'generation': 335}","{'id': 26056, 'rank': 6, 'fitness': 0.980334087870472, 'generation': 335}","{'id': 26056, 'rank': 7, 'fitness': 0.980334087870472, 'generation': 335}","{'id': 26056, 'rank': 8, 'fitness': 0.980334087870472, 'generation': 335}","{'id': 25824, 'rank': 9, 'fitness': 0.9803308825445387, 'generation': 335}","{'id': 25966, 'rank': 10, 'fitness': 0.9802087256441606, 'generation': 335}","{'id': 26035, 'rank': 11, 'fitness': 0.9797017240379602, 'generation': 335}","{'id': 26035, 'rank': 12, 'fitness': 0.9797017240379602, 'generation': 335}","{'id': 26045, 'rank': 13, 'fitness': 0.9795697279070383, 'generation': 335}","{'id': 26118, 'rank': 14, 'fitness': 0.979558280016017, 'generation': 335}","{'id': 26110, 'rank': 15, 'fitness': 0.9782016951951746, 'generation': 335}","{'id': 26175, 'rank': 16, 'fitness': 0.9752199308520175, 'generation': 335}","{'id': 26166, 'rank': 17, 'fitness': 0.9594062428456241, 'generation': 335}","{'id': 26166, 'rank': 18, 'fitness': 0.9594062428456241, 'generation': 335}","{'id': 26166, 'rank': 19, 'fitness': 0.9594062428456241, 'generation': 335}","{'id': 26168, 'rank': 20, 'fitness': 0.9226943590481435, 'generation': 335}","{'id': 26167, 'rank': 21, 'fitness': 0.8589903602409275, 'generation': 335}","{'id': 26136, 'rank': 22, 'fitness': 0.8209660751028292, 'generation': 335}","{'id': 26172, 'rank': 23, 'fitness': 0.45877410832420595, 'generation': 335}","{'id': 26174, 'rank': 24, 'fitness': 0.3844499686376363, 'generation': 335}","{'id': 26158, 'rank': 25, 'fitness': 0.3694924761109628, 'generation': 335}","{'id': 26162, 'rank': 26, 'fitness': 0.12174222684863034, 'generation': 335}","{'id': 26184, 'rank': 27, 'fitness': 0.07086361272534586, 'generation': 335}","{'id': 26184, 'rank': 28, 'fitness': 0.07086361272534586, 'generation': 335}","{'id': 26186, 'rank': 29, 'fitness': 0.057447541038938954, 'generation': 335}","{'id': 26145, 'rank': 30, 'fitness': 0.01798620996209155, 'generation': 335}"
"{'id': 26216, 'rank': 1, 'fitness': 0.9820137900379085, 'generation': 336}","{'id': 26209, 'rank': 2, 'fitness': 0.9807220278910667, 'generation': 336}","{'id': 26170, 'rank': 3, 'fitness': 0.9794404575781569, 'generation': 336}","{'id': 26170, 'rank': 4, 'fitness': 0.9794404575781569, 'generation': 336}","{'id': 26246, 'rank': 5, 'fitness': 0.9782917186920231, 'generation': 336}","{'id': 26246, 'rank': 6, 'fitness': 0.9782917186920231, 'generation': 336}","{'id': 26247, 'rank': 7, 'fitness': 0.9773565126898761, 'generation': 336}","{'id': 26249, 'rank': 8, 'fitness': 0.9773070656400906, 'generation': 336}","{'id': 26243, 'rank': 9, 'fitness': 0.976929362850244, 'generation': 336}","{'id': 25785, 'rank': 10, 'fitness': 0.9767166729426093, 'generation': 336}","{'id': 25785, 'rank': 11, 'fitness': 0.9767166729426093, 'generation': 336}","{'id': 26239, 'rank': 12, 'fitness': 0.9765686763051453, 'generation': 336}","{'id': 26119, 'rank': 13, 'fitness': 0.9764985600843332, 'generation': 336}","{'id': 26056, 'rank': 14, 'fitness': 0.9756741065327008, 'generation': 336}","{'id': 26056, 'rank': 15, 'fitness': 0.9756741065327008, 'generation': 336}","{'id': 26056, 'rank': 16, 'fitness': 0.9756741065327008, 'generation': 336}","{'id': 26219, 'rank': 17, 'fitness': 0.9736581709300777, 'generation': 336}","{'id': 26238, 'rank': 18, 'fitness': 0.971656517213318, 'generation': 336}","{'id': 26205, 'rank': 19, 'fitness': 0.9695861761781577, 'generation': 336}","{'id': 26240, 'rank': 20, 'fitness': 0.9693120205526172, 'generation': 336}","{'id': 26221, 'rank': 21, 'fitness': 0.9690886170857906, 'generation': 336}","{'id': 26200, 'rank': 22, 'fitness': 0.9684321750076879, 'generation': 336}","{'id': 26252, 'rank': 23, 'fitness': 0.96783792308362, 'generation': 336}","{'id': 26203, 'rank': 24, 'fitness': 0.9654909938919645, 'generation': 336}","{'id': 26254, 'rank': 25, 'fitness': 0.964683446477862, 'generation': 336}","{'id': 26241, 'rank': 26, 'fitness': 0.9487482712292961, 'generation': 336}","{'id': 26175, 'rank': 27, 'fitness': 0.9440991216848617, 'generation': 336}","{'id': 26230, 'rank': 28, 'fitness': 0.912836057370112, 'generation': 336}","{'id': 26261, 'rank': 29, 'fitness': 0.400293062016152, 'generation': 336}","{'id': 26167, 'rank': 30, 'fitness': 0.01798620996209155, 'generation': 336}"
"{'id': 26294, 'rank': 1, 'fitness': 0.9820137900379085, 'generation': 337}","{'id': 26295, 'rank': 2, 'fitness': 0.9781419038621009, 'generation': 337}","{'id': 26295, 'rank': 3, 'fitness': 0.9781419038621009, 'generation': 337}","{'id': 26209, 'rank': 4, 'fitness': 0.9768119436913294, 'generation': 337}","{'id': 26296, 'rank': 5, 'fitness': 0.9674435836597567, 'generation': 337}","{'id': 26296, 'rank': 6, 'fitness': 0.9674435836597567, 'generation': 337}","{'id': 26246, 'rank': 7, 'fitness': 0.9668355523187205, 'generation': 337}","{'id': 26246, 'rank': 8, 'fitness': 0.9668355523187205, 'generation': 337}","{'id': 26274, 'rank': 9, 'fitness': 0.9597373963460304, 'generation': 337}","{'id': 25785, 'rank': 10, 'fitness': 0.9591029998895786, 'generation': 337}","{'id': 25785, 'rank': 11, 'fitness': 0.9591029998895786, 'generation': 337}","{'id': 26316, 'rank': 12, 'fitness': 0.9496970917936003, 'generation': 337}","{'id': 26293, 'rank': 13, 'fitness': 0.9465876828170628, 'generation': 337}","{'id': 26319, 'rank': 14, 'fitness': 0.9442568329668143, 'generation': 337}","{'id': 26339, 'rank': 15, 'fitness': 0.9410867743213178, 'generation': 337}","{'id': 26366, 'rank': 16, 'fitness': 0.9340971255252222, 'generation': 337}","{'id': 26269, 'rank': 17, 'fitness': 0.9315868016039925, 'generation': 337}","{'id': 26299, 'rank': 18, 'fitness': 0.9305909616699738, 'generation': 337}","{'id': 26267, 'rank': 19, 'fitness': 0.9291008030868573, 'generation': 337}","{'id': 26282, 'rank': 20, 'fitness': 0.9271610385156337, 'generation': 337}","{'id': 26238, 'rank': 21, 'fitness': 0.9270297812172573, 'generation': 337}","{'id': 26320, 'rank': 22, 'fitness': 0.9266602312630718, 'generation': 337}","{'id': 26323, 'rank': 23, 'fitness': 0.9194795702388998, 'generation': 337}","{'id': 26240, 'rank': 24, 'fitness': 0.9083159981339654, 'generation': 337}","{'id': 26221, 'rank': 25, 'fitness': 0.9064056103134932, 'generation': 337}","{'id': 26221, 'rank': 26, 'fitness': 0.9064056103134932, 'generation': 337}","{'id': 26272, 'rank': 27, 'fitness': 0.8993334137931543, 'generation': 337}","{'id': 26334, 'rank': 28, 'fitness': 0.8790889728044333, 'generation': 337}","{'id': 26328, 'rank': 29, 'fitness': 0.24533087783561236, 'generation': 337}","{'id': 26351, 'rank': 30, 'fitness': 0.01798620996209155, 'generation': 337}"
"{'id': 26381, 'rank': 1, 'fitness': 0.9820137900379085, 'generation': 338}","{'id': 26295, 'rank': 2, 'fitness': 0.981905344420135, 'generation': 338}","{'id': 26442, 'rank': 3, 'fitness': 0.9762004611445203, 'generation': 338}","{'id': 26246, 'rank': 4, 'fitness': 0.9744327213919133, 'generation': 338}","{'id': 26246, 'rank': 5, 'fitness': 0.9744327213919133, 'generation': 338}","{'id': 26246, 'rank': 6, 'fitness': 0.9744327213919133, 'generation': 338}","{'id': 25785, 'rank': 7, 'fitness': 0.969561004990066, 'generation': 338}","{'id': 26316, 'rank': 8, 'fitness': 0.9638169726529768, 'generation': 338}","{'id': 26293, 'rank': 9, 'fitness': 0.9619533727536425, 'generation': 338}","{'id': 26395, 'rank': 10, 'fitness': 0.9583703376995315, 'generation': 338}","{'id': 26441, 'rank': 11, 'fitness': 0.9574624495906294, 'generation': 338}","{'id': 26267, 'rank': 12, 'fitness': 0.9517202667278728, 'generation': 338}","{'id': 26282, 'rank': 13, 'fitness': 0.9506064633237613, 'generation': 338}","{'id': 26282, 'rank': 14, 'fitness': 0.9506064633237613, 'generation': 338}","{'id': 26323, 'rank': 15, 'fitness': 0.946229199806681, 'generation': 338}","{'id': 26221, 'rank': 16, 'fitness': 0.9388823104287605, 'generation': 338}","{'id': 26378, 'rank': 17, 'fitness': 0.9314263568294592, 'generation': 338}","{'id': 26445, 'rank': 18, 'fitness': 0.9220012603621353, 'generation': 338}","{'id': 26379, 'rank': 19, 'fitness': 0.9135126860221368, 'generation': 338}","{'id': 26394, 'rank': 20, 'fitness': 0.9094537306468844, 'generation': 338}","{'id': 26446, 'rank': 21, 'fitness': 0.8708444806691169, 'generation': 338}","{'id': 26407, 'rank': 22, 'fitness': 0.8338522510784878, 'generation': 338}","{'id': 26422, 'rank': 23, 'fitness': 0.707964405426768, 'generation': 338}","{'id': 26328, 'rank': 24, 'fitness': 0.483330813052547, 'generation': 338}","{'id': 26419, 'rank': 25, 'fitness': 0.35154450528420483, 'generation': 338}","{'id': 26419, 'rank': 26, 'fitness': 0.35154450528420483, 'generation': 338}","{'id': 26416, 'rank': 27, 'fitness': 0.1530626655546079, 'generation': 338}","{'id': 26452, 'rank': 28, 'fitness': 0.04461329459901864, 'generation': 338}","{'id': 26452, 'rank': 29, 'fitness': 0.04461329459901864, 'generation': 338}","{'id': 26425, 'rank': 30, 'fitness': 0.01798620996209155, 'generation': 338}"
"{'id': 26458, 'rank': 1, 'fitness': 0.9820137900379085, 'generation': 339}","{'id': 26458, 'rank': 2, 'fitness': 0.9820137900379085, 'generation': 339}","{'id': 26381, 'rank': 3, 'fitness': 0.9806032335809911, 'generation': 339}","{'id': 26381, 'rank': 4, 'fitness': 0.9806032335809911, 'generation': 339}","{'id': 26246, 'rank': 5, 'fitness': 0.9786931990407737, 'generation': 339}","{'id': 26246, 'rank': 6, 'fitness': 0.9786931990407737, 'generation': 339}","{'id': 26486, 'rank': 7, 'fitness': 0.9783235813008178, 'generation': 339}","{'id': 26513, 'rank': 8, 'fitness': 0.9773747187712585, 'generation': 339}","{'id': 26478, 'rank': 9, 'fitness': 0.9768081627034916, 'generation': 339}","{'id': 26293, 'rank': 10, 'fitness': 0.9762871278166466, 'generation': 339}","{'id': 26500, 'rank': 11, 'fitness': 0.97600727923895, 'generation': 339}","{'id': 26459, 'rank': 12, 'fitness': 0.9759853232616424, 'generation': 339}","{'id': 26515, 'rank': 13, 'fitness': 0.9756405628886227, 'generation': 339}","{'id': 26477, 'rank': 14, 'fitness': 0.9754930362835932, 'generation': 339}","{'id': 26454, 'rank': 15, 'fitness': 0.9750957882655464, 'generation': 339}","{'id': 26454, 'rank': 16, 'fitness': 0.9750957882655464, 'generation': 339}","{'id': 26460, 'rank': 17, 'fitness': 0.9746645518875214, 'generation': 339}","{'id': 26282, 'rank': 18, 'fitness': 0.9745426003806451, 'generation': 339}","{'id': 26480, 'rank': 19, 'fitness': 0.9733987189084616, 'generation': 339}","{'id': 26461, 'rank': 20, 'fitness': 0.9730840685563482, 'generation': 339}","{'id': 26462, 'rank': 21, 'fitness': 0.9729562909791442, 'generation': 339}","{'id': 26466, 'rank': 22, 'fitness': 0.9727618795212654, 'generation': 339}","{'id': 26482, 'rank': 23, 'fitness': 0.9725515542164089, 'generation': 339}","{'id': 26394, 'rank': 24, 'fitness': 0.969866572259099, 'generation': 339}","{'id': 26407, 'rank': 25, 'fitness': 0.9639621218858877, 'generation': 339}","{'id': 26422, 'rank': 26, 'fitness': 0.9565785690876785, 'generation': 339}","{'id': 26496, 'rank': 27, 'fitness': 0.9496740655443348, 'generation': 339}","{'id': 26508, 'rank': 28, 'fitness': 0.9470526870850466, 'generation': 339}","{'id': 26328, 'rank': 29, 'fitness': 0.9447184069329704, 'generation': 339}","{'id': 26512, 'rank': 30, 'fitness': 0.01798620996209155, 'generation': 339}"
"{'id': 26458, 'rank': 1, 'fitness': 0.9820137900379085, 'generation': 340}","{'id': 26458, 'rank': 2, 'fitness': 0.9820137900379085, 'generation': 340}","{'id': 26538, 'rank': 3, 'fitness': 0.9683907742635596, 'generation': 340}","{'id': 26609, 'rank': 4, 'fitness': 0.9621467076239294, 'generation': 340}","{'id': 26550, 'rank': 5, 'fitness': 0.9560109226392672, 'generation': 340}","{'id': 26550, 'rank': 6, 'fitness': 0.9560109226392672, 'generation': 340}","{'id': 26607, 'rank': 7, 'fitness': 0.9467513459638732, 'generation': 340}","{'id': 26539, 'rank': 8, 'fitness': 0.9459423279737527, 'generation': 340}","{'id': 26539, 'rank': 9, 'fitness': 0.9459423279737527, 'generation': 340}","{'id': 26246, 'rank': 10, 'fitness': 0.8556356086970768, 'generation': 340}","{'id': 26246, 'rank': 11, 'fitness': 0.8556356086970768, 'generation': 340}","{'id': 26246, 'rank': 12, 'fitness': 0.8556356086970768, 'generation': 340}","{'id': 26606, 'rank': 13, 'fitness': 0.7660501581947012, 'generation': 340}","{'id': 26603, 'rank': 14, 'fitness': 0.6292738347122397, 'generation': 340}","{'id': 26532, 'rank': 15, 'fitness': 0.564540033102547, 'generation': 340}","{'id': 26500, 'rank': 16, 'fitness': 0.5544448866089485, 'generation': 340}","{'id': 26515, 'rank': 17, 'fitness': 0.5047262531196695, 'generation': 340}","{'id': 26454, 'rank': 18, 'fitness': 0.4323005310180268, 'generation': 340}","{'id': 26535, 'rank': 19, 'fitness': 0.3161323453118211, 'generation': 340}","{'id': 26461, 'rank': 20, 'fitness': 0.21464084633978608, 'generation': 340}","{'id': 26584, 'rank': 21, 'fitness': 0.21153833584247078, 'generation': 340}","{'id': 26582, 'rank': 22, 'fitness': 0.19177705707449882, 'generation': 340}","{'id': 26582, 'rank': 23, 'fitness': 0.19177705707449882, 'generation': 340}","{'id': 26582, 'rank': 24, 'fitness': 0.19177705707449882, 'generation': 340}","{'id': 26582, 'rank': 25, 'fitness': 0.19177705707449882, 'generation': 340}","{'id': 26482, 'rank': 26, 'fitness': 0.1742292127489664, 'generation': 340}","{'id': 26579, 'rank': 27, 'fitness': 0.16032684480648496, 'generation': 340}","{'id': 26559, 'rank': 28, 'fitness': 0.11672285313410213, 'generation': 340}","{'id': 26612, 'rank': 29, 'fitness': 0.05771097378455625, 'generation': 340}","{'id': 26564, 'rank': 30, 'fitness': 0.01798620996209155, 'generation': 340}"
"{'id': 26458, 'rank': 1, 'fitness': 0.9820137900379085, 'generation': 341}","{'id': 26458, 'rank': 2, 'fitness': 0.9820137900379085, 'generation': 341}","{'id': 26458, 'rank': 3, 'fitness': 0.9820137900379085, 'generation': 341}","{'id': 26458, 'rank': 4, 'fitness': 0.9820137900379085, 'generation': 341}","{'id': 26659, 'rank': 5, 'fitness': 0.981978611768245, 'generation': 341}","{'id': 26621, 'rank': 6, 'fitness': 0.9819525329149833, 'generation': 341}","{'id': 26609, 'rank': 7, 'fitness': 0.981911640247174, 'generation': 341}","{'id': 26609, 'rank': 8, 'fitness': 0.981911640247174, 'generation': 341}","{'id': 26550, 'rank': 9, 'fitness': 0.9818906443288977, 'generation': 341}","{'id': 26550, 'rank': 10, 'fitness': 0.9818906443288977, 'generation': 341}","{'id': 26539, 'rank': 11, 'fitness': 0.98186155532494, 'generation': 341}","{'id': 26539, 'rank': 12, 'fitness': 0.98186155532494, 'generation': 341}","{'id': 26661, 'rank': 13, 'fitness': 0.9817969496286592, 'generation': 341}","{'id': 26246, 'rank': 14, 'fitness': 0.981715537869404, 'generation': 341}","{'id': 26606, 'rank': 15, 'fitness': 0.9816350202264464, 'generation': 341}","{'id': 26532, 'rank': 16, 'fitness': 0.9815085961579926, 'generation': 341}","{'id': 26532, 'rank': 17, 'fitness': 0.9815085961579926, 'generation': 341}","{'id': 26515, 'rank': 18, 'fitness': 0.9814756130965713, 'generation': 341}","{'id': 26454, 'rank': 19, 'fitness': 0.9814356090543483, 'generation': 341}","{'id': 26667, 'rank': 20, 'fitness': 0.9814263737402653, 'generation': 341}","{'id': 26639, 'rank': 21, 'fitness': 0.9813792949529271, 'generation': 341}","{'id': 26668, 'rank': 22, 'fitness': 0.9813764755844216, 'generation': 341}","{'id': 26461, 'rank': 23, 'fitness': 0.9812942499199118, 'generation': 341}","{'id': 26482, 'rank': 24, 'fitness': 0.9812583855493735, 'generation': 341}","{'id': 26482, 'rank': 25, 'fitness': 0.9812583855493735, 'generation': 341}","{'id': 26482, 'rank': 26, 'fitness': 0.9812583855493735, 'generation': 341}","{'id': 26559, 'rank': 27, 'fitness': 0.9811933667278889, 'generation': 341}","{'id': 26641, 'rank': 28, 'fitness': 0.9807407933222916, 'generation': 341}","{'id': 26642, 'rank': 29, 'fitness': 0.9800264124347149, 'generation': 341}","{'id': 26666, 'rank': 30, 'fitness': 0.01798620996209155, 'generation': 341}"
"{'id': 26458, 'rank': 1, 'fitness': 0.9820137900379085, 'generation': 342}","{'id': 26659, 'rank': 2, 'fitness': 0.9793506765775557, 'generation': 342}","{'id': 26621, 'rank': 3, 'fitness': 0.9771347607161067, 'generation': 342}","{'id': 26716, 'rank': 4, 'fitness': 0.9768482240183864, 'generation': 342}","{'id': 26609, 'rank': 5, 'fitness': 0.9731928477163204, 'generation': 342}","{'id': 26609, 'rank': 6, 'fitness': 0.9731928477163204, 'generation': 342}","{'id': 26550, 'rank': 7, 'fitness': 0.9709234484027655, 'generation': 342}","{'id': 26550, 'rank': 8, 'fitness': 0.9709234484027655, 'generation': 342}","{'id': 26692, 'rank': 9, 'fitness': 0.9674057345247494, 'generation': 342}","{'id': 26741, 'rank': 10, 'fitness': 0.9607287603414527, 'generation': 342}","{'id': 26742, 'rank': 11, 'fitness': 0.9606068931093869, 'generation': 342}","{'id': 26679, 'rank': 12, 'fitness': 0.9598663874310851, 'generation': 342}","{'id': 26661, 'rank': 13, 'fitness': 0.9583700361583402, 'generation': 342}","{'id': 26750, 'rank': 14, 'fitness': 0.9547993978664807, 'generation': 342}","{'id': 26749, 'rank': 15, 'fitness': 0.9532417897725034, 'generation': 342}","{'id': 26746, 'rank': 16, 'fitness': 0.9470359349352606, 'generation': 342}","{'id': 26672, 'rank': 17, 'fitness': 0.9464550088947805, 'generation': 342}","{'id': 26707, 'rank': 18, 'fitness': 0.9387904942112368, 'generation': 342}","{'id': 26606, 'rank': 19, 'fitness': 0.9240068037143825, 'generation': 342}","{'id': 26751, 'rank': 20, 'fitness': 0.9206213478329015, 'generation': 342}","{'id': 26748, 'rank': 21, 'fitness': 0.9194339221210868, 'generation': 342}","{'id': 26702, 'rank': 22, 'fitness': 0.9129547765681083, 'generation': 342}","{'id': 26704, 'rank': 23, 'fitness': 0.8245521511707975, 'generation': 342}","{'id': 26681, 'rank': 24, 'fitness': 0.7607709101433993, 'generation': 342}","{'id': 26690, 'rank': 25, 'fitness': 0.7575264350392303, 'generation': 342}","{'id': 26725, 'rank': 26, 'fitness': 0.7312579302278275, 'generation': 342}","{'id': 26700, 'rank': 27, 'fitness': 0.7169828640547821, 'generation': 342}","{'id': 26737, 'rank': 28, 'fitness': 0.6943327225398176, 'generation': 342}","{'id': 26728, 'rank': 29, 'fitness': 0.6324405575011625, 'generation': 342}","{'id': 26731, 'rank': 30, 'fitness': 0.01798620996209155, 'generation': 342}"
"{'id': 26659, 'rank': 1, 'fitness': 0.9820137900379085, 'generation': 343}","{'id': 26621, 'rank': 2, 'fitness': 0.9810017989192907, 'generation': 343}","{'id': 26716, 'rank': 3, 'fitness': 0.9808742297877746, 'generation': 343}","{'id': 26813, 'rank': 4, 'fitness': 0.9807070266869247, 'generation': 343}","{'id': 26818, 'rank': 5, 'fitness': 0.9804608140234379, 'generation': 343}","{'id': 26752, 'rank': 6, 'fitness': 0.9792718283135412, 'generation': 343}","{'id': 26550, 'rank': 7, 'fitness': 0.9783782447092262, 'generation': 343}","{'id': 26812, 'rank': 8, 'fitness': 0.9771494921761911, 'generation': 343}","{'id': 26761, 'rank': 9, 'fitness': 0.9770545092019789, 'generation': 343}","{'id': 26692, 'rank': 10, 'fitness': 0.9770030789520212, 'generation': 343}","{'id': 26750, 'rank': 11, 'fitness': 0.9725380195600741, 'generation': 343}","{'id': 26783, 'rank': 12, 'fitness': 0.9702459908146932, 'generation': 343}","{'id': 26672, 'rank': 13, 'fitness': 0.969872792939755, 'generation': 343}","{'id': 26810, 'rank': 14, 'fitness': 0.9652178744757233, 'generation': 343}","{'id': 26806, 'rank': 15, 'fitness': 0.9607364349550763, 'generation': 343}","{'id': 26702, 'rank': 16, 'fitness': 0.9605466279239359, 'generation': 343}","{'id': 26759, 'rank': 17, 'fitness': 0.9513971192337739, 'generation': 343}","{'id': 26809, 'rank': 18, 'fitness': 0.894015884516357, 'generation': 343}","{'id': 26764, 'rank': 19, 'fitness': 0.8899872185882372, 'generation': 343}","{'id': 26792, 'rank': 20, 'fitness': 0.878853913306141, 'generation': 343}","{'id': 26791, 'rank': 21, 'fitness': 0.845827957995762, 'generation': 343}","{'id': 26785, 'rank': 22, 'fitness': 0.8150811714269472, 'generation': 343}","{'id': 26762, 'rank': 23, 'fitness': 0.7177626446345866, 'generation': 343}","{'id': 26801, 'rank': 24, 'fitness': 0.27347779281151763, 'generation': 343}","{'id': 26819, 'rank': 25, 'fitness': 0.11230856464108285, 'generation': 343}","{'id': 26800, 'rank': 26, 'fitness': 0.06755546979482507, 'generation': 343}","{'id': 26800, 'rank': 27, 'fitness': 0.06755546979482507, 'generation': 343}","{'id': 26800, 'rank': 28, 'fitness': 0.06755546979482507, 'generation': 343}","{'id': 26822, 'rank': 29, 'fitness': 0.023036596368461892, 'generation': 343}","{'id': 26795, 'rank': 30, 'fitness': 0.01798620996209155, 'generation': 343}"
"{'id': 26855, 'rank': 1, 'fitness': 0.9820137900379085, 'generation': 344}","{'id': 26892, 'rank': 2, 'fitness': 0.9809685102049417, 'generation': 344}","{'id': 26621, 'rank': 3, 'fitness': 0.9783158042190947, 'generation': 344}","{'id': 26621, 'rank': 4, 'fitness': 0.9783158042190947, 'generation': 344}","{'id': 26716, 'rank': 5, 'fitness': 0.9781269960279385, 'generation': 344}","{'id': 26865, 'rank': 6, 'fitness': 0.9759250256801539, 'generation': 344}","{'id': 26865, 'rank': 7, 'fitness': 0.9759250256801539, 'generation': 344}","{'id': 26852, 'rank': 8, 'fitness': 0.9741566189200683, 'generation': 344}","{'id': 26852, 'rank': 9, 'fitness': 0.9741566189200683, 'generation': 344}","{'id': 26852, 'rank': 10, 'fitness': 0.9741566189200683, 'generation': 344}","{'id': 26894, 'rank': 11, 'fitness': 0.9728572553797354, 'generation': 344}","{'id': 26894, 'rank': 12, 'fitness': 0.9728572553797354, 'generation': 344}","{'id': 26812, 'rank': 13, 'fitness': 0.9724629367421105, 'generation': 344}","{'id': 26761, 'rank': 14, 'fitness': 0.972314872412875, 'generation': 344}","{'id': 26761, 'rank': 15, 'fitness': 0.972314872412875, 'generation': 344}","{'id': 26860, 'rank': 16, 'fitness': 0.9693532269507197, 'generation': 344}","{'id': 26860, 'rank': 17, 'fitness': 0.9693532269507197, 'generation': 344}","{'id': 26750, 'rank': 18, 'fitness': 0.9650868524136254, 'generation': 344}","{'id': 26783, 'rank': 19, 'fitness': 0.9612892334804832, 'generation': 344}","{'id': 26783, 'rank': 20, 'fitness': 0.9612892334804832, 'generation': 344}","{'id': 26881, 'rank': 21, 'fitness': 0.9553772899504344, 'generation': 344}","{'id': 26810, 'rank': 22, 'fitness': 0.952690457694364, 'generation': 344}","{'id': 26810, 'rank': 23, 'fitness': 0.952690457694364, 'generation': 344}","{'id': 26759, 'rank': 24, 'fitness': 0.9275207556829872, 'generation': 344}","{'id': 26858, 'rank': 25, 'fitness': 0.903442105317697, 'generation': 344}","{'id': 26809, 'rank': 26, 'fitness': 0.8108700491008722, 'generation': 344}","{'id': 26764, 'rank': 27, 'fitness': 0.8023969421192303, 'generation': 344}","{'id': 26792, 'rank': 28, 'fitness': 0.7789853536081943, 'generation': 344}","{'id': 26785, 'rank': 29, 'fitness': 0.6485156534977916, 'generation': 344}","{'id': 26819, 'rank': 30, 'fitness': 0.01798620996209155, 'generation': 344}"
"{'id': 26909, 'rank': 1, 'fitness': 0.9820137900379085, 'generation': 345}","{'id': 26908, 'rank': 2, 'fitness': 0.9806594886634148, 'generation': 345}","{'id': 26855, 'rank': 3, 'fitness': 0.980527433972446, 'generation': 345}","{'id': 26905, 'rank': 4, 'fitness': 0.9771080566933031, 'generation': 345}","{'id': 26905, 'rank': 5, 'fitness': 0.9771080566933031, 'generation': 345}","{'id': 26621, 'rank': 6, 'fitness': 0.970507821295922, 'generation': 345}","{'id': 26933, 'rank': 7, 'fitness': 0.9701415685167929, 'generation': 345}","{'id': 26933, 'rank': 8, 'fitness': 0.9701415685167929, 'generation': 345}","{'id': 26901, 'rank': 9, 'fitness': 0.9673183627515103, 'generation': 345}","{'id': 26922, 'rank': 10, 'fitness': 0.9629686217107745, 'generation': 345}","{'id': 26852, 'rank': 11, 'fitness': 0.9565980916724663, 'generation': 345}","{'id': 26852, 'rank': 12, 'fitness': 0.9565980916724663, 'generation': 345}","{'id': 26852, 'rank': 13, 'fitness': 0.9565980916724663, 'generation': 345}","{'id': 26852, 'rank': 14, 'fitness': 0.9565980916724663, 'generation': 345}","{'id': 26894, 'rank': 15, 'fitness': 0.9516856614574931, 'generation': 345}","{'id': 26761, 'rank': 16, 'fitness': 0.9495564171834797, 'generation': 345}","{'id': 26860, 'rank': 17, 'fitness': 0.9371262424489817, 'generation': 345}","{'id': 26945, 'rank': 18, 'fitness': 0.9286250928269841, 'generation': 345}","{'id': 26948, 'rank': 19, 'fitness': 0.9280003581493745, 'generation': 345}","{'id': 26902, 'rank': 20, 'fitness': 0.9167102524891002, 'generation': 345}","{'id': 26783, 'rank': 21, 'fitness': 0.8967973378127382, 'generation': 345}","{'id': 26810, 'rank': 22, 'fitness': 0.8448487115702397, 'generation': 345}","{'id': 26913, 'rank': 23, 'fitness': 0.8164808645827084, 'generation': 345}","{'id': 26936, 'rank': 24, 'fitness': 0.7288310105339046, 'generation': 345}","{'id': 26936, 'rank': 25, 'fitness': 0.7288310105339046, 'generation': 345}","{'id': 26759, 'rank': 26, 'fitness': 0.6645690302661655, 'generation': 345}","{'id': 26919, 'rank': 27, 'fitness': 0.6153579589139789, 'generation': 345}","{'id': 26809, 'rank': 28, 'fitness': 0.1474228883599793, 'generation': 345}","{'id': 26924, 'rank': 29, 'fitness': 0.08386926285566548, 'generation': 345}","{'id': 26973, 'rank': 30, 'fitness': 0.01798620996209155, 'generation': 345}"
"{'id': 27044, 'rank': 1, 'fitness': 0.9820137900379085, 'generation': 346}","{'id': 26909, 'rank': 2, 'fitness': 0.9810920701274335, 'generation': 346}","{'id': 26905, 'rank': 3, 'fitness': 0.9799897316984785, 'generation': 346}","{'id': 26905, 'rank': 4, 'fitness': 0.9799897316984785, 'generation': 346}","{'id': 26905, 'rank': 5, 'fitness': 0.9799897316984785, 'generation': 346}","{'id': 26621, 'rank': 6, 'fitness': 0.9787566330802286, 'generation': 346}","{'id': 26933, 'rank': 7, 'fitness': 0.9786944650773498, 'generation': 346}","{'id': 26945, 'rank': 8, 'fitness': 0.9737227052409337, 'generation': 346}","{'id': 27049, 'rank': 9, 'fitness': 0.9736233306965931, 'generation': 346}","{'id': 27049, 'rank': 10, 'fitness': 0.9736233306965931, 'generation': 346}","{'id': 26902, 'rank': 11, 'fitness': 0.9726990228094309, 'generation': 346}","{'id': 27016, 'rank': 12, 'fitness': 0.9725722381057649, 'generation': 346}","{'id': 27045, 'rank': 13, 'fitness': 0.9718823390959758, 'generation': 346}","{'id': 27045, 'rank': 14, 'fitness': 0.9718823390959758, 'generation': 346}","{'id': 27048, 'rank': 15, 'fitness': 0.9701369490040632, 'generation': 346}","{'id': 27048, 'rank': 16, 'fitness': 0.9701369490040632, 'generation': 346}","{'id': 26984, 'rank': 17, 'fitness': 0.9692820097927839, 'generation': 346}","{'id': 27020, 'rank': 18, 'fitness': 0.9671101008644611, 'generation': 346}","{'id': 27020, 'rank': 19, 'fitness': 0.9671101008644611, 'generation': 346}","{'id': 26913, 'rank': 20, 'fitness': 0.9664481458308896, 'generation': 346}","{'id': 26936, 'rank': 21, 'fitness': 0.9623930367459472, 'generation': 346}","{'id': 27036, 'rank': 22, 'fitness': 0.9558944553087703, 'generation': 346}","{'id': 27018, 'rank': 23, 'fitness': 0.9412330936066129, 'generation': 346}","{'id': 27018, 'rank': 24, 'fitness': 0.9412330936066129, 'generation': 346}","{'id': 27038, 'rank': 25, 'fitness': 0.9389788580820286, 'generation': 346}","{'id': 26924, 'rank': 26, 'fitness': 0.9204832089909853, 'generation': 346}","{'id': 27000, 'rank': 27, 'fitness': 0.8367996906786046, 'generation': 346}","{'id': 27057, 'rank': 28, 'fitness': 0.6698819391440667, 'generation': 346}","{'id': 27022, 'rank': 29, 'fitness': 0.6016217487112305, 'generation': 346}","{'id': 27023, 'rank': 30, 'fitness': 0.01798620996209155, 'generation': 346}"
"{'id': 27044, 'rank': 1, 'fitness': 0.9820137900379085, 'generation': 347}","{'id': 27044, 'rank': 2, 'fitness': 0.9820137900379085, 'generation': 347}","{'id': 27044, 'rank': 3, 'fitness': 0.9820137900379085, 'generation': 347}","{'id': 26905, 'rank': 4, 'fitness': 0.9740388524430623, 'generation': 347}","{'id': 26905, 'rank': 5, 'fitness': 0.9740388524430623, 'generation': 347}","{'id': 27108, 'rank': 6, 'fitness': 0.9645364664467149, 'generation': 347}","{'id': 27108, 'rank': 7, 'fitness': 0.9645364664467149, 'generation': 347}","{'id': 27108, 'rank': 8, 'fitness': 0.9645364664467149, 'generation': 347}","{'id': 27095, 'rank': 9, 'fitness': 0.9642172694556987, 'generation': 347}","{'id': 27075, 'rank': 10, 'fitness': 0.9630113188995836, 'generation': 347}","{'id': 27112, 'rank': 11, 'fitness': 0.9604914503829907, 'generation': 347}","{'id': 27049, 'rank': 12, 'fitness': 0.9339515607209926, 'generation': 347}","{'id': 27016, 'rank': 13, 'fitness': 0.9248713470397223, 'generation': 347}","{'id': 27045, 'rank': 14, 'fitness': 0.9185098209394189, 'generation': 347}","{'id': 27045, 'rank': 15, 'fitness': 0.9185098209394189, 'generation': 347}","{'id': 27113, 'rank': 16, 'fitness': 0.9115816199636635, 'generation': 347}","{'id': 27068, 'rank': 17, 'fitness': 0.9078495642735442, 'generation': 347}","{'id': 27093, 'rank': 18, 'fitness': 0.9003983696599787, 'generation': 347}","{'id': 26984, 'rank': 19, 'fitness': 0.8916560310019521, 'generation': 347}","{'id': 26913, 'rank': 20, 'fitness': 0.8573098896332667, 'generation': 347}","{'id': 27125, 'rank': 21, 'fitness': 0.8246524668879297, 'generation': 347}","{'id': 27082, 'rank': 22, 'fitness': 0.7832171642796488, 'generation': 347}","{'id': 27101, 'rank': 23, 'fitness': 0.6926331249773383, 'generation': 347}","{'id': 27036, 'rank': 24, 'fitness': 0.6924011160073875, 'generation': 347}","{'id': 27036, 'rank': 25, 'fitness': 0.6924011160073875, 'generation': 347}","{'id': 27124, 'rank': 26, 'fitness': 0.44870930119037705, 'generation': 347}","{'id': 27018, 'rank': 27, 'fitness': 0.4421536808316798, 'generation': 347}","{'id': 27103, 'rank': 28, 'fitness': 0.4217839105444067, 'generation': 347}","{'id': 27072, 'rank': 29, 'fitness': 0.03195770453776525, 'generation': 347}","{'id': 27089, 'rank': 30, 'fitness': 0.01798620996209155, 'generation': 347}"
"{'id': 26905, 'rank': 1, 'fitness': 0.9820137900379085, 'generation': 348}","{'id': 27162, 'rank': 2, 'fitness': 0.9819569401002082, 'generation': 348}","{'id': 27108, 'rank': 3, 'fitness': 0.981751570636896, 'generation': 348}","{'id': 27108, 'rank': 4, 'fitness': 0.981751570636896, 'generation': 348}","{'id': 27108, 'rank': 5, 'fitness': 0.981751570636896, 'generation': 348}","{'id': 27108, 'rank': 6, 'fitness': 0.981751570636896, 'generation': 348}","{'id': 27191, 'rank': 7, 'fitness': 0.9815211596936206, 'generation': 348}","{'id': 27195, 'rank': 8, 'fitness': 0.98148984197497, 'generation': 348}","{'id': 27161, 'rank': 9, 'fitness': 0.9813295276085838, 'generation': 348}","{'id': 27180, 'rank': 10, 'fitness': 0.9812226815571619, 'generation': 348}","{'id': 27049, 'rank': 11, 'fitness': 0.9812067963100284, 'generation': 348}","{'id': 27016, 'rank': 12, 'fitness': 0.9810893448774036, 'generation': 348}","{'id': 27045, 'rank': 13, 'fitness': 0.9810142345170744, 'generation': 348}","{'id': 27045, 'rank': 14, 'fitness': 0.9810142345170744, 'generation': 348}","{'id': 27068, 'rank': 15, 'fitness': 0.9808990113628294, 'generation': 348}","{'id': 27093, 'rank': 16, 'fitness': 0.9808250428536934, 'generation': 348}","{'id': 27157, 'rank': 17, 'fitness': 0.9794892723534115, 'generation': 348}","{'id': 27182, 'rank': 18, 'fitness': 0.9786648746756101, 'generation': 348}","{'id': 27124, 'rank': 19, 'fitness': 0.9786364616220447, 'generation': 348}","{'id': 27154, 'rank': 20, 'fitness': 0.9783320701022383, 'generation': 348}","{'id': 27199, 'rank': 21, 'fitness': 0.9690722754042715, 'generation': 348}","{'id': 27185, 'rank': 22, 'fitness': 0.9648976321068977, 'generation': 348}","{'id': 27185, 'rank': 23, 'fitness': 0.9648976321068977, 'generation': 348}","{'id': 27198, 'rank': 24, 'fitness': 0.9640027281755189, 'generation': 348}","{'id': 27187, 'rank': 25, 'fitness': 0.9580748202408248, 'generation': 348}","{'id': 27140, 'rank': 26, 'fitness': 0.9559912889744347, 'generation': 348}","{'id': 27140, 'rank': 27, 'fitness': 0.9559912889744347, 'generation': 348}","{'id': 27165, 'rank': 28, 'fitness': 0.9256883523612442, 'generation': 348}","{'id': 27148, 'rank': 29, 'fitness': 0.17793140293650256, 'generation': 348}","{'id': 27194, 'rank': 30, 'fitness': 0.01798620996209155, 'generation': 348}"
"{'id': 27275, 'rank': 1, 'fitness': 0.9820137900379085, 'generation': 349}","{'id': 26905, 'rank': 2, 'fitness': 0.9813671446824899, 'generation': 349}","{'id': 27162, 'rank': 3, 'fitness': 0.9807653615385044, 'generation': 349}","{'id': 27108, 'rank': 4, 'fitness': 0.9784460418283212, 'generation': 349}","{'id': 27108, 'rank': 5, 'fitness': 0.9784460418283212, 'generation': 349}","{'id': 27250, 'rank': 6, 'fitness': 0.9779047089693425, 'generation': 349}","{'id': 27250, 'rank': 7, 'fitness': 0.9779047089693425, 'generation': 349}","{'id': 27191, 'rank': 8, 'fitness': 0.9755540145346315, 'generation': 349}","{'id': 27224, 'rank': 9, 'fitness': 0.9745456903609653, 'generation': 349}","{'id': 27161, 'rank': 10, 'fitness': 0.9728949696398862, 'generation': 349}","{'id': 27232, 'rank': 11, 'fitness': 0.9717805489831789, 'generation': 349}","{'id': 27049, 'rank': 12, 'fitness': 0.9710621207626522, 'generation': 349}","{'id': 27276, 'rank': 13, 'fitness': 0.968983789277046, 'generation': 349}","{'id': 27243, 'rank': 14, 'fitness': 0.9684779520768223, 'generation': 349}","{'id': 27286, 'rank': 15, 'fitness': 0.9680047447957862, 'generation': 349}","{'id': 27255, 'rank': 16, 'fitness': 0.967976709283305, 'generation': 349}","{'id': 27283, 'rank': 17, 'fitness': 0.9625344391513682, 'generation': 349}","{'id': 27293, 'rank': 18, 'fitness': 0.9563621872157608, 'generation': 349}","{'id': 27240, 'rank': 19, 'fitness': 0.956244432721497, 'generation': 349}","{'id': 27281, 'rank': 20, 'fitness': 0.9553593204114027, 'generation': 349}","{'id': 27218, 'rank': 21, 'fitness': 0.9544933518104737, 'generation': 349}","{'id': 27157, 'rank': 22, 'fitness': 0.9317501025102892, 'generation': 349}","{'id': 27220, 'rank': 23, 'fitness': 0.923149847217836, 'generation': 349}","{'id': 27182, 'rank': 24, 'fitness': 0.9009750704771278, 'generation': 349}","{'id': 27124, 'rank': 25, 'fitness': 0.8997451084558261, 'generation': 349}","{'id': 27124, 'rank': 26, 'fitness': 0.8997451084558261, 'generation': 349}","{'id': 27290, 'rank': 27, 'fitness': 0.8938165154449036, 'generation': 349}","{'id': 27270, 'rank': 28, 'fitness': 0.7495061606162531, 'generation': 349}","{'id': 27199, 'rank': 29, 'fitness': 0.16320365278523724, 'generation': 349}","{'id': 27266, 'rank': 30, 'fitness': 0.01798620996209155, 'generation': 349}"
"{'id': 27302, 'rank': 1, 'fitness': 0.9820137900379085, 'generation': 350}","{'id': 27364, 'rank': 2, 'fitness': 0.976751596672385, 'generation': 350}","{'id': 27275, 'rank': 3, 'fitness': 0.9747477290720532, 'generation': 350}","{'id': 27162, 'rank': 4, 'fitness': 0.9738175590316664, 'generation': 350}","{'id': 27108, 'rank': 5, 'fitness': 0.9721596798469716, 'generation': 350}","{'id': 27362, 'rank': 6, 'fitness': 0.9718858865520054, 'generation': 350}","{'id': 27331, 'rank': 7, 'fitness': 0.9718831955358742, 'generation': 350}","{'id': 27304, 'rank': 8, 'fitness': 0.9707106734081216, 'generation': 350}","{'id': 27224, 'rank': 9, 'fitness': 0.9695444221881793, 'generation': 350}","{'id': 27049, 'rank': 10, 'fitness': 0.9673579965810958, 'generation': 350}","{'id': 27301, 'rank': 11, 'fitness': 0.9669646714751841, 'generation': 350}","{'id': 27305, 'rank': 12, 'fitness': 0.9663331465585394, 'generation': 350}","{'id': 27305, 'rank': 13, 'fitness': 0.9663331465585394, 'generation': 350}","{'id': 27276, 'rank': 14, 'fitness': 0.9661096221795913, 'generation': 350}","{'id': 27316, 'rank': 15, 'fitness': 0.9611338327062218, 'generation': 350}","{'id': 27334, 'rank': 16, 'fitness': 0.9605236649174566, 'generation': 350}","{'id': 27293, 'rank': 17, 'fitness': 0.9592091600077055, 'generation': 350}","{'id': 27281, 'rank': 18, 'fitness': 0.9587011591345405, 'generation': 350}","{'id': 27318, 'rank': 19, 'fitness': 0.9570728812197331, 'generation': 350}","{'id': 27369, 'rank': 20, 'fitness': 0.9568713935134585, 'generation': 350}","{'id': 27370, 'rank': 21, 'fitness': 0.9566826135384208, 'generation': 350}","{'id': 27354, 'rank': 22, 'fitness': 0.946612447531564, 'generation': 350}","{'id': 27314, 'rank': 23, 'fitness': 0.9441851245001915, 'generation': 350}","{'id': 27182, 'rank': 24, 'fitness': 0.935855815747179, 'generation': 350}","{'id': 27182, 'rank': 25, 'fitness': 0.935855815747179, 'generation': 350}","{'id': 27313, 'rank': 26, 'fitness': 0.9168313147115675, 'generation': 350}","{'id': 27351, 'rank': 27, 'fitness': 0.8890029363100815, 'generation': 350}","{'id': 27309, 'rank': 28, 'fitness': 0.8578140886994092, 'generation': 350}","{'id': 27307, 'rank': 29, 'fitness': 0.2746884780364283, 'generation': 350}","{'id': 27330, 'rank': 30, 'fitness': 0.01798620996209155, 'generation': 350}"
"{'id': 27302, 'rank': 1, 'fitness': 0.9820137900379085, 'generation': 351}","{'id': 27401, 'rank': 2, 'fitness': 0.9783213569203753, 'generation': 351}","{'id': 27378, 'rank': 3, 'fitness': 0.9757816567004005, 'generation': 351}","{'id': 27378, 'rank': 4, 'fitness': 0.9757816567004005, 'generation': 351}","{'id': 27408, 'rank': 5, 'fitness': 0.9734923041904173, 'generation': 351}","{'id': 27405, 'rank': 6, 'fitness': 0.9733861640052532, 'generation': 351}","{'id': 27414, 'rank': 7, 'fitness': 0.9724184827286559, 'generation': 351}","{'id': 27414, 'rank': 8, 'fitness': 0.9724184827286559, 'generation': 351}","{'id': 27108, 'rank': 9, 'fitness': 0.9721596798469716, 'generation': 351}","{'id': 27448, 'rank': 10, 'fitness': 0.9677129889805486, 'generation': 351}","{'id': 27049, 'rank': 11, 'fitness': 0.9673579965810958, 'generation': 351}","{'id': 27305, 'rank': 12, 'fitness': 0.9663331465585394, 'generation': 351}","{'id': 27403, 'rank': 13, 'fitness': 0.9652671628556022, 'generation': 351}","{'id': 27386, 'rank': 14, 'fitness': 0.9647071399012156, 'generation': 351}","{'id': 27404, 'rank': 15, 'fitness': 0.9644457860214186, 'generation': 351}","{'id': 27281, 'rank': 16, 'fitness': 0.9587011591345405, 'generation': 351}","{'id': 27439, 'rank': 17, 'fitness': 0.9577857030563398, 'generation': 351}","{'id': 27432, 'rank': 18, 'fitness': 0.9542195714576122, 'generation': 351}","{'id': 27375, 'rank': 19, 'fitness': 0.9529440613831981, 'generation': 351}","{'id': 27375, 'rank': 20, 'fitness': 0.9529440613831981, 'generation': 351}","{'id': 27444, 'rank': 21, 'fitness': 0.9472194268189684, 'generation': 351}","{'id': 27354, 'rank': 22, 'fitness': 0.946612447531564, 'generation': 351}","{'id': 27314, 'rank': 23, 'fitness': 0.9441851245001915, 'generation': 351}","{'id': 27314, 'rank': 24, 'fitness': 0.9441851245001915, 'generation': 351}","{'id': 27406, 'rank': 25, 'fitness': 0.9416484870718559, 'generation': 351}","{'id': 27411, 'rank': 26, 'fitness': 0.9365572890550128, 'generation': 351}","{'id': 27407, 'rank': 27, 'fitness': 0.929598099622166, 'generation': 351}","{'id': 27351, 'rank': 28, 'fitness': 0.8890029363100815, 'generation': 351}","{'id': 27392, 'rank': 29, 'fitness': 0.7724849492231975, 'generation': 351}","{'id': 27330, 'rank': 30, 'fitness': 0.01798620996209155, 'generation': 351}"
"{'id': 27302, 'rank': 1, 'fitness': 0.9820137900379085, 'generation': 352}","{'id': 27467, 'rank': 2, 'fitness': 0.9573338770784043, 'generation': 352}","{'id': 27378, 'rank': 3, 'fitness': 0.955127989721779, 'generation': 352}","{'id': 27536, 'rank': 4, 'fitness': 0.9536626734757525, 'generation': 352}","{'id': 27536, 'rank': 5, 'fitness': 0.9536626734757525, 'generation': 352}","{'id': 27490, 'rank': 6, 'fitness': 0.9411115349685906, 'generation': 352}","{'id': 27490, 'rank': 7, 'fitness': 0.9411115349685906, 'generation': 352}","{'id': 27408, 'rank': 8, 'fitness': 0.9410747377292503, 'generation': 352}","{'id': 27405, 'rank': 9, 'fitness': 0.9403650915916503, 'generation': 352}","{'id': 27465, 'rank': 10, 'fitness': 0.9394593365855897, 'generation': 352}","{'id': 27414, 'rank': 11, 'fitness': 0.9336546069101146, 'generation': 352}","{'id': 27463, 'rank': 12, 'fitness': 0.9156439284621877, 'generation': 352}","{'id': 27305, 'rank': 13, 'fitness': 0.8815043165393093, 'generation': 352}","{'id': 27305, 'rank': 14, 'fitness': 0.8815043165393093, 'generation': 352}","{'id': 27403, 'rank': 15, 'fitness': 0.8706482667712537, 'generation': 352}","{'id': 27404, 'rank': 16, 'fitness': 0.8619533704366094, 'generation': 352}","{'id': 27495, 'rank': 17, 'fitness': 0.8318832150495385, 'generation': 352}","{'id': 27505, 'rank': 18, 'fitness': 0.8221829804893048, 'generation': 352}","{'id': 27523, 'rank': 19, 'fitness': 0.8197743348629781, 'generation': 352}","{'id': 27470, 'rank': 20, 'fitness': 0.7731344663296019, 'generation': 352}","{'id': 27515, 'rank': 21, 'fitness': 0.7160532670671116, 'generation': 352}","{'id': 27535, 'rank': 22, 'fitness': 0.7070657556493877, 'generation': 352}","{'id': 27479, 'rank': 23, 'fitness': 0.685207332385489, 'generation': 352}","{'id': 27314, 'rank': 24, 'fitness': 0.5909272504542942, 'generation': 352}","{'id': 27468, 'rank': 25, 'fitness': 0.5135671062331106, 'generation': 352}","{'id': 27411, 'rank': 26, 'fitness': 0.4863954546770104, 'generation': 352}","{'id': 27521, 'rank': 27, 'fitness': 0.4748015934952096, 'generation': 352}","{'id': 27517, 'rank': 28, 'fitness': 0.4309064853305697, 'generation': 352}","{'id': 27499, 'rank': 29, 'fitness': 0.08017154088654826, 'generation': 352}","{'id': 27509, 'rank': 30, 'fitness': 0.01798620996209155, 'generation': 352}"
"{'id': 27467, 'rank': 1, 'fitness': 0.9820137900379085, 'generation': 353}","{'id': 27467, 'rank': 2, 'fitness': 0.9820137900379085, 'generation': 353}","{'id': 27378, 'rank': 3, 'fitness': 0.9819717199149003, 'generation': 353}","{'id': 27378, 'rank': 4, 'fitness': 0.9819717199149003, 'generation': 353}","{'id': 27378, 'rank': 5, 'fitness': 0.9819717199149003, 'generation': 353}","{'id': 27536, 'rank': 6, 'fitness': 0.9819447997310307, 'generation': 353}","{'id': 27490, 'rank': 7, 'fitness': 0.9817412899625734, 'generation': 353}","{'id': 27408, 'rank': 8, 'fitness': 0.9817407529711044, 'generation': 353}","{'id': 27463, 'rank': 9, 'fitness': 0.9814256966535687, 'generation': 353}","{'id': 27589, 'rank': 10, 'fitness': 0.9814078427284931, 'generation': 353}","{'id': 27305, 'rank': 11, 'fitness': 0.9811122887414157, 'generation': 353}","{'id': 27505, 'rank': 12, 'fitness': 0.9807104441619517, 'generation': 353}","{'id': 27535, 'rank': 13, 'fitness': 0.9801475692213615, 'generation': 353}","{'id': 27535, 'rank': 14, 'fitness': 0.9801475692213615, 'generation': 353}","{'id': 27580, 'rank': 15, 'fitness': 0.97981232958259, 'generation': 353}","{'id': 27314, 'rank': 16, 'fitness': 0.9796916830461342, 'generation': 353}","{'id': 27314, 'rank': 17, 'fitness': 0.9796916830461342, 'generation': 353}","{'id': 27521, 'rank': 18, 'fitness': 0.9792665461751507, 'generation': 353}","{'id': 27582, 'rank': 19, 'fitness': 0.9792030751102387, 'generation': 353}","{'id': 27582, 'rank': 20, 'fitness': 0.9792030751102387, 'generation': 353}","{'id': 27582, 'rank': 21, 'fitness': 0.9792030751102387, 'generation': 353}","{'id': 27547, 'rank': 22, 'fitness': 0.9791067341629168, 'generation': 353}","{'id': 27550, 'rank': 23, 'fitness': 0.9782383017474165, 'generation': 353}","{'id': 27499, 'rank': 24, 'fitness': 0.977011112746276, 'generation': 353}","{'id': 27597, 'rank': 25, 'fitness': 0.9742871695380229, 'generation': 353}","{'id': 27548, 'rank': 26, 'fitness': 0.9731162880126722, 'generation': 353}","{'id': 27586, 'rank': 27, 'fitness': 0.9692709131382096, 'generation': 353}","{'id': 27585, 'rank': 28, 'fitness': 0.9537140206323846, 'generation': 353}","{'id': 27573, 'rank': 29, 'fitness': 0.848478460857063, 'generation': 353}","{'id': 27579, 'rank': 30, 'fitness': 0.01798620996209155, 'generation': 353}"
"{'id': 27672, 'rank': 1, 'fitness': 0.9820137900379085, 'generation': 354}","{'id': 27467, 'rank': 2, 'fitness': 0.973704547031452, 'generation': 354}","{'id': 27378, 'rank': 3, 'fitness': 0.9710325770048673, 'generation': 354}","{'id': 27536, 'rank': 4, 'fitness': 0.9691900679805818, 'generation': 354}","{'id': 27685, 'rank': 5, 'fitness': 0.9543180825937823, 'generation': 354}","{'id': 27624, 'rank': 6, 'fitness': 0.9539317570808562, 'generation': 354}","{'id': 27629, 'rank': 7, 'fitness': 0.9357713365296941, 'generation': 354}","{'id': 27689, 'rank': 8, 'fitness': 0.9087476211626944, 'generation': 354}","{'id': 27626, 'rank': 9, 'fitness': 0.8822918764074482, 'generation': 354}","{'id': 27611, 'rank': 10, 'fitness': 0.8789918105025462, 'generation': 354}","{'id': 27611, 'rank': 11, 'fitness': 0.8789918105025462, 'generation': 354}","{'id': 27611, 'rank': 12, 'fitness': 0.8789918105025462, 'generation': 354}","{'id': 27648, 'rank': 13, 'fitness': 0.8773601035185539, 'generation': 354}","{'id': 27663, 'rank': 14, 'fitness': 0.8584647002329818, 'generation': 354}","{'id': 27681, 'rank': 15, 'fitness': 0.8505216081102986, 'generation': 354}","{'id': 27664, 'rank': 16, 'fitness': 0.8404871362085123, 'generation': 354}","{'id': 27622, 'rank': 17, 'fitness': 0.8139697007649069, 'generation': 354}","{'id': 27607, 'rank': 18, 'fitness': 0.8105569865617626, 'generation': 354}","{'id': 27607, 'rank': 19, 'fitness': 0.8105569865617626, 'generation': 354}","{'id': 27687, 'rank': 20, 'fitness': 0.7671063361337173, 'generation': 354}","{'id': 27633, 'rank': 21, 'fitness': 0.7530784316363496, 'generation': 354}","{'id': 27679, 'rank': 22, 'fitness': 0.7190739711664426, 'generation': 354}","{'id': 27669, 'rank': 23, 'fitness': 0.7012539999841925, 'generation': 354}","{'id': 27669, 'rank': 24, 'fitness': 0.7012539999841925, 'generation': 354}","{'id': 27670, 'rank': 25, 'fitness': 0.6544175675958692, 'generation': 354}","{'id': 27535, 'rank': 26, 'fitness': 0.35490250215572183, 'generation': 354}","{'id': 27314, 'rank': 27, 'fitness': 0.1726766994997988, 'generation': 354}","{'id': 27691, 'rank': 28, 'fitness': 0.09176689780800029, 'generation': 354}","{'id': 27521, 'rank': 29, 'fitness': 0.07932113743176633, 'generation': 354}","{'id': 27655, 'rank': 30, 'fitness': 0.01798620996209155, 'generation': 354}"
"{'id': 27742, 'rank': 1, 'fitness': 0.9820137900379085, 'generation': 355}","{'id': 27742, 'rank': 2, 'fitness': 0.9820137900379085, 'generation': 355}","{'id': 27672, 'rank': 3, 'fitness': 0.9816665965723113, 'generation': 355}","{'id': 27672, 'rank': 4, 'fitness': 0.9816665965723113, 'generation': 355}","{'id': 27624, 'rank': 5, 'fitness': 0.9812256299993587, 'generation': 355}","{'id': 27624, 'rank': 6, 'fitness': 0.9812256299993587, 'generation': 355}","{'id': 27741, 'rank': 7, 'fitness': 0.981198029000933, 'generation': 355}","{'id': 27689, 'rank': 8, 'fitness': 0.9808858079268867, 'generation': 355}","{'id': 27689, 'rank': 9, 'fitness': 0.9808858079268867, 'generation': 355}","{'id': 27689, 'rank': 10, 'fitness': 0.9808858079268867, 'generation': 355}","{'id': 27648, 'rank': 11, 'fitness': 0.9807302853030829, 'generation': 355}","{'id': 27648, 'rank': 12, 'fitness': 0.9807302853030829, 'generation': 355}","{'id': 27663, 'rank': 13, 'fitness': 0.9806522101094438, 'generation': 355}","{'id': 27664, 'rank': 14, 'fitness': 0.980585397534661, 'generation': 355}","{'id': 27710, 'rank': 15, 'fitness': 0.9805729968426157, 'generation': 355}","{'id': 27622, 'rank': 16, 'fitness': 0.9804968262759789, 'generation': 355}","{'id': 27633, 'rank': 17, 'fitness': 0.9803236848152266, 'generation': 355}","{'id': 27709, 'rank': 18, 'fitness': 0.9794387462178065, 'generation': 355}","{'id': 27770, 'rank': 19, 'fitness': 0.9793137406008132, 'generation': 355}","{'id': 27746, 'rank': 20, 'fitness': 0.979307261485483, 'generation': 355}","{'id': 27747, 'rank': 21, 'fitness': 0.9781599740461662, 'generation': 355}","{'id': 27700, 'rank': 22, 'fitness': 0.9749248513173798, 'generation': 355}","{'id': 27716, 'rank': 23, 'fitness': 0.9689279520019572, 'generation': 355}","{'id': 27706, 'rank': 24, 'fitness': 0.9609280440907908, 'generation': 355}","{'id': 27706, 'rank': 25, 'fitness': 0.9609280440907908, 'generation': 355}","{'id': 27720, 'rank': 26, 'fitness': 0.958430949862471, 'generation': 355}","{'id': 27749, 'rank': 27, 'fitness': 0.956046012752761, 'generation': 355}","{'id': 27705, 'rank': 28, 'fitness': 0.9359389338458685, 'generation': 355}","{'id': 27767, 'rank': 29, 'fitness': 0.5756871405546102, 'generation': 355}","{'id': 27722, 'rank': 30, 'fitness': 0.01798620996209155, 'generation': 355}"
"{'id': 27742, 'rank': 1, 'fitness': 0.9820137900379085, 'generation': 356}","{'id': 27742, 'rank': 2, 'fitness': 0.9820137900379085, 'generation': 356}","{'id': 27799, 'rank': 3, 'fitness': 0.9800411568973263, 'generation': 356}","{'id': 27812, 'rank': 4, 'fitness': 0.9781944082636616, 'generation': 356}","{'id': 27800, 'rank': 5, 'fitness': 0.9775944907891915, 'generation': 356}","{'id': 27800, 'rank': 6, 'fitness': 0.9775944907891915, 'generation': 356}","{'id': 27801, 'rank': 7, 'fitness': 0.9750438610935299, 'generation': 356}","{'id': 27624, 'rank': 8, 'fitness': 0.9748866666082092, 'generation': 356}","{'id': 27741, 'rank': 9, 'fitness': 0.9745989150998411, 'generation': 356}","{'id': 27808, 'rank': 10, 'fitness': 0.9728593467644739, 'generation': 356}","{'id': 27857, 'rank': 11, 'fitness': 0.9725441781222903, 'generation': 356}","{'id': 27796, 'rank': 12, 'fitness': 0.9725073383650775, 'generation': 356}","{'id': 27833, 'rank': 13, 'fitness': 0.971916571673167, 'generation': 356}","{'id': 27689, 'rank': 14, 'fitness': 0.9711445789480564, 'generation': 356}","{'id': 27689, 'rank': 15, 'fitness': 0.9711445789480564, 'generation': 356}","{'id': 27648, 'rank': 16, 'fitness': 0.9692811174842213, 'generation': 356}","{'id': 27807, 'rank': 17, 'fitness': 0.9690747288746673, 'generation': 356}","{'id': 27847, 'rank': 18, 'fitness': 0.9684242585312317, 'generation': 356}","{'id': 27847, 'rank': 19, 'fitness': 0.9684242585312317, 'generation': 356}","{'id': 27856, 'rank': 20, 'fitness': 0.96805764048172, 'generation': 356}","{'id': 27838, 'rank': 21, 'fitness': 0.9676411291068937, 'generation': 356}","{'id': 27805, 'rank': 22, 'fitness': 0.967223716064096, 'generation': 356}","{'id': 27805, 'rank': 23, 'fitness': 0.967223716064096, 'generation': 356}","{'id': 27622, 'rank': 24, 'fitness': 0.966294439720407, 'generation': 356}","{'id': 27841, 'rank': 25, 'fitness': 0.9617308230903259, 'generation': 356}","{'id': 27804, 'rank': 26, 'fitness': 0.9594430740173243, 'generation': 356}","{'id': 27848, 'rank': 27, 'fitness': 0.9396717528032759, 'generation': 356}","{'id': 27837, 'rank': 28, 'fitness': 0.9089836635040696, 'generation': 356}","{'id': 27797, 'rank': 29, 'fitness': 0.8966384544352313, 'generation': 356}","{'id': 27780, 'rank': 30, 'fitness': 0.01798620996209155, 'generation': 356}"
"{'id': 27905, 'rank': 1, 'fitness': 0.9820137900379085, 'generation': 357}","{'id': 27921, 'rank': 2, 'fitness': 0.9761452722640744, 'generation': 357}","{'id': 27742, 'rank': 3, 'fitness': 0.975049488172483, 'generation': 357}","{'id': 27742, 'rank': 4, 'fitness': 0.975049488172483, 'generation': 357}","{'id': 27922, 'rank': 5, 'fitness': 0.9486856437627709, 'generation': 357}","{'id': 27923, 'rank': 6, 'fitness': 0.9263538493148618, 'generation': 357}","{'id': 27800, 'rank': 7, 'fitness': 0.9249366271740782, 'generation': 357}","{'id': 27906, 'rank': 8, 'fitness': 0.8800199010262221, 'generation': 357}","{'id': 27869, 'rank': 9, 'fitness': 0.8673722989029603, 'generation': 357}","{'id': 27741, 'rank': 10, 'fitness': 0.8640825538298667, 'generation': 357}","{'id': 27808, 'rank': 11, 'fitness': 0.8174892233351636, 'generation': 357}","{'id': 27857, 'rank': 12, 'fitness': 0.8081953479065309, 'generation': 357}","{'id': 27857, 'rank': 13, 'fitness': 0.8081953479065309, 'generation': 357}","{'id': 27857, 'rank': 14, 'fitness': 0.8081953479065309, 'generation': 357}","{'id': 27796, 'rank': 15, 'fitness': 0.8070926981605566, 'generation': 357}","{'id': 27937, 'rank': 16, 'fitness': 0.7941910463890173, 'generation': 357}","{'id': 27833, 'rank': 17, 'fitness': 0.7889579032312095, 'generation': 357}","{'id': 27888, 'rank': 18, 'fitness': 0.7816654971179753, 'generation': 357}","{'id': 27888, 'rank': 19, 'fitness': 0.7816654971179753, 'generation': 357}","{'id': 27888, 'rank': 20, 'fitness': 0.7816654971179753, 'generation': 357}","{'id': 27911, 'rank': 21, 'fitness': 0.5029094764087704, 'generation': 357}","{'id': 27892, 'rank': 22, 'fitness': 0.33867372392779677, 'generation': 357}","{'id': 27935, 'rank': 23, 'fitness': 0.28973961712901086, 'generation': 357}","{'id': 27930, 'rank': 24, 'fitness': 0.2597718431590009, 'generation': 357}","{'id': 27866, 'rank': 25, 'fitness': 0.17498663141977427, 'generation': 357}","{'id': 27927, 'rank': 26, 'fitness': 0.1733817928449708, 'generation': 357}","{'id': 27889, 'rank': 27, 'fitness': 0.16755512952455065, 'generation': 357}","{'id': 27848, 'rank': 28, 'fitness': 0.05780404379505244, 'generation': 357}","{'id': 27931, 'rank': 29, 'fitness': 0.042817671146263114, 'generation': 357}","{'id': 27933, 'rank': 30, 'fitness': 0.01798620996209155, 'generation': 357}"
"{'id': 27905, 'rank': 1, 'fitness': 0.9820137900379085, 'generation': 358}","{'id': 27905, 'rank': 2, 'fitness': 0.9820137900379085, 'generation': 358}","{'id': 27742, 'rank': 3, 'fitness': 0.9819821225498944, 'generation': 358}","{'id': 27979, 'rank': 4, 'fitness': 0.9819812669525987, 'generation': 358}","{'id': 27978, 'rank': 5, 'fitness': 0.9819042184952489, 'generation': 358}","{'id': 27978, 'rank': 6, 'fitness': 0.9819042184952489, 'generation': 358}","{'id': 27953, 'rank': 7, 'fitness': 0.9819009886228324, 'generation': 358}","{'id': 27923, 'rank': 8, 'fitness': 0.981874364568299, 'generation': 358}","{'id': 27808, 'rank': 9, 'fitness': 0.9817756621374085, 'generation': 358}","{'id': 27857, 'rank': 10, 'fitness': 0.9817698048584798, 'generation': 358}","{'id': 27796, 'rank': 11, 'fitness': 0.9817691243571849, 'generation': 358}","{'id': 27937, 'rank': 12, 'fitness': 0.9817613706212375, 'generation': 358}","{'id': 27937, 'rank': 13, 'fitness': 0.9817613706212375, 'generation': 358}","{'id': 27833, 'rank': 14, 'fitness': 0.9817583277810951, 'generation': 358}","{'id': 27888, 'rank': 15, 'fitness': 0.981754177488475, 'generation': 358}","{'id': 28013, 'rank': 16, 'fitness': 0.9817192623751589, 'generation': 358}","{'id': 27911, 'rank': 17, 'fitness': 0.981632515429277, 'generation': 358}","{'id': 27866, 'rank': 18, 'fitness': 0.9814810095321579, 'generation': 358}","{'id': 27927, 'rank': 19, 'fitness': 0.9814799232046467, 'generation': 358}","{'id': 27931, 'rank': 20, 'fitness': 0.9813288641595204, 'generation': 358}","{'id': 27933, 'rank': 21, 'fitness': 0.9812410179101874, 'generation': 358}","{'id': 28006, 'rank': 22, 'fitness': 0.9775325392748824, 'generation': 358}","{'id': 28000, 'rank': 23, 'fitness': 0.9685922272905515, 'generation': 358}","{'id': 28000, 'rank': 24, 'fitness': 0.9685922272905515, 'generation': 358}","{'id': 28000, 'rank': 25, 'fitness': 0.9685922272905515, 'generation': 358}","{'id': 27986, 'rank': 26, 'fitness': 0.9666222387388028, 'generation': 358}","{'id': 27967, 'rank': 27, 'fitness': 0.9665351928286506, 'generation': 358}","{'id': 27972, 'rank': 28, 'fitness': 0.959450052038912, 'generation': 358}","{'id': 27972, 'rank': 29, 'fitness': 0.959450052038912, 'generation': 358}","{'id': 28011, 'rank': 30, 'fitness': 0.01798620996209155, 'generation': 358}"
"{'id': 27905, 'rank': 1, 'fitness': 0.9820137900379085, 'generation': 359}","{'id': 28058, 'rank': 2, 'fitness': 0.9817908196440619, 'generation': 359}","{'id': 28058, 'rank': 3, 'fitness': 0.9817908196440619, 'generation': 359}","{'id': 28058, 'rank': 4, 'fitness': 0.9817908196440619, 'generation': 359}","{'id': 27742, 'rank': 5, 'fitness': 0.9815691400773773, 'generation': 359}","{'id': 28048, 'rank': 6, 'fitness': 0.9804661995385806, 'generation': 359}","{'id': 27953, 'rank': 7, 'fitness': 0.9803838845903242, 'generation': 359}","{'id': 28072, 'rank': 8, 'fitness': 0.9797490133074435, 'generation': 359}","{'id': 28039, 'rank': 9, 'fitness': 0.9794502675731822, 'generation': 359}","{'id': 28039, 'rank': 10, 'fitness': 0.9794502675731822, 'generation': 359}","{'id': 28039, 'rank': 11, 'fitness': 0.9794502675731822, 'generation': 359}","{'id': 28045, 'rank': 12, 'fitness': 0.978538847070471, 'generation': 359}","{'id': 27808, 'rank': 13, 'fitness': 0.9784163908676597, 'generation': 359}","{'id': 27857, 'rank': 14, 'fitness': 0.9783202031443021, 'generation': 359}","{'id': 27796, 'rank': 15, 'fitness': 0.9783090028410948, 'generation': 359}","{'id': 28040, 'rank': 16, 'fitness': 0.9779231380974889, 'generation': 359}","{'id': 28047, 'rank': 17, 'fitness': 0.9763412800913722, 'generation': 359}","{'id': 28054, 'rank': 18, 'fitness': 0.9762538267020553, 'generation': 359}","{'id': 28033, 'rank': 19, 'fitness': 0.9762430367542128, 'generation': 359}","{'id': 28034, 'rank': 20, 'fitness': 0.9758145396308945, 'generation': 359}","{'id': 28057, 'rank': 21, 'fitness': 0.9756608458316007, 'generation': 359}","{'id': 28052, 'rank': 22, 'fitness': 0.9754540262436131, 'generation': 359}","{'id': 28024, 'rank': 23, 'fitness': 0.973816619293999, 'generation': 359}","{'id': 28020, 'rank': 24, 'fitness': 0.9736085462294669, 'generation': 359}","{'id': 28036, 'rank': 25, 'fitness': 0.972353466577562, 'generation': 359}","{'id': 28078, 'rank': 26, 'fitness': 0.9703183754541491, 'generation': 359}","{'id': 28077, 'rank': 27, 'fitness': 0.9669193164821006, 'generation': 359}","{'id': 28077, 'rank': 28, 'fitness': 0.9669193164821006, 'generation': 359}","{'id': 28029, 'rank': 29, 'fitness': 0.9655122201582997, 'generation': 359}","{'id': 28022, 'rank': 30, 'fitness': 0.01798620996209155, 'generation': 359}"
"{'id': 28126, 'rank': 1, 'fitness': 0.9820137900379085, 'generation': 360}","{'id': 28126, 'rank': 2, 'fitness': 0.9820137900379085, 'generation': 360}","{'id': 28117, 'rank': 3, 'fitness': 0.9783331595153807, 'generation': 360}","{'id': 28058, 'rank': 4, 'fitness': 0.9756356156663936, 'generation': 360}","{'id': 28058, 'rank': 5, 'fitness': 0.9756356156663936, 'generation': 360}","{'id': 28058, 'rank': 6, 'fitness': 0.9756356156663936, 'generation': 360}","{'id': 28080, 'rank': 7, 'fitness': 0.9730231348033092, 'generation': 360}","{'id': 28080, 'rank': 8, 'fitness': 0.9730231348033092, 'generation': 360}","{'id': 27742, 'rank': 9, 'fitness': 0.9728252196017725, 'generation': 360}","{'id': 28079, 'rank': 10, 'fitness': 0.9570628004045907, 'generation': 360}","{'id': 28048, 'rank': 11, 'fitness': 0.9543209967717841, 'generation': 360}","{'id': 27953, 'rank': 12, 'fitness': 0.952590923408422, 'generation': 360}","{'id': 27953, 'rank': 13, 'fitness': 0.952590923408422, 'generation': 360}","{'id': 28039, 'rank': 14, 'fitness': 0.9288422055343275, 'generation': 360}","{'id': 28045, 'rank': 15, 'fitness': 0.8971622091470056, 'generation': 360}","{'id': 28123, 'rank': 16, 'fitness': 0.8935141163344972, 'generation': 360}","{'id': 28123, 'rank': 17, 'fitness': 0.8935141163344972, 'generation': 360}","{'id': 28109, 'rank': 18, 'fitness': 0.8220299859027351, 'generation': 360}","{'id': 28125, 'rank': 19, 'fitness': 0.7728153649957016, 'generation': 360}","{'id': 28092, 'rank': 20, 'fitness': 0.7576356442765653, 'generation': 360}","{'id': 28092, 'rank': 21, 'fitness': 0.7576356442765653, 'generation': 360}","{'id': 28034, 'rank': 22, 'fitness': 0.741613406142493, 'generation': 360}","{'id': 28095, 'rank': 23, 'fitness': 0.6543289001207963, 'generation': 360}","{'id': 28118, 'rank': 24, 'fitness': 0.6361215584622686, 'generation': 360}","{'id': 28024, 'rank': 25, 'fitness': 0.5779112899163166, 'generation': 360}","{'id': 28101, 'rank': 26, 'fitness': 0.43409354296055663, 'generation': 360}","{'id': 28101, 'rank': 27, 'fitness': 0.43409354296055663, 'generation': 360}","{'id': 28139, 'rank': 28, 'fitness': 0.33119485253247005, 'generation': 360}","{'id': 28145, 'rank': 29, 'fitness': 0.12549852958796248, 'generation': 360}","{'id': 28103, 'rank': 30, 'fitness': 0.01798620996209155, 'generation': 360}"
"{'id': 28126, 'rank': 1, 'fitness': 0.9820137900379085, 'generation': 361}","{'id': 28117, 'rank': 2, 'fitness': 0.9811347510732105, 'generation': 361}","{'id': 28117, 'rank': 3, 'fitness': 0.9811347510732105, 'generation': 361}","{'id': 28163, 'rank': 4, 'fitness': 0.9800607962853212, 'generation': 361}","{'id': 28163, 'rank': 5, 'fitness': 0.9800607962853212, 'generation': 361}","{'id': 28080, 'rank': 6, 'fitness': 0.980040598749259, 'generation': 361}","{'id': 28210, 'rank': 7, 'fitness': 0.9789348745277267, 'generation': 361}","{'id': 28161, 'rank': 8, 'fitness': 0.9781239458819437, 'generation': 361}","{'id': 28079, 'rank': 9, 'fitness': 0.9774829815199886, 'generation': 361}","{'id': 28203, 'rank': 10, 'fitness': 0.9772841604816596, 'generation': 361}","{'id': 28048, 'rank': 11, 'fitness': 0.9771152164832319, 'generation': 361}","{'id': 28212, 'rank': 12, 'fitness': 0.9747036857317092, 'generation': 361}","{'id': 28156, 'rank': 13, 'fitness': 0.9737758604844629, 'generation': 361}","{'id': 28176, 'rank': 14, 'fitness': 0.9718471338559451, 'generation': 361}","{'id': 28176, 'rank': 15, 'fitness': 0.9718471338559451, 'generation': 361}","{'id': 28164, 'rank': 16, 'fitness': 0.9697824811189716, 'generation': 361}","{'id': 28160, 'rank': 17, 'fitness': 0.9639528882116356, 'generation': 361}","{'id': 28160, 'rank': 18, 'fitness': 0.9639528882116356, 'generation': 361}","{'id': 28092, 'rank': 19, 'fitness': 0.9633126130059928, 'generation': 361}","{'id': 28184, 'rank': 20, 'fitness': 0.9591863539223773, 'generation': 361}","{'id': 28118, 'rank': 21, 'fitness': 0.9576775708209995, 'generation': 361}","{'id': 28198, 'rank': 22, 'fitness': 0.9571589555641113, 'generation': 361}","{'id': 28222, 'rank': 23, 'fitness': 0.9554599539540138, 'generation': 361}","{'id': 28222, 'rank': 24, 'fitness': 0.9554599539540138, 'generation': 361}","{'id': 28101, 'rank': 25, 'fitness': 0.9482583928848871, 'generation': 361}","{'id': 28139, 'rank': 26, 'fitness': 0.9424788218336873, 'generation': 361}","{'id': 28194, 'rank': 27, 'fitness': 0.26009511149505005, 'generation': 361}","{'id': 28193, 'rank': 28, 'fitness': 0.12284869226274908, 'generation': 361}","{'id': 28205, 'rank': 29, 'fitness': 0.022996278453081498, 'generation': 361}","{'id': 28195, 'rank': 30, 'fitness': 0.01798620996209155, 'generation': 361}"
"{'id': 28231, 'rank': 1, 'fitness': 0.9820137900379085, 'generation': 362}","{'id': 28234, 'rank': 2, 'fitness': 0.9819930116242164, 'generation': 362}","{'id': 28117, 'rank': 3, 'fitness': 0.9819927393233261, 'generation': 362}","{'id': 28117, 'rank': 4, 'fitness': 0.9819927393233261, 'generation': 362}","{'id': 28117, 'rank': 5, 'fitness': 0.9819927393233261, 'generation': 362}","{'id': 28163, 'rank': 6, 'fitness': 0.9819641831104385, 'generation': 362}","{'id': 28163, 'rank': 7, 'fitness': 0.9819641831104385, 'generation': 362}","{'id': 28080, 'rank': 8, 'fitness': 0.9819636602155662, 'generation': 362}","{'id': 28264, 'rank': 9, 'fitness': 0.9819356641833928, 'generation': 362}","{'id': 28293, 'rank': 10, 'fitness': 0.9819268066517729, 'generation': 362}","{'id': 28235, 'rank': 11, 'fitness': 0.9819252762375404, 'generation': 362}","{'id': 28235, 'rank': 12, 'fitness': 0.9819252762375404, 'generation': 362}","{'id': 28161, 'rank': 13, 'fitness': 0.9819161960053233, 'generation': 362}","{'id': 28301, 'rank': 14, 'fitness': 0.981894910303728, 'generation': 362}","{'id': 28048, 'rank': 15, 'fitness': 0.9818927805238307, 'generation': 362}","{'id': 28236, 'rank': 16, 'fitness': 0.9818872600761606, 'generation': 362}","{'id': 28238, 'rank': 17, 'fitness': 0.9818787435253469, 'generation': 362}","{'id': 28277, 'rank': 18, 'fitness': 0.9818623659396835, 'generation': 362}","{'id': 28277, 'rank': 19, 'fitness': 0.9818623659396835, 'generation': 362}","{'id': 28300, 'rank': 20, 'fitness': 0.9818571478939373, 'generation': 362}","{'id': 28300, 'rank': 21, 'fitness': 0.9818571478939373, 'generation': 362}","{'id': 28233, 'rank': 22, 'fitness': 0.9818124133871264, 'generation': 362}","{'id': 28237, 'rank': 23, 'fitness': 0.9817589078471858, 'generation': 362}","{'id': 28275, 'rank': 24, 'fitness': 0.981737820884178, 'generation': 362}","{'id': 28230, 'rank': 25, 'fitness': 0.9817149063141399, 'generation': 362}","{'id': 28230, 'rank': 26, 'fitness': 0.9817149063141399, 'generation': 362}","{'id': 28118, 'rank': 27, 'fitness': 0.9815673154671805, 'generation': 362}","{'id': 28226, 'rank': 28, 'fitness': 0.9815408668984101, 'generation': 362}","{'id': 28289, 'rank': 29, 'fitness': 0.9813052343951172, 'generation': 362}","{'id': 28248, 'rank': 30, 'fitness': 0.01798620996209155, 'generation': 362}"
"{'id': 28357, 'rank': 1, 'fitness': 0.9820137900379085, 'generation': 363}","{'id': 28080, 'rank': 2, 'fitness': 0.9606650446654934, 'generation': 363}","{'id': 28405, 'rank': 3, 'fitness': 0.9405092490502222, 'generation': 363}","{'id': 28405, 'rank': 4, 'fitness': 0.9405092490502222, 'generation': 363}","{'id': 28313, 'rank': 5, 'fitness': 0.9364052311559744, 'generation': 363}","{'id': 28235, 'rank': 6, 'fitness': 0.9257648213089942, 'generation': 363}","{'id': 28400, 'rank': 7, 'fitness': 0.912503478192978, 'generation': 363}","{'id': 28371, 'rank': 8, 'fitness': 0.9011318367087706, 'generation': 363}","{'id': 28385, 'rank': 9, 'fitness': 0.8974264143979476, 'generation': 363}","{'id': 28317, 'rank': 10, 'fitness': 0.8866437727375791, 'generation': 363}","{'id': 28317, 'rank': 11, 'fitness': 0.8866437727375791, 'generation': 363}","{'id': 28301, 'rank': 12, 'fitness': 0.8800227241232874, 'generation': 363}","{'id': 28319, 'rank': 13, 'fitness': 0.8776762709869527, 'generation': 363}","{'id': 28352, 'rank': 14, 'fitness': 0.8648179061319008, 'generation': 363}","{'id': 28369, 'rank': 15, 'fitness': 0.8644751701337506, 'generation': 363}","{'id': 28238, 'rank': 16, 'fitness': 0.8468931175912209, 'generation': 363}","{'id': 28392, 'rank': 17, 'fitness': 0.8351409020368536, 'generation': 363}","{'id': 28300, 'rank': 18, 'fitness': 0.7914768214488354, 'generation': 363}","{'id': 28318, 'rank': 19, 'fitness': 0.7190645484158054, 'generation': 363}","{'id': 28318, 'rank': 20, 'fitness': 0.7190645484158054, 'generation': 363}","{'id': 28339, 'rank': 21, 'fitness': 0.6821727745230405, 'generation': 363}","{'id': 28403, 'rank': 22, 'fitness': 0.6495367032537638, 'generation': 363}","{'id': 28393, 'rank': 23, 'fitness': 0.6063218615579657, 'generation': 363}","{'id': 28349, 'rank': 24, 'fitness': 0.5826554770894637, 'generation': 363}","{'id': 28396, 'rank': 25, 'fitness': 0.4669151306259822, 'generation': 363}","{'id': 28383, 'rank': 26, 'fitness': 0.3689458210378446, 'generation': 363}","{'id': 28367, 'rank': 27, 'fitness': 0.1251315924163826, 'generation': 363}","{'id': 28367, 'rank': 28, 'fitness': 0.1251315924163826, 'generation': 363}","{'id': 28395, 'rank': 29, 'fitness': 0.05603830674275795, 'generation': 363}","{'id': 28379, 'rank': 30, 'fitness': 0.01798620996209155, 'generation': 363}"
"{'id': 28080, 'rank': 1, 'fitness': 0.9820137900379085, 'generation': 364}","{'id': 28405, 'rank': 2, 'fitness': 0.9818857038493309, 'generation': 364}","{'id': 28400, 'rank': 3, 'fitness': 0.9817623474425976, 'generation': 364}","{'id': 28301, 'rank': 4, 'fitness': 0.9816573429781795, 'generation': 364}","{'id': 28301, 'rank': 5, 'fitness': 0.9816573429781795, 'generation': 364}","{'id': 28319, 'rank': 6, 'fitness': 0.9816507479989386, 'generation': 364}","{'id': 28319, 'rank': 7, 'fitness': 0.9816507479989386, 'generation': 364}","{'id': 28319, 'rank': 8, 'fitness': 0.9816507479989386, 'generation': 364}","{'id': 28352, 'rank': 9, 'fitness': 0.9816163836697004, 'generation': 364}","{'id': 28318, 'rank': 10, 'fitness': 0.9813396773649863, 'generation': 364}","{'id': 28318, 'rank': 11, 'fitness': 0.9813396773649863, 'generation': 364}","{'id': 28403, 'rank': 12, 'fitness': 0.9812411957802816, 'generation': 364}","{'id': 28393, 'rank': 13, 'fitness': 0.981184490688263, 'generation': 364}","{'id': 28393, 'rank': 14, 'fitness': 0.981184490688263, 'generation': 364}","{'id': 28349, 'rank': 15, 'fitness': 0.981154345353302, 'generation': 364}","{'id': 28395, 'rank': 16, 'fitness': 0.980159266772214, 'generation': 364}","{'id': 28481, 'rank': 17, 'fitness': 0.9763696560806139, 'generation': 364}","{'id': 28479, 'rank': 18, 'fitness': 0.9762019509962933, 'generation': 364}","{'id': 28408, 'rank': 19, 'fitness': 0.9732293670227978, 'generation': 364}","{'id': 28408, 'rank': 20, 'fitness': 0.9732293670227978, 'generation': 364}","{'id': 28447, 'rank': 21, 'fitness': 0.972627736437896, 'generation': 364}","{'id': 28431, 'rank': 22, 'fitness': 0.959415980856057, 'generation': 364}","{'id': 28431, 'rank': 23, 'fitness': 0.959415980856057, 'generation': 364}","{'id': 28430, 'rank': 24, 'fitness': 0.9589661081241407, 'generation': 364}","{'id': 28467, 'rank': 25, 'fitness': 0.9570071848374782, 'generation': 364}","{'id': 28427, 'rank': 26, 'fitness': 0.9548245269148727, 'generation': 364}","{'id': 28417, 'rank': 27, 'fitness': 0.9517974607122515, 'generation': 364}","{'id': 28423, 'rank': 28, 'fitness': 0.9489976600601304, 'generation': 364}","{'id': 28416, 'rank': 29, 'fitness': 0.9391478223275208, 'generation': 364}","{'id': 28454, 'rank': 30, 'fitness': 0.01798620996209155, 'generation': 364}"
"{'id': 28405, 'rank': 1, 'fitness': 0.9820137900379085, 'generation': 365}","{'id': 28400, 'rank': 2, 'fitness': 0.9797237996689633, 'generation': 365}","{'id': 28301, 'rank': 3, 'fitness': 0.9775653744843266, 'generation': 365}","{'id': 28301, 'rank': 4, 'fitness': 0.9775653744843266, 'generation': 365}","{'id': 28301, 'rank': 5, 'fitness': 0.9775653744843266, 'generation': 365}","{'id': 28319, 'rank': 6, 'fitness': 0.9774229842763491, 'generation': 365}","{'id': 28546, 'rank': 7, 'fitness': 0.9702193426522124, 'generation': 365}","{'id': 28570, 'rank': 8, 'fitness': 0.9700001382200515, 'generation': 365}","{'id': 28570, 'rank': 9, 'fitness': 0.9700001382200515, 'generation': 365}","{'id': 28510, 'rank': 10, 'fitness': 0.9699990408154153, 'generation': 365}","{'id': 28318, 'rank': 11, 'fitness': 0.9696829148638562, 'generation': 365}","{'id': 28500, 'rank': 12, 'fitness': 0.9687497336591075, 'generation': 365}","{'id': 28526, 'rank': 13, 'fitness': 0.9662963319364883, 'generation': 365}","{'id': 28526, 'rank': 14, 'fitness': 0.9662963319364883, 'generation': 365}","{'id': 28349, 'rank': 15, 'fitness': 0.9639884682329174, 'generation': 365}","{'id': 28569, 'rank': 16, 'fitness': 0.9635986872079516, 'generation': 365}","{'id': 28569, 'rank': 17, 'fitness': 0.9635986872079516, 'generation': 365}","{'id': 28569, 'rank': 18, 'fitness': 0.9635986872079516, 'generation': 365}","{'id': 28513, 'rank': 19, 'fitness': 0.9589592785291892, 'generation': 365}","{'id': 28523, 'rank': 20, 'fitness': 0.9576329824377381, 'generation': 365}","{'id': 28490, 'rank': 21, 'fitness': 0.9572421803751509, 'generation': 365}","{'id': 28497, 'rank': 22, 'fitness': 0.9557959236958464, 'generation': 365}","{'id': 28508, 'rank': 23, 'fitness': 0.9449308566553402, 'generation': 365}","{'id': 28512, 'rank': 24, 'fitness': 0.9393457348359865, 'generation': 365}","{'id': 28514, 'rank': 25, 'fitness': 0.9255119240764409, 'generation': 365}","{'id': 28511, 'rank': 26, 'fitness': 0.9235789618137124, 'generation': 365}","{'id': 28479, 'rank': 27, 'fitness': 0.28370883781603984, 'generation': 365}","{'id': 28484, 'rank': 28, 'fitness': 0.08428574206947775, 'generation': 365}","{'id': 28408, 'rank': 29, 'fitness': 0.04476995500778025, 'generation': 365}","{'id': 28536, 'rank': 30, 'fitness': 0.01798620996209155, 'generation': 365}"
"{'id': 28400, 'rank': 1, 'fitness': 0.9820137900379085, 'generation': 366}","{'id': 28599, 'rank': 2, 'fitness': 0.977115476751815, 'generation': 366}","{'id': 28647, 'rank': 3, 'fitness': 0.9759619699267499, 'generation': 366}","{'id': 28600, 'rank': 4, 'fitness': 0.9752620959306875, 'generation': 366}","{'id': 28570, 'rank': 5, 'fitness': 0.9684360116983495, 'generation': 366}","{'id': 28570, 'rank': 6, 'fitness': 0.9684360116983495, 'generation': 366}","{'id': 28510, 'rank': 7, 'fitness': 0.9684343578580547, 'generation': 366}","{'id': 28510, 'rank': 8, 'fitness': 0.9684343578580547, 'generation': 366}","{'id': 28526, 'rank': 9, 'fitness': 0.9627148296816674, 'generation': 366}","{'id': 28569, 'rank': 10, 'fitness': 0.9583808111601511, 'generation': 366}","{'id': 28569, 'rank': 11, 'fitness': 0.9583808111601511, 'generation': 366}","{'id': 28569, 'rank': 12, 'fitness': 0.9583808111601511, 'generation': 366}","{'id': 28497, 'rank': 13, 'fitness': 0.94513173230715, 'generation': 366}","{'id': 28637, 'rank': 14, 'fitness': 0.938360268341426, 'generation': 366}","{'id': 28640, 'rank': 15, 'fitness': 0.9310892323417572, 'generation': 366}","{'id': 28508, 'rank': 16, 'fitness': 0.9251649854824461, 'generation': 366}","{'id': 28635, 'rank': 17, 'fitness': 0.8938153282090817, 'generation': 366}","{'id': 28639, 'rank': 18, 'fitness': 0.8848698407492004, 'generation': 366}","{'id': 28639, 'rank': 19, 'fitness': 0.8848698407492004, 'generation': 366}","{'id': 28656, 'rank': 20, 'fitness': 0.8829002848340408, 'generation': 366}","{'id': 28655, 'rank': 21, 'fitness': 0.8709071271488584, 'generation': 366}","{'id': 28613, 'rank': 22, 'fitness': 0.8303096049658001, 'generation': 366}","{'id': 28629, 'rank': 23, 'fitness': 0.8262883712532609, 'generation': 366}","{'id': 28649, 'rank': 24, 'fitness': 0.7603095937327008, 'generation': 366}","{'id': 28649, 'rank': 25, 'fitness': 0.7603095937327008, 'generation': 366}","{'id': 28632, 'rank': 26, 'fitness': 0.7557922531299699, 'generation': 366}","{'id': 28658, 'rank': 27, 'fitness': 0.7148073391909777, 'generation': 366}","{'id': 28608, 'rank': 28, 'fitness': 0.3450980138955027, 'generation': 366}","{'id': 28608, 'rank': 29, 'fitness': 0.3450980138955027, 'generation': 366}","{'id': 28587, 'rank': 30, 'fitness': 0.01798620996209155, 'generation': 366}"
"{'id': 28742, 'rank': 1, 'fitness': 0.9820137900379085, 'generation': 367}","{'id': 28735, 'rank': 2, 'fitness': 0.9771217761695377, 'generation': 367}","{'id': 28599, 'rank': 3, 'fitness': 0.9735762518516085, 'generation': 367}","{'id': 28599, 'rank': 4, 'fitness': 0.9735762518516085, 'generation': 367}","{'id': 28570, 'rank': 5, 'fitness': 0.9697457546590306, 'generation': 367}","{'id': 28510, 'rank': 6, 'fitness': 0.9697450855064322, 'generation': 367}","{'id': 28510, 'rank': 7, 'fitness': 0.9697450855064322, 'generation': 367}","{'id': 28732, 'rank': 8, 'fitness': 0.9651173601359191, 'generation': 367}","{'id': 28732, 'rank': 9, 'fitness': 0.9651173601359191, 'generation': 367}","{'id': 28680, 'rank': 10, 'fitness': 0.9649224332604746, 'generation': 367}","{'id': 28682, 'rank': 11, 'fitness': 0.9643352887247443, 'generation': 367}","{'id': 28734, 'rank': 12, 'fitness': 0.9642198970183863, 'generation': 367}","{'id': 28740, 'rank': 13, 'fitness': 0.9633007833317413, 'generation': 367}","{'id': 28497, 'rank': 14, 'fitness': 0.9617290768125792, 'generation': 367}","{'id': 28497, 'rank': 15, 'fitness': 0.9617290768125792, 'generation': 367}","{'id': 28683, 'rank': 16, 'fitness': 0.9593663566229162, 'generation': 367}","{'id': 28676, 'rank': 17, 'fitness': 0.9490624315336508, 'generation': 367}","{'id': 28743, 'rank': 18, 'fitness': 0.9488273215846046, 'generation': 367}","{'id': 28655, 'rank': 19, 'fitness': 0.9442166689210574, 'generation': 367}","{'id': 28744, 'rank': 20, 'fitness': 0.9435789277435468, 'generation': 367}","{'id': 28744, 'rank': 21, 'fitness': 0.9435789277435468, 'generation': 367}","{'id': 28723, 'rank': 22, 'fitness': 0.9310679772079851, 'generation': 367}","{'id': 28649, 'rank': 23, 'fitness': 0.9248928864893247, 'generation': 367}","{'id': 28632, 'rank': 24, 'fitness': 0.9241684243104347, 'generation': 367}","{'id': 28736, 'rank': 25, 'fitness': 0.9079396598015792, 'generation': 367}","{'id': 28736, 'rank': 26, 'fitness': 0.9079396598015792, 'generation': 367}","{'id': 28707, 'rank': 27, 'fitness': 0.867446540459504, 'generation': 367}","{'id': 28668, 'rank': 28, 'fitness': 0.401872913480104, 'generation': 367}","{'id': 28661, 'rank': 29, 'fitness': 0.34229841447509046, 'generation': 367}","{'id': 28664, 'rank': 30, 'fitness': 0.01798620996209155, 'generation': 367}"
"{'id': 28735, 'rank': 1, 'fitness': 0.9820137900379085, 'generation': 368}","{'id': 28776, 'rank': 2, 'fitness': 0.9694078051461676, 'generation': 368}","{'id': 28510, 'rank': 3, 'fitness': 0.9617197671210076, 'generation': 368}","{'id': 28510, 'rank': 4, 'fitness': 0.9617197671210076, 'generation': 368}","{'id': 28732, 'rank': 5, 'fitness': 0.944063710937227, 'generation': 368}","{'id': 28732, 'rank': 6, 'fitness': 0.944063710937227, 'generation': 368}","{'id': 28740, 'rank': 7, 'fitness': 0.9360525453288457, 'generation': 368}","{'id': 28777, 'rank': 8, 'fitness': 0.9347128554998625, 'generation': 368}","{'id': 28817, 'rank': 9, 'fitness': 0.9324199554758582, 'generation': 368}","{'id': 28795, 'rank': 10, 'fitness': 0.9166330188906247, 'generation': 368}","{'id': 28676, 'rank': 11, 'fitness': 0.8528111413294586, 'generation': 368}","{'id': 28676, 'rank': 12, 'fitness': 0.8528111413294586, 'generation': 368}","{'id': 28676, 'rank': 13, 'fitness': 0.8528111413294586, 'generation': 368}","{'id': 28820, 'rank': 14, 'fitness': 0.8441996196654796, 'generation': 368}","{'id': 28744, 'rank': 15, 'fitness': 0.8122476796903824, 'generation': 368}","{'id': 28764, 'rank': 16, 'fitness': 0.7829253462287684, 'generation': 368}","{'id': 28799, 'rank': 17, 'fitness': 0.7363122939156348, 'generation': 368}","{'id': 28814, 'rank': 18, 'fitness': 0.703386157287025, 'generation': 368}","{'id': 28794, 'rank': 19, 'fitness': 0.6554026502384741, 'generation': 368}","{'id': 28779, 'rank': 20, 'fitness': 0.5905590203030415, 'generation': 368}","{'id': 28824, 'rank': 21, 'fitness': 0.5781659195016543, 'generation': 368}","{'id': 28824, 'rank': 22, 'fitness': 0.5781659195016543, 'generation': 368}","{'id': 28780, 'rank': 23, 'fitness': 0.5299313829378274, 'generation': 368}","{'id': 28747, 'rank': 24, 'fitness': 0.4046893271935281, 'generation': 368}","{'id': 28759, 'rank': 25, 'fitness': 0.307235081767111, 'generation': 368}","{'id': 28822, 'rank': 26, 'fitness': 0.24912965402989834, 'generation': 368}","{'id': 28758, 'rank': 27, 'fitness': 0.1328294978249973, 'generation': 368}","{'id': 28756, 'rank': 28, 'fitness': 0.12322933110749579, 'generation': 368}","{'id': 28827, 'rank': 29, 'fitness': 0.019961936922802792, 'generation': 368}","{'id': 28755, 'rank': 30, 'fitness': 0.01798620996209155, 'generation': 368}"
"{'id': 28835, 'rank': 1, 'fitness': 0.9820137900379085, 'generation': 369}","{'id': 28776, 'rank': 2, 'fitness': 0.9820002159538901, 'generation': 369}","{'id': 28832, 'rank': 3, 'fitness': 0.9819561863847573, 'generation': 369}","{'id': 28832, 'rank': 4, 'fitness': 0.9819561863847573, 'generation': 369}","{'id': 28732, 'rank': 5, 'fitness': 0.9819201718431905, 'generation': 369}","{'id': 28732, 'rank': 6, 'fitness': 0.9819201718431905, 'generation': 369}","{'id': 28834, 'rank': 7, 'fitness': 0.9819167983519976, 'generation': 369}","{'id': 28777, 'rank': 8, 'fitness': 0.9818992080482741, 'generation': 369}","{'id': 28820, 'rank': 9, 'fitness': 0.9817749237405027, 'generation': 369}","{'id': 28876, 'rank': 10, 'fitness': 0.9817634356561227, 'generation': 369}","{'id': 28744, 'rank': 11, 'fitness': 0.9817460071438057, 'generation': 369}","{'id': 28799, 'rank': 12, 'fitness': 0.9816896467500673, 'generation': 369}","{'id': 28794, 'rank': 13, 'fitness': 0.9816400689191818, 'generation': 369}","{'id': 28779, 'rank': 14, 'fitness': 0.9816042777371672, 'generation': 369}","{'id': 28779, 'rank': 15, 'fitness': 0.9816042777371672, 'generation': 369}","{'id': 28875, 'rank': 16, 'fitness': 0.9815285487810244, 'generation': 369}","{'id': 28875, 'rank': 17, 'fitness': 0.9815285487810244, 'generation': 369}","{'id': 28747, 'rank': 18, 'fitness': 0.9815065922064959, 'generation': 369}","{'id': 28842, 'rank': 19, 'fitness': 0.9813290909715611, 'generation': 369}","{'id': 28873, 'rank': 20, 'fitness': 0.9813133240428602, 'generation': 369}","{'id': 28831, 'rank': 21, 'fitness': 0.9812017044422434, 'generation': 369}","{'id': 28851, 'rank': 22, 'fitness': 0.9810534549357527, 'generation': 369}","{'id': 28755, 'rank': 23, 'fitness': 0.9810301345624786, 'generation': 369}","{'id': 28891, 'rank': 24, 'fitness': 0.980423379440029, 'generation': 369}","{'id': 28866, 'rank': 25, 'fitness': 0.9803685994396382, 'generation': 369}","{'id': 28872, 'rank': 26, 'fitness': 0.9789603451146208, 'generation': 369}","{'id': 28881, 'rank': 27, 'fitness': 0.9722450260626765, 'generation': 369}","{'id': 28895, 'rank': 28, 'fitness': 0.9109883431507657, 'generation': 369}","{'id': 28863, 'rank': 29, 'fitness': 0.5034622522665172, 'generation': 369}","{'id': 28889, 'rank': 30, 'fitness': 0.01798620996209155, 'generation': 369}"
"{'id': 28971, 'rank': 1, 'fitness': 0.9820137900379085, 'generation': 370}","{'id': 28971, 'rank': 2, 'fitness': 0.9820137900379085, 'generation': 370}","{'id': 28776, 'rank': 3, 'fitness': 0.9795168045556977, 'generation': 370}","{'id': 28972, 'rank': 4, 'fitness': 0.9752734700728032, 'generation': 370}","{'id': 28941, 'rank': 5, 'fitness': 0.9711867912421229, 'generation': 370}","{'id': 28941, 'rank': 6, 'fitness': 0.9711867912421229, 'generation': 370}","{'id': 28946, 'rank': 7, 'fitness': 0.9662849214189705, 'generation': 370}","{'id': 28732, 'rank': 8, 'fitness': 0.9651549672581528, 'generation': 370}","{'id': 28916, 'rank': 9, 'fitness': 0.963607472897561, 'generation': 370}","{'id': 28777, 'rank': 10, 'fitness': 0.9600267684447059, 'generation': 370}","{'id': 28985, 'rank': 11, 'fitness': 0.9583595274087722, 'generation': 370}","{'id': 28985, 'rank': 12, 'fitness': 0.9583595274087722, 'generation': 370}","{'id': 28945, 'rank': 13, 'fitness': 0.9467708229274352, 'generation': 370}","{'id': 28945, 'rank': 14, 'fitness': 0.9467708229274352, 'generation': 370}","{'id': 28944, 'rank': 15, 'fitness': 0.9436962864890486, 'generation': 370}","{'id': 28944, 'rank': 16, 'fitness': 0.9436962864890486, 'generation': 370}","{'id': 28942, 'rank': 17, 'fitness': 0.9406454878313585, 'generation': 370}","{'id': 28963, 'rank': 18, 'fitness': 0.8997706773070384, 'generation': 370}","{'id': 28963, 'rank': 19, 'fitness': 0.8997706773070384, 'generation': 370}","{'id': 28964, 'rank': 20, 'fitness': 0.7758182109947592, 'generation': 370}","{'id': 28964, 'rank': 21, 'fitness': 0.7758182109947592, 'generation': 370}","{'id': 28926, 'rank': 22, 'fitness': 0.7587613098964496, 'generation': 370}","{'id': 28962, 'rank': 23, 'fitness': 0.6768592102596377, 'generation': 370}","{'id': 28975, 'rank': 24, 'fitness': 0.5757811658876054, 'generation': 370}","{'id': 28955, 'rank': 25, 'fitness': 0.49674192360613345, 'generation': 370}","{'id': 28842, 'rank': 26, 'fitness': 0.3454423904031975, 'generation': 370}","{'id': 28873, 'rank': 27, 'fitness': 0.32232957136976004, 'generation': 370}","{'id': 28873, 'rank': 28, 'fitness': 0.32232957136976004, 'generation': 370}","{'id': 28921, 'rank': 29, 'fitness': 0.05920781830094701, 'generation': 370}","{'id': 28908, 'rank': 30, 'fitness': 0.01798620996209155, 'generation': 370}"
"{'id': 28971, 'rank': 1, 'fitness': 0.9820137900379085, 'generation': 371}","{'id': 29022, 'rank': 2, 'fitness': 0.9815362933038254, 'generation': 371}","{'id': 29022, 'rank': 3, 'fitness': 0.9815362933038254, 'generation': 371}","{'id': 28972, 'rank': 4, 'fitness': 0.9804600465314066, 'generation': 371}","{'id': 28941, 'rank': 5, 'fitness': 0.979662651752595, 'generation': 371}","{'id': 28946, 'rank': 6, 'fitness': 0.9788064194635478, 'generation': 371}","{'id': 28732, 'rank': 7, 'fitness': 0.9786217474750226, 'generation': 371}","{'id': 28916, 'rank': 8, 'fitness': 0.9783755760242079, 'generation': 371}","{'id': 28916, 'rank': 9, 'fitness': 0.9783755760242079, 'generation': 371}","{'id': 28916, 'rank': 10, 'fitness': 0.9783755760242079, 'generation': 371}","{'id': 28985, 'rank': 11, 'fitness': 0.9775919021845392, 'generation': 371}","{'id': 28944, 'rank': 12, 'fitness': 0.9757152358713611, 'generation': 371}","{'id': 28944, 'rank': 13, 'fitness': 0.9757152358713611, 'generation': 371}","{'id': 28944, 'rank': 14, 'fitness': 0.9757152358713611, 'generation': 371}","{'id': 28992, 'rank': 15, 'fitness': 0.9753832707192938, 'generation': 371}","{'id': 28992, 'rank': 16, 'fitness': 0.9753832707192938, 'generation': 371}","{'id': 29020, 'rank': 17, 'fitness': 0.9740324431176879, 'generation': 371}","{'id': 29020, 'rank': 18, 'fitness': 0.9740324431176879, 'generation': 371}","{'id': 29066, 'rank': 19, 'fitness': 0.9737916559072292, 'generation': 371}","{'id': 29045, 'rank': 20, 'fitness': 0.971067870405627, 'generation': 371}","{'id': 29046, 'rank': 21, 'fitness': 0.9627196585167639, 'generation': 371}","{'id': 28975, 'rank': 22, 'fitness': 0.9543741997594508, 'generation': 371}","{'id': 29018, 'rank': 23, 'fitness': 0.9539399003663067, 'generation': 371}","{'id': 28955, 'rank': 24, 'fitness': 0.9506341099534239, 'generation': 371}","{'id': 28955, 'rank': 25, 'fitness': 0.9506341099534239, 'generation': 371}","{'id': 29058, 'rank': 26, 'fitness': 0.9433956549049538, 'generation': 371}","{'id': 29032, 'rank': 27, 'fitness': 0.9122875269059625, 'generation': 371}","{'id': 29034, 'rank': 28, 'fitness': 0.8992046399479481, 'generation': 371}","{'id': 29034, 'rank': 29, 'fitness': 0.8992046399479481, 'generation': 371}","{'id': 29037, 'rank': 30, 'fitness': 0.01798620996209155, 'generation': 371}"
"{'id': 28971, 'rank': 1, 'fitness': 0.9820137900379085, 'generation': 372}","{'id': 29022, 'rank': 2, 'fitness': 0.9784100340588049, 'generation': 372}","{'id': 29123, 'rank': 3, 'fitness': 0.9711981232896314, 'generation': 372}","{'id': 29143, 'rank': 4, 'fitness': 0.9678771571085447, 'generation': 372}","{'id': 29110, 'rank': 5, 'fitness': 0.954297562495314, 'generation': 372}","{'id': 29095, 'rank': 6, 'fitness': 0.9537117273668199, 'generation': 372}","{'id': 29122, 'rank': 7, 'fitness': 0.9536863091942833, 'generation': 372}","{'id': 28946, 'rank': 8, 'fitness': 0.9443642805396997, 'generation': 372}","{'id': 28946, 'rank': 9, 'fitness': 0.9443642805396997, 'generation': 372}","{'id': 28916, 'rank': 10, 'fitness': 0.9363223939614366, 'generation': 372}","{'id': 28916, 'rank': 11, 'fitness': 0.9363223939614366, 'generation': 372}","{'id': 29140, 'rank': 12, 'fitness': 0.9325450653533037, 'generation': 372}","{'id': 29092, 'rank': 13, 'fitness': 0.9212286460889554, 'generation': 372}","{'id': 29092, 'rank': 14, 'fitness': 0.9212286460889554, 'generation': 372}","{'id': 29138, 'rank': 15, 'fitness': 0.8806734438414446, 'generation': 372}","{'id': 28992, 'rank': 16, 'fitness': 0.8534639046735852, 'generation': 372}","{'id': 29150, 'rank': 17, 'fitness': 0.8497748906132887, 'generation': 372}","{'id': 29020, 'rank': 18, 'fitness': 0.7989008497250442, 'generation': 372}","{'id': 29142, 'rank': 19, 'fitness': 0.7839110797011524, 'generation': 372}","{'id': 29045, 'rank': 20, 'fitness': 0.6464607096029834, 'generation': 372}","{'id': 29045, 'rank': 21, 'fitness': 0.6464607096029834, 'generation': 372}","{'id': 29088, 'rank': 22, 'fitness': 0.5377229754373268, 'generation': 372}","{'id': 29149, 'rank': 23, 'fitness': 0.5022450498733145, 'generation': 372}","{'id': 29115, 'rank': 24, 'fitness': 0.46371511596215204, 'generation': 372}","{'id': 29146, 'rank': 25, 'fitness': 0.41051959286355805, 'generation': 372}","{'id': 29148, 'rank': 26, 'fitness': 0.39575139726733655, 'generation': 372}","{'id': 29158, 'rank': 27, 'fitness': 0.32134678610278433, 'generation': 372}","{'id': 29114, 'rank': 28, 'fitness': 0.28582228967815254, 'generation': 372}","{'id': 29151, 'rank': 29, 'fitness': 0.1127165345080064, 'generation': 372}","{'id': 29118, 'rank': 30, 'fitness': 0.01798620996209155, 'generation': 372}"
"{'id': 29022, 'rank': 1, 'fitness': 0.9820137900379085, 'generation': 373}","{'id': 29022, 'rank': 2, 'fitness': 0.9820137900379085, 'generation': 373}","{'id': 29022, 'rank': 3, 'fitness': 0.9820137900379085, 'generation': 373}","{'id': 29172, 'rank': 4, 'fitness': 0.981927848149873, 'generation': 373}","{'id': 29172, 'rank': 5, 'fitness': 0.981927848149873, 'generation': 373}","{'id': 29123, 'rank': 6, 'fitness': 0.9819072168117025, 'generation': 373}","{'id': 29170, 'rank': 7, 'fitness': 0.9817526537247185, 'generation': 373}","{'id': 29110, 'rank': 8, 'fitness': 0.9817331136200518, 'generation': 373}","{'id': 29095, 'rank': 9, 'fitness': 0.9817282400993091, 'generation': 373}","{'id': 28946, 'rank': 10, 'fitness': 0.981657358834633, 'generation': 373}","{'id': 28916, 'rank': 11, 'fitness': 0.9816046750557473, 'generation': 373}","{'id': 29173, 'rank': 12, 'fitness': 0.9814680021862348, 'generation': 373}","{'id': 29150, 'rank': 13, 'fitness': 0.9812503003007418, 'generation': 373}","{'id': 29020, 'rank': 14, 'fitness': 0.9811175139601824, 'generation': 373}","{'id': 29142, 'rank': 15, 'fitness': 0.9810832354101289, 'generation': 373}","{'id': 29194, 'rank': 16, 'fitness': 0.9810586953302788, 'generation': 373}","{'id': 29045, 'rank': 17, 'fitness': 0.9808227242789238, 'generation': 373}","{'id': 29192, 'rank': 18, 'fitness': 0.9805620870707317, 'generation': 373}","{'id': 29158, 'rank': 19, 'fitness': 0.9802986035247887, 'generation': 373}","{'id': 29151, 'rank': 20, 'fitness': 0.9797747391639118, 'generation': 373}","{'id': 29151, 'rank': 21, 'fitness': 0.9797747391639118, 'generation': 373}","{'id': 29151, 'rank': 22, 'fitness': 0.9797747391639118, 'generation': 373}","{'id': 29199, 'rank': 23, 'fitness': 0.9749766932653532, 'generation': 373}","{'id': 29226, 'rank': 24, 'fitness': 0.9741523197608242, 'generation': 373}","{'id': 29240, 'rank': 25, 'fitness': 0.9739391314032909, 'generation': 373}","{'id': 29225, 'rank': 26, 'fitness': 0.9735597724754134, 'generation': 373}","{'id': 29224, 'rank': 27, 'fitness': 0.9727056074568259, 'generation': 373}","{'id': 29178, 'rank': 28, 'fitness': 0.9680392701081337, 'generation': 373}","{'id': 29184, 'rank': 29, 'fitness': 0.02957124989804688, 'generation': 373}","{'id': 29167, 'rank': 30, 'fitness': 0.01798620996209155, 'generation': 373}"
"{'id': 29254, 'rank': 1, 'fitness': 0.9820137900379085, 'generation': 374}","{'id': 29300, 'rank': 2, 'fitness': 0.9804443711117989, 'generation': 374}","{'id': 29320, 'rank': 3, 'fitness': 0.9801687211904637, 'generation': 374}","{'id': 29258, 'rank': 4, 'fitness': 0.9790698003468025, 'generation': 374}","{'id': 29172, 'rank': 5, 'fitness': 0.9789679200234802, 'generation': 374}","{'id': 29276, 'rank': 6, 'fitness': 0.9758869750608518, 'generation': 374}","{'id': 29170, 'rank': 7, 'fitness': 0.9748587227989578, 'generation': 374}","{'id': 29170, 'rank': 8, 'fitness': 0.9748587227989578, 'generation': 374}","{'id': 29250, 'rank': 9, 'fitness': 0.9739856327626009, 'generation': 374}","{'id': 28946, 'rank': 10, 'fitness': 0.9723245183090353, 'generation': 374}","{'id': 29326, 'rank': 11, 'fitness': 0.9714107556080418, 'generation': 374}","{'id': 29289, 'rank': 12, 'fitness': 0.9689530202931208, 'generation': 374}","{'id': 29256, 'rank': 13, 'fitness': 0.965551323116852, 'generation': 374}","{'id': 29287, 'rank': 14, 'fitness': 0.9572287652127618, 'generation': 374}","{'id': 29242, 'rank': 15, 'fitness': 0.952437344647536, 'generation': 374}","{'id': 29242, 'rank': 16, 'fitness': 0.952437344647536, 'generation': 374}","{'id': 29329, 'rank': 17, 'fitness': 0.9505442177518361, 'generation': 374}","{'id': 29286, 'rank': 18, 'fitness': 0.9425334710588777, 'generation': 374}","{'id': 29302, 'rank': 19, 'fitness': 0.9395070073330435, 'generation': 374}","{'id': 29325, 'rank': 20, 'fitness': 0.9388262413259804, 'generation': 374}","{'id': 29325, 'rank': 21, 'fitness': 0.9388262413259804, 'generation': 374}","{'id': 29273, 'rank': 22, 'fitness': 0.9213046111857728, 'generation': 374}","{'id': 29192, 'rank': 23, 'fitness': 0.921303996869729, 'generation': 374}","{'id': 29315, 'rank': 24, 'fitness': 0.9074248236380547, 'generation': 374}","{'id': 29158, 'rank': 25, 'fitness': 0.900688474543167, 'generation': 374}","{'id': 29305, 'rank': 26, 'fitness': 0.8942161833864197, 'generation': 374}","{'id': 29266, 'rank': 27, 'fitness': 0.8640163644552863, 'generation': 374}","{'id': 29266, 'rank': 28, 'fitness': 0.8640163644552863, 'generation': 374}","{'id': 29307, 'rank': 29, 'fitness': 0.8061174132769846, 'generation': 374}","{'id': 29224, 'rank': 30, 'fitness': 0.01798620996209155, 'generation': 374}"
"{'id': 29300, 'rank': 1, 'fitness': 0.9820137900379085, 'generation': 375}","{'id': 29172, 'rank': 2, 'fitness': 0.9807279141403429, 'generation': 375}","{'id': 29340, 'rank': 3, 'fitness': 0.980724766162018, 'generation': 375}","{'id': 29337, 'rank': 4, 'fitness': 0.9806274087519335, 'generation': 375}","{'id': 29378, 'rank': 5, 'fitness': 0.9799429546123978, 'generation': 375}","{'id': 29250, 'rank': 6, 'fitness': 0.976419021881255, 'generation': 375}","{'id': 29250, 'rank': 7, 'fitness': 0.976419021881255, 'generation': 375}","{'id': 29398, 'rank': 8, 'fitness': 0.9761620330710135, 'generation': 375}","{'id': 29336, 'rank': 9, 'fitness': 0.9757855377094375, 'generation': 375}","{'id': 28946, 'rank': 10, 'fitness': 0.9749914590117628, 'generation': 375}","{'id': 28946, 'rank': 11, 'fitness': 0.9749914590117628, 'generation': 375}","{'id': 29289, 'rank': 12, 'fitness': 0.9721058590661031, 'generation': 375}","{'id': 29351, 'rank': 13, 'fitness': 0.9708129148581673, 'generation': 375}","{'id': 29407, 'rank': 14, 'fitness': 0.9704161502063424, 'generation': 375}","{'id': 29407, 'rank': 15, 'fitness': 0.9704161502063424, 'generation': 375}","{'id': 29399, 'rank': 16, 'fitness': 0.9696377999837679, 'generation': 375}","{'id': 29399, 'rank': 17, 'fitness': 0.9696377999837679, 'generation': 375}","{'id': 29256, 'rank': 18, 'fitness': 0.9692087107168945, 'generation': 375}","{'id': 29363, 'rank': 19, 'fitness': 0.9626557289691033, 'generation': 375}","{'id': 29242, 'rank': 20, 'fitness': 0.9581448336363535, 'generation': 375}","{'id': 29366, 'rank': 21, 'fitness': 0.9521547846249231, 'generation': 375}","{'id': 29325, 'rank': 22, 'fitness': 0.9467881499064916, 'generation': 375}","{'id': 29348, 'rank': 23, 'fitness': 0.9375826966356438, 'generation': 375}","{'id': 29341, 'rank': 24, 'fitness': 0.9189464256528557, 'generation': 375}","{'id': 29405, 'rank': 25, 'fitness': 0.9173358834049455, 'generation': 375}","{'id': 29374, 'rank': 26, 'fitness': 0.915631844278677, 'generation': 375}","{'id': 29158, 'rank': 27, 'fitness': 0.9153364257103211, 'generation': 375}","{'id': 29342, 'rank': 28, 'fitness': 0.8854142958748618, 'generation': 375}","{'id': 29354, 'rank': 29, 'fitness': 0.0237950794978804, 'generation': 375}","{'id': 29377, 'rank': 30, 'fitness': 0.01798620996209155, 'generation': 375}"
"{'id': 29463, 'rank': 1, 'fitness': 0.9820137900379085, 'generation': 376}","{'id': 29475, 'rank': 2, 'fitness': 0.9810729787638022, 'generation': 376}","{'id': 29475, 'rank': 3, 'fitness': 0.9810729787638022, 'generation': 376}","{'id': 29468, 'rank': 4, 'fitness': 0.9795638225582486, 'generation': 376}","{'id': 29300, 'rank': 5, 'fitness': 0.9785947565331263, 'generation': 376}","{'id': 29172, 'rank': 6, 'fitness': 0.9729475760658769, 'generation': 376}","{'id': 29172, 'rank': 7, 'fitness': 0.9729475760658769, 'generation': 376}","{'id': 29378, 'rank': 8, 'fitness': 0.9690424500220705, 'generation': 376}","{'id': 29250, 'rank': 9, 'fitness': 0.9468229241404036, 'generation': 376}","{'id': 28946, 'rank': 10, 'fitness': 0.935479312539503, 'generation': 376}","{'id': 29473, 'rank': 11, 'fitness': 0.9254861503869222, 'generation': 376}","{'id': 29473, 'rank': 12, 'fitness': 0.9254861503869222, 'generation': 376}","{'id': 29433, 'rank': 13, 'fitness': 0.9214694391152727, 'generation': 376}","{'id': 29433, 'rank': 14, 'fitness': 0.9214694391152727, 'generation': 376}","{'id': 29472, 'rank': 15, 'fitness': 0.9203657207673943, 'generation': 376}","{'id': 29465, 'rank': 16, 'fitness': 0.9154371598809161, 'generation': 376}","{'id': 29289, 'rank': 17, 'fitness': 0.9081797957988611, 'generation': 376}","{'id': 29351, 'rank': 18, 'fitness': 0.8940288602200989, 'generation': 376}","{'id': 29407, 'rank': 19, 'fitness': 0.8894500863968904, 'generation': 376}","{'id': 29410, 'rank': 20, 'fitness': 0.8876386534070455, 'generation': 376}","{'id': 29399, 'rank': 21, 'fitness': 0.8801494584196115, 'generation': 376}","{'id': 29399, 'rank': 22, 'fitness': 0.8801494584196115, 'generation': 376}","{'id': 29499, 'rank': 23, 'fitness': 0.8716506913868367, 'generation': 376}","{'id': 29502, 'rank': 24, 'fitness': 0.6914904397971143, 'generation': 376}","{'id': 29501, 'rank': 25, 'fitness': 0.5764342753719031, 'generation': 376}","{'id': 29501, 'rank': 26, 'fitness': 0.5764342753719031, 'generation': 376}","{'id': 29325, 'rank': 27, 'fitness': 0.49982653220698803, 'generation': 376}","{'id': 29405, 'rank': 28, 'fitness': 0.16651662513521398, 'generation': 376}","{'id': 29447, 'rank': 29, 'fitness': 0.15870627453470104, 'generation': 376}","{'id': 29451, 'rank': 30, 'fitness': 0.01798620996209155, 'generation': 376}"
"{'id': 29463, 'rank': 1, 'fitness': 0.9820137900379085, 'generation': 377}","{'id': 29463, 'rank': 2, 'fitness': 0.9820137900379085, 'generation': 377}","{'id': 29463, 'rank': 3, 'fitness': 0.9820137900379085, 'generation': 377}","{'id': 29300, 'rank': 4, 'fitness': 0.9815710970506016, 'generation': 377}","{'id': 29522, 'rank': 5, 'fitness': 0.9792388536330401, 'generation': 377}","{'id': 29250, 'rank': 6, 'fitness': 0.9790342305415695, 'generation': 377}","{'id': 29553, 'rank': 7, 'fitness': 0.978439830873024, 'generation': 377}","{'id': 28946, 'rank': 8, 'fitness': 0.9784378604784412, 'generation': 377}","{'id': 29473, 'rank': 9, 'fitness': 0.9779776824929686, 'generation': 377}","{'id': 29473, 'rank': 10, 'fitness': 0.9779776824929686, 'generation': 377}","{'id': 29473, 'rank': 11, 'fitness': 0.9779776824929686, 'generation': 377}","{'id': 29472, 'rank': 12, 'fitness': 0.9777602788948179, 'generation': 377}","{'id': 29465, 'rank': 13, 'fitness': 0.9775609482281189, 'generation': 377}","{'id': 29465, 'rank': 14, 'fitness': 0.9775609482281189, 'generation': 377}","{'id': 29520, 'rank': 15, 'fitness': 0.9767344107394673, 'generation': 377}","{'id': 29399, 'rank': 16, 'fitness': 0.9763421709526996, 'generation': 377}","{'id': 29555, 'rank': 17, 'fitness': 0.9759304671344716, 'generation': 377}","{'id': 29507, 'rank': 18, 'fitness': 0.9705669572521279, 'generation': 377}","{'id': 29507, 'rank': 19, 'fitness': 0.9705669572521279, 'generation': 377}","{'id': 29501, 'rank': 20, 'fitness': 0.9702563834986508, 'generation': 377}","{'id': 29588, 'rank': 21, 'fitness': 0.947893168294971, 'generation': 377}","{'id': 29579, 'rank': 22, 'fitness': 0.908224457863498, 'generation': 377}","{'id': 29576, 'rank': 23, 'fitness': 0.6675487284702832, 'generation': 377}","{'id': 29577, 'rank': 24, 'fitness': 0.39954264982499427, 'generation': 377}","{'id': 29562, 'rank': 25, 'fitness': 0.2877911232756504, 'generation': 377}","{'id': 29569, 'rank': 26, 'fitness': 0.2749094032517878, 'generation': 377}","{'id': 29540, 'rank': 27, 'fitness': 0.20682533210916226, 'generation': 377}","{'id': 29541, 'rank': 28, 'fitness': 0.1610463862509901, 'generation': 377}","{'id': 29551, 'rank': 29, 'fitness': 0.06841929235405642, 'generation': 377}","{'id': 29561, 'rank': 30, 'fitness': 0.01798620996209155, 'generation': 377}"
"{'id': 29645, 'rank': 1, 'fitness': 0.9820137900379085, 'generation': 378}","{'id': 29463, 'rank': 2, 'fitness': 0.9809220860469611, 'generation': 378}","{'id': 29463, 'rank': 3, 'fitness': 0.9809220860469611, 'generation': 378}","{'id': 29463, 'rank': 4, 'fitness': 0.9809220860469611, 'generation': 378}","{'id': 29463, 'rank': 5, 'fitness': 0.9809220860469611, 'generation': 378}","{'id': 29596, 'rank': 6, 'fitness': 0.9803865056154449, 'generation': 378}","{'id': 29642, 'rank': 7, 'fitness': 0.9768003922988295, 'generation': 378}","{'id': 29639, 'rank': 8, 'fitness': 0.9761217793855386, 'generation': 378}","{'id': 29553, 'rank': 9, 'fitness': 0.9744377343678099, 'generation': 378}","{'id': 29613, 'rank': 10, 'fitness': 0.9734518170083499, 'generation': 378}","{'id': 29613, 'rank': 11, 'fitness': 0.9734518170083499, 'generation': 378}","{'id': 29472, 'rank': 12, 'fitness': 0.973127117978652, 'generation': 378}","{'id': 29643, 'rank': 13, 'fitness': 0.9724968984384812, 'generation': 378}","{'id': 29520, 'rank': 14, 'fitness': 0.9711036188439528, 'generation': 378}","{'id': 29520, 'rank': 15, 'fitness': 0.9711036188439528, 'generation': 378}","{'id': 29520, 'rank': 16, 'fitness': 0.9711036188439528, 'generation': 378}","{'id': 29644, 'rank': 17, 'fitness': 0.9710120963034046, 'generation': 378}","{'id': 29650, 'rank': 18, 'fitness': 0.9692880083304358, 'generation': 378}","{'id': 29621, 'rank': 19, 'fitness': 0.9689824147595708, 'generation': 378}","{'id': 29637, 'rank': 20, 'fitness': 0.9609044556685974, 'generation': 378}","{'id': 29507, 'rank': 21, 'fitness': 0.9578685851161935, 'generation': 378}","{'id': 29634, 'rank': 22, 'fitness': 0.9577809525424885, 'generation': 378}","{'id': 29634, 'rank': 23, 'fitness': 0.9577809525424885, 'generation': 378}","{'id': 29501, 'rank': 24, 'fitness': 0.9571564429235853, 'generation': 378}","{'id': 29616, 'rank': 25, 'fitness': 0.9523471216767705, 'generation': 378}","{'id': 29599, 'rank': 26, 'fitness': 0.9287779051040079, 'generation': 378}","{'id': 29591, 'rank': 27, 'fitness': 0.816546850981889, 'generation': 378}","{'id': 29661, 'rank': 28, 'fitness': 0.7834441855372081, 'generation': 378}","{'id': 29663, 'rank': 29, 'fitness': 0.32129588101562756, 'generation': 378}","{'id': 29562, 'rank': 30, 'fitness': 0.01798620996209155, 'generation': 378}"
"{'id': 29689, 'rank': 1, 'fitness': 0.9820137900379085, 'generation': 379}","{'id': 29689, 'rank': 2, 'fitness': 0.9820137900379085, 'generation': 379}","{'id': 29463, 'rank': 3, 'fitness': 0.9820099637633545, 'generation': 379}","{'id': 29463, 'rank': 4, 'fitness': 0.9820099637633545, 'generation': 379}","{'id': 29463, 'rank': 5, 'fitness': 0.9820099637633545, 'generation': 379}","{'id': 29690, 'rank': 6, 'fitness': 0.9819289162888954, 'generation': 379}","{'id': 29596, 'rank': 7, 'fitness': 0.9818934500046128, 'generation': 379}","{'id': 29673, 'rank': 8, 'fitness': 0.9814646883794982, 'generation': 379}","{'id': 29678, 'rank': 9, 'fitness': 0.9813704469046121, 'generation': 379}","{'id': 29678, 'rank': 10, 'fitness': 0.9813704469046121, 'generation': 379}","{'id': 29642, 'rank': 11, 'fitness': 0.98116925137981, 'generation': 379}","{'id': 29642, 'rank': 12, 'fitness': 0.98116925137981, 'generation': 379}","{'id': 29553, 'rank': 13, 'fitness': 0.9807367781234695, 'generation': 379}","{'id': 29694, 'rank': 14, 'fitness': 0.9806215402873606, 'generation': 379}","{'id': 29694, 'rank': 15, 'fitness': 0.9806215402873606, 'generation': 379}","{'id': 29674, 'rank': 16, 'fitness': 0.9806061440515591, 'generation': 379}","{'id': 29520, 'rank': 17, 'fitness': 0.9801744581034779, 'generation': 379}","{'id': 29650, 'rank': 18, 'fitness': 0.9798882388789956, 'generation': 379}","{'id': 29650, 'rank': 19, 'fitness': 0.9798882388789956, 'generation': 379}","{'id': 29692, 'rank': 20, 'fitness': 0.9798816511611353, 'generation': 379}","{'id': 29672, 'rank': 21, 'fitness': 0.9798660780458526, 'generation': 379}","{'id': 29727, 'rank': 22, 'fitness': 0.9791609763727376, 'generation': 379}","{'id': 29709, 'rank': 23, 'fitness': 0.9788762665621598, 'generation': 379}","{'id': 29684, 'rank': 24, 'fitness': 0.9778203221166013, 'generation': 379}","{'id': 29616, 'rank': 25, 'fitness': 0.9776807442060363, 'generation': 379}","{'id': 29712, 'rank': 26, 'fitness': 0.9767833006727489, 'generation': 379}","{'id': 29712, 'rank': 27, 'fitness': 0.9767833006727489, 'generation': 379}","{'id': 29698, 'rank': 28, 'fitness': 0.9765721385739008, 'generation': 379}","{'id': 29704, 'rank': 29, 'fitness': 0.974285874988214, 'generation': 379}","{'id': 29729, 'rank': 30, 'fitness': 0.01798620996209155, 'generation': 379}"
"{'id': 29689, 'rank': 1, 'fitness': 0.9820137900379085, 'generation': 380}","{'id': 29463, 'rank': 2, 'fitness': 0.9819000275582721, 'generation': 380}","{'id': 29463, 'rank': 3, 'fitness': 0.9819000275582721, 'generation': 380}","{'id': 29815, 'rank': 4, 'fitness': 0.978242149765014, 'generation': 380}","{'id': 29769, 'rank': 5, 'fitness': 0.9585700102529721, 'generation': 380}","{'id': 29673, 'rank': 6, 'fitness': 0.9565608866076346, 'generation': 380}","{'id': 29678, 'rank': 7, 'fitness': 0.9497315311049571, 'generation': 380}","{'id': 29753, 'rank': 8, 'fitness': 0.9388933898254762, 'generation': 380}","{'id': 29757, 'rank': 9, 'fitness': 0.9333323026561883, 'generation': 380}","{'id': 29757, 'rank': 10, 'fitness': 0.9333323026561883, 'generation': 380}","{'id': 29787, 'rank': 11, 'fitness': 0.9331997502010435, 'generation': 380}","{'id': 29809, 'rank': 12, 'fitness': 0.919420436779552, 'generation': 380}","{'id': 29809, 'rank': 13, 'fitness': 0.919420436779552, 'generation': 380}","{'id': 29814, 'rank': 14, 'fitness': 0.9179641149727603, 'generation': 380}","{'id': 29818, 'rank': 15, 'fitness': 0.910806526787151, 'generation': 380}","{'id': 29774, 'rank': 16, 'fitness': 0.8934166060860592, 'generation': 380}","{'id': 29774, 'rank': 17, 'fitness': 0.8934166060860592, 'generation': 380}","{'id': 29553, 'rank': 18, 'fitness': 0.8730432026327217, 'generation': 380}","{'id': 29694, 'rank': 19, 'fitness': 0.851681436999141, 'generation': 380}","{'id': 29802, 'rank': 20, 'fitness': 0.8445986746061187, 'generation': 380}","{'id': 29794, 'rank': 21, 'fitness': 0.7053021384690751, 'generation': 380}","{'id': 29650, 'rank': 22, 'fitness': 0.651275805825111, 'generation': 380}","{'id': 29692, 'rank': 23, 'fitness': 0.649022308270702, 'generation': 380}","{'id': 29766, 'rank': 24, 'fitness': 0.646260745447564, 'generation': 380}","{'id': 29791, 'rank': 25, 'fitness': 0.12894413969056018, 'generation': 380}","{'id': 29752, 'rank': 26, 'fitness': 0.10181843468817187, 'generation': 380}","{'id': 29684, 'rank': 27, 'fitness': 0.08792873447869498, 'generation': 380}","{'id': 29754, 'rank': 28, 'fitness': 0.023793814173920735, 'generation': 380}","{'id': 29712, 'rank': 29, 'fitness': 0.023540800683784446, 'generation': 380}","{'id': 29698, 'rank': 30, 'fitness': 0.01798620996209155, 'generation': 380}"
"{'id': 29689, 'rank': 1, 'fitness': 0.9820137900379085, 'generation': 381}","{'id': 29815, 'rank': 2, 'fitness': 0.981683580846783, 'generation': 381}","{'id': 29815, 'rank': 3, 'fitness': 0.981683580846783, 'generation': 381}","{'id': 29673, 'rank': 4, 'fitness': 0.9804180903117741, 'generation': 381}","{'id': 29753, 'rank': 5, 'fitness': 0.9797479104437286, 'generation': 381}","{'id': 29757, 'rank': 6, 'fitness': 0.9795710340816193, 'generation': 381}","{'id': 29818, 'rank': 7, 'fitness': 0.9789598830266711, 'generation': 381}","{'id': 29774, 'rank': 8, 'fitness': 0.9785684687605802, 'generation': 381}","{'id': 29774, 'rank': 9, 'fitness': 0.9785684687605802, 'generation': 381}","{'id': 29829, 'rank': 10, 'fitness': 0.9785621740526647, 'generation': 381}","{'id': 29890, 'rank': 11, 'fitness': 0.9782298647700719, 'generation': 381}","{'id': 29890, 'rank': 12, 'fitness': 0.9782298647700719, 'generation': 381}","{'id': 29553, 'rank': 13, 'fitness': 0.9781687338836274, 'generation': 381}","{'id': 29802, 'rank': 14, 'fitness': 0.9776842044847365, 'generation': 381}","{'id': 29859, 'rank': 15, 'fitness': 0.9759918804916891, 'generation': 381}","{'id': 29692, 'rank': 16, 'fitness': 0.9753263882416167, 'generation': 381}","{'id': 29766, 'rank': 17, 'fitness': 0.9752985899309882, 'generation': 381}","{'id': 29766, 'rank': 18, 'fitness': 0.9752985899309882, 'generation': 381}","{'id': 29891, 'rank': 19, 'fitness': 0.9748223125176594, 'generation': 381}","{'id': 29893, 'rank': 20, 'fitness': 0.9737659958889978, 'generation': 381}","{'id': 29893, 'rank': 21, 'fitness': 0.9737659958889978, 'generation': 381}","{'id': 29893, 'rank': 22, 'fitness': 0.9737659958889978, 'generation': 381}","{'id': 29830, 'rank': 23, 'fitness': 0.9717941601379603, 'generation': 381}","{'id': 29830, 'rank': 24, 'fitness': 0.9717941601379603, 'generation': 381}","{'id': 29856, 'rank': 25, 'fitness': 0.966660193511583, 'generation': 381}","{'id': 29842, 'rank': 26, 'fitness': 0.8983959988075736, 'generation': 381}","{'id': 29842, 'rank': 27, 'fitness': 0.8983959988075736, 'generation': 381}","{'id': 29824, 'rank': 28, 'fitness': 0.7331483596129091, 'generation': 381}","{'id': 29884, 'rank': 29, 'fitness': 0.6199091242562378, 'generation': 381}","{'id': 29866, 'rank': 30, 'fitness': 0.01798620996209155, 'generation': 381}"
"{'id': 29909, 'rank': 1, 'fitness': 0.9820137900379085, 'generation': 382}","{'id': 29924, 'rank': 2, 'fitness': 0.9753097580585397, 'generation': 382}","{'id': 29815, 'rank': 3, 'fitness': 0.9725494586196943, 'generation': 382}","{'id': 29815, 'rank': 4, 'fitness': 0.9725494586196943, 'generation': 382}","{'id': 29815, 'rank': 5, 'fitness': 0.9725494586196943, 'generation': 382}","{'id': 29673, 'rank': 6, 'fitness': 0.9637902817762836, 'generation': 382}","{'id': 29934, 'rank': 7, 'fitness': 0.9594626016237726, 'generation': 382}","{'id': 29934, 'rank': 8, 'fitness': 0.9594626016237726, 'generation': 382}","{'id': 29959, 'rank': 9, 'fitness': 0.9537534677564465, 'generation': 382}","{'id': 29962, 'rank': 10, 'fitness': 0.950733943649388, 'generation': 382}","{'id': 29553, 'rank': 11, 'fitness': 0.9434939524648134, 'generation': 382}","{'id': 29802, 'rank': 12, 'fitness': 0.9382528987504567, 'generation': 382}","{'id': 29766, 'rank': 13, 'fitness': 0.9075576918518014, 'generation': 382}","{'id': 29903, 'rank': 14, 'fitness': 0.9069495488411123, 'generation': 382}","{'id': 29903, 'rank': 15, 'fitness': 0.9069495488411123, 'generation': 382}","{'id': 29978, 'rank': 16, 'fitness': 0.90626841264457, 'generation': 382}","{'id': 29891, 'rank': 17, 'fitness': 0.9004214961735214, 'generation': 382}","{'id': 29930, 'rank': 18, 'fitness': 0.8827562302814143, 'generation': 382}","{'id': 29830, 'rank': 19, 'fitness': 0.8470815978773877, 'generation': 382}","{'id': 29974, 'rank': 20, 'fitness': 0.8460397177680339, 'generation': 382}","{'id': 29945, 'rank': 21, 'fitness': 0.8357427725336539, 'generation': 382}","{'id': 29938, 'rank': 22, 'fitness': 0.8343977218948115, 'generation': 382}","{'id': 29971, 'rank': 23, 'fitness': 0.7835995312739745, 'generation': 382}","{'id': 29961, 'rank': 24, 'fitness': 0.7395320710666822, 'generation': 382}","{'id': 29944, 'rank': 25, 'fitness': 0.7183481162723722, 'generation': 382}","{'id': 29920, 'rank': 26, 'fitness': 0.5143676886833798, 'generation': 382}","{'id': 29952, 'rank': 27, 'fitness': 0.48366574056015027, 'generation': 382}","{'id': 29956, 'rank': 28, 'fitness': 0.4087427904152782, 'generation': 382}","{'id': 29954, 'rank': 29, 'fitness': 0.03704347621572468, 'generation': 382}","{'id': 29842, 'rank': 30, 'fitness': 0.01798620996209155, 'generation': 382}"
"{'id': 29909, 'rank': 1, 'fitness': 0.9820137900379085, 'generation': 383}","{'id': 30034, 'rank': 2, 'fitness': 0.981944849479945, 'generation': 383}","{'id': 29934, 'rank': 3, 'fitness': 0.9818255635156459, 'generation': 383}","{'id': 29934, 'rank': 4, 'fitness': 0.9818255635156459, 'generation': 383}","{'id': 29934, 'rank': 5, 'fitness': 0.9818255635156459, 'generation': 383}","{'id': 29962, 'rank': 6, 'fitness': 0.9817792978530637, 'generation': 383}","{'id': 29802, 'rank': 7, 'fitness': 0.9817249812323103, 'generation': 383}","{'id': 30036, 'rank': 8, 'fitness': 0.9816466389994174, 'generation': 383}","{'id': 30036, 'rank': 9, 'fitness': 0.9816466389994174, 'generation': 383}","{'id': 29903, 'rank': 10, 'fitness': 0.9816236578567593, 'generation': 383}","{'id': 29978, 'rank': 11, 'fitness': 0.9816218170452178, 'generation': 383}","{'id': 30018, 'rank': 12, 'fitness': 0.9815322883609194, 'generation': 383}","{'id': 30018, 'rank': 13, 'fitness': 0.9815322883609194, 'generation': 383}","{'id': 30035, 'rank': 14, 'fitness': 0.9812508802762534, 'generation': 383}","{'id': 29952, 'rank': 15, 'fitness': 0.9810799721316228, 'generation': 383}","{'id': 30008, 'rank': 16, 'fitness': 0.9810154370914068, 'generation': 383}","{'id': 30008, 'rank': 17, 'fitness': 0.9810154370914068, 'generation': 383}","{'id': 30008, 'rank': 18, 'fitness': 0.9810154370914068, 'generation': 383}","{'id': 30008, 'rank': 19, 'fitness': 0.9810154370914068, 'generation': 383}","{'id': 30021, 'rank': 20, 'fitness': 0.9810082000062219, 'generation': 383}","{'id': 30043, 'rank': 21, 'fitness': 0.9806721217052481, 'generation': 383}","{'id': 30043, 'rank': 22, 'fitness': 0.9806721217052481, 'generation': 383}","{'id': 29842, 'rank': 23, 'fitness': 0.9801309707612758, 'generation': 383}","{'id': 30003, 'rank': 24, 'fitness': 0.9799646352679188, 'generation': 383}","{'id': 30000, 'rank': 25, 'fitness': 0.9788102954603732, 'generation': 383}","{'id': 30040, 'rank': 26, 'fitness': 0.9746935586806232, 'generation': 383}","{'id': 30045, 'rank': 27, 'fitness': 0.9730475587607093, 'generation': 383}","{'id': 30045, 'rank': 28, 'fitness': 0.9730475587607093, 'generation': 383}","{'id': 29997, 'rank': 29, 'fitness': 0.9630765338446842, 'generation': 383}","{'id': 29992, 'rank': 30, 'fitness': 0.01798620996209155, 'generation': 383}"
"{'id': 29909, 'rank': 1, 'fitness': 0.9820137900379085, 'generation': 384}","{'id': 30034, 'rank': 2, 'fitness': 0.9765617680929319, 'generation': 384}","{'id': 30075, 'rank': 3, 'fitness': 0.9633986706054931, 'generation': 384}","{'id': 30075, 'rank': 4, 'fitness': 0.9633986706054931, 'generation': 384}","{'id': 30075, 'rank': 5, 'fitness': 0.9633986706054931, 'generation': 384}","{'id': 29934, 'rank': 6, 'fitness': 0.9631838735851733, 'generation': 384}","{'id': 29962, 'rank': 7, 'fitness': 0.9562539469658747, 'generation': 384}","{'id': 30117, 'rank': 8, 'fitness': 0.9521061984031861, 'generation': 384}","{'id': 30118, 'rank': 9, 'fitness': 0.9509092538276374, 'generation': 384}","{'id': 30119, 'rank': 10, 'fitness': 0.9432203899175655, 'generation': 384}","{'id': 30100, 'rank': 11, 'fitness': 0.9384705803731358, 'generation': 384}","{'id': 30108, 'rank': 12, 'fitness': 0.9321013463016152, 'generation': 384}","{'id': 29978, 'rank': 13, 'fitness': 0.9224662692774089, 'generation': 384}","{'id': 30114, 'rank': 14, 'fitness': 0.823521937693791, 'generation': 384}","{'id': 30047, 'rank': 15, 'fitness': 0.8125282925007361, 'generation': 384}","{'id': 30066, 'rank': 16, 'fitness': 0.8069703865869968, 'generation': 384}","{'id': 30051, 'rank': 17, 'fitness': 0.8067773688280508, 'generation': 384}","{'id': 30035, 'rank': 18, 'fitness': 0.7433653219444514, 'generation': 384}","{'id': 30069, 'rank': 19, 'fitness': 0.6065485183414903, 'generation': 384}","{'id': 29952, 'rank': 20, 'fitness': 0.6039118127108629, 'generation': 384}","{'id': 30008, 'rank': 21, 'fitness': 0.5451135898590065, 'generation': 384}","{'id': 30008, 'rank': 22, 'fitness': 0.5451135898590065, 'generation': 384}","{'id': 30008, 'rank': 23, 'fitness': 0.5451135898590065, 'generation': 384}","{'id': 30008, 'rank': 24, 'fitness': 0.5451135898590065, 'generation': 384}","{'id': 30008, 'rank': 25, 'fitness': 0.5451135898590065, 'generation': 384}","{'id': 30021, 'rank': 26, 'fitness': 0.5384210413299523, 'generation': 384}","{'id': 30068, 'rank': 27, 'fitness': 0.5047293199741941, 'generation': 384}","{'id': 30072, 'rank': 28, 'fitness': 0.18167289487366506, 'generation': 384}","{'id': 30129, 'rank': 29, 'fitness': 0.06379459194568854, 'generation': 384}","{'id': 30079, 'rank': 30, 'fitness': 0.01798620996209155, 'generation': 384}"
"{'id': 30075, 'rank': 1, 'fitness': 0.9820137900379085, 'generation': 385}","{'id': 30117, 'rank': 2, 'fitness': 0.9819555096531717, 'generation': 385}","{'id': 30118, 'rank': 3, 'fitness': 0.9819501138605177, 'generation': 385}","{'id': 30118, 'rank': 4, 'fitness': 0.9819501138605177, 'generation': 385}","{'id': 30108, 'rank': 5, 'fitness': 0.9818783475490338, 'generation': 385}","{'id': 30047, 'rank': 6, 'fitness': 0.9816360062719176, 'generation': 385}","{'id': 30035, 'rank': 7, 'fitness': 0.9815505497639896, 'generation': 385}","{'id': 30035, 'rank': 8, 'fitness': 0.9815505497639896, 'generation': 385}","{'id': 30160, 'rank': 9, 'fitness': 0.9814953463651654, 'generation': 385}","{'id': 30069, 'rank': 10, 'fitness': 0.9814160202419344, 'generation': 385}","{'id': 29952, 'rank': 11, 'fitness': 0.9814136577939852, 'generation': 385}","{'id': 30008, 'rank': 12, 'fitness': 0.9813620257374316, 'generation': 385}","{'id': 30008, 'rank': 13, 'fitness': 0.9813620257374316, 'generation': 385}","{'id': 30008, 'rank': 14, 'fitness': 0.9813620257374316, 'generation': 385}","{'id': 30021, 'rank': 15, 'fitness': 0.9813562376056016, 'generation': 385}","{'id': 30141, 'rank': 16, 'fitness': 0.9813272115983492, 'generation': 385}","{'id': 30188, 'rank': 17, 'fitness': 0.9812977402593822, 'generation': 385}","{'id': 30144, 'rank': 18, 'fitness': 0.981210778665929, 'generation': 385}","{'id': 30072, 'rank': 19, 'fitness': 0.9809966220438684, 'generation': 385}","{'id': 30072, 'rank': 20, 'fitness': 0.9809966220438684, 'generation': 385}","{'id': 30072, 'rank': 21, 'fitness': 0.9809966220438684, 'generation': 385}","{'id': 30175, 'rank': 22, 'fitness': 0.9809655256181565, 'generation': 385}","{'id': 30079, 'rank': 23, 'fitness': 0.980442974643334, 'generation': 385}","{'id': 30147, 'rank': 24, 'fitness': 0.9803113751859764, 'generation': 385}","{'id': 30191, 'rank': 25, 'fitness': 0.9802474284063096, 'generation': 385}","{'id': 30189, 'rank': 26, 'fitness': 0.9801601331806828, 'generation': 385}","{'id': 30146, 'rank': 27, 'fitness': 0.9801238945694142, 'generation': 385}","{'id': 30201, 'rank': 28, 'fitness': 0.9424303067059194, 'generation': 385}","{'id': 30177, 'rank': 29, 'fitness': 0.13895723720180025, 'generation': 385}","{'id': 30197, 'rank': 30, 'fitness': 0.01798620996209155, 'generation': 385}"
"{'id': 30075, 'rank': 1, 'fitness': 0.9820137900379085, 'generation': 386}","{'id': 30245, 'rank': 2, 'fitness': 0.9790979561243667, 'generation': 386}","{'id': 30261, 'rank': 3, 'fitness': 0.9651441442579769, 'generation': 386}","{'id': 30277, 'rank': 4, 'fitness': 0.9623053022894867, 'generation': 386}","{'id': 30246, 'rank': 5, 'fitness': 0.9608038731089642, 'generation': 386}","{'id': 30263, 'rank': 6, 'fitness': 0.9514001836433589, 'generation': 386}","{'id': 30216, 'rank': 7, 'fitness': 0.9339702255571918, 'generation': 386}","{'id': 30216, 'rank': 8, 'fitness': 0.9339702255571918, 'generation': 386}","{'id': 30280, 'rank': 9, 'fitness': 0.9317812157163563, 'generation': 386}","{'id': 30227, 'rank': 10, 'fitness': 0.9289398014436058, 'generation': 386}","{'id': 30256, 'rank': 11, 'fitness': 0.9132591738795541, 'generation': 386}","{'id': 30035, 'rank': 12, 'fitness': 0.8943981207757026, 'generation': 386}","{'id': 30272, 'rank': 13, 'fitness': 0.8906369384558287, 'generation': 386}","{'id': 30160, 'rank': 14, 'fitness': 0.8718562057413337, 'generation': 386}","{'id': 30069, 'rank': 15, 'fitness': 0.832561091946109, 'generation': 386}","{'id': 30254, 'rank': 16, 'fitness': 0.7916908512552421, 'generation': 386}","{'id': 30141, 'rank': 17, 'fitness': 0.7780560337729236, 'generation': 386}","{'id': 30236, 'rank': 18, 'fitness': 0.7164137482858883, 'generation': 386}","{'id': 30144, 'rank': 19, 'fitness': 0.6896756794295471, 'generation': 386}","{'id': 30144, 'rank': 20, 'fitness': 0.6896756794295471, 'generation': 386}","{'id': 30228, 'rank': 21, 'fitness': 0.684677971576962, 'generation': 386}","{'id': 30271, 'rank': 22, 'fitness': 0.5663420142674024, 'generation': 386}","{'id': 30285, 'rank': 23, 'fitness': 0.558221120231673, 'generation': 386}","{'id': 30269, 'rank': 24, 'fitness': 0.5286041160774575, 'generation': 386}","{'id': 30270, 'rank': 25, 'fitness': 0.5119013867782803, 'generation': 386}","{'id': 30270, 'rank': 26, 'fitness': 0.5119013867782803, 'generation': 386}","{'id': 30241, 'rank': 27, 'fitness': 0.20220925740743295, 'generation': 386}","{'id': 30212, 'rank': 28, 'fitness': 0.06493917515955572, 'generation': 386}","{'id': 30274, 'rank': 29, 'fitness': 0.03707849671666352, 'generation': 386}","{'id': 30240, 'rank': 30, 'fitness': 0.01798620996209155, 'generation': 386}"
"{'id': 30075, 'rank': 1, 'fitness': 0.9820137900379085, 'generation': 387}","{'id': 30246, 'rank': 2, 'fitness': 0.9814702806384823, 'generation': 387}","{'id': 30246, 'rank': 3, 'fitness': 0.9814702806384823, 'generation': 387}","{'id': 30263, 'rank': 4, 'fitness': 0.9813147793895785, 'generation': 387}","{'id': 30256, 'rank': 5, 'fitness': 0.9808792374463919, 'generation': 387}","{'id': 30348, 'rank': 6, 'fitness': 0.9808292182586645, 'generation': 387}","{'id': 30272, 'rank': 7, 'fitness': 0.9806959799191437, 'generation': 387}","{'id': 30272, 'rank': 8, 'fitness': 0.9806959799191437, 'generation': 387}","{'id': 30330, 'rank': 9, 'fitness': 0.9801389370265003, 'generation': 387}","{'id': 30228, 'rank': 10, 'fitness': 0.9797251808203459, 'generation': 387}","{'id': 30285, 'rank': 11, 'fitness': 0.9793139136550206, 'generation': 387}","{'id': 30269, 'rank': 12, 'fitness': 0.9792221180839826, 'generation': 387}","{'id': 30302, 'rank': 13, 'fitness': 0.9789258676724797, 'generation': 387}","{'id': 30352, 'rank': 14, 'fitness': 0.9787495073808523, 'generation': 387}","{'id': 30346, 'rank': 15, 'fitness': 0.9778618104813184, 'generation': 387}","{'id': 30212, 'rank': 16, 'fitness': 0.9769672229192214, 'generation': 387}","{'id': 30344, 'rank': 17, 'fitness': 0.9769491651290977, 'generation': 387}","{'id': 30345, 'rank': 18, 'fitness': 0.9765140539390637, 'generation': 387}","{'id': 30274, 'rank': 19, 'fitness': 0.9764592911660159, 'generation': 387}","{'id': 30240, 'rank': 20, 'fitness': 0.9758037591091471, 'generation': 387}","{'id': 30305, 'rank': 21, 'fitness': 0.9755691892268905, 'generation': 387}","{'id': 30305, 'rank': 22, 'fitness': 0.9755691892268905, 'generation': 387}","{'id': 30308, 'rank': 23, 'fitness': 0.9707332599590928, 'generation': 387}","{'id': 30335, 'rank': 24, 'fitness': 0.9513901202727868, 'generation': 387}","{'id': 30339, 'rank': 25, 'fitness': 0.9425218920049596, 'generation': 387}","{'id': 30341, 'rank': 26, 'fitness': 0.7931139311051496, 'generation': 387}","{'id': 30358, 'rank': 27, 'fitness': 0.7334681584076506, 'generation': 387}","{'id': 30323, 'rank': 28, 'fitness': 0.06971762991053171, 'generation': 387}","{'id': 30321, 'rank': 29, 'fitness': 0.01798620996209155, 'generation': 387}","{'id': 30321, 'rank': 30, 'fitness': 0.01798620996209155, 'generation': 387}"
"{'id': 30075, 'rank': 1, 'fitness': 0.9820137900379085, 'generation': 388}","{'id': 30246, 'rank': 2, 'fitness': 0.9814825300500023, 'generation': 388}","{'id': 30382, 'rank': 3, 'fitness': 0.9813628620025494, 'generation': 388}","{'id': 30263, 'rank': 4, 'fitness': 0.9813305963157437, 'generation': 388}","{'id': 30422, 'rank': 5, 'fitness': 0.9810595958527376, 'generation': 388}","{'id': 30256, 'rank': 6, 'fitness': 0.9809051922785779, 'generation': 388}","{'id': 30383, 'rank': 7, 'fitness': 0.9807831342797423, 'generation': 388}","{'id': 30376, 'rank': 8, 'fitness': 0.9805422301590497, 'generation': 388}","{'id': 30406, 'rank': 9, 'fitness': 0.9804120938483025, 'generation': 388}","{'id': 30434, 'rank': 10, 'fitness': 0.9801381235565749, 'generation': 388}","{'id': 30394, 'rank': 11, 'fitness': 0.9799153154864063, 'generation': 388}","{'id': 30438, 'rank': 12, 'fitness': 0.9795290082168354, 'generation': 388}","{'id': 30407, 'rank': 13, 'fitness': 0.9795193376691702, 'generation': 388}","{'id': 30395, 'rank': 14, 'fitness': 0.9794893544358485, 'generation': 388}","{'id': 30395, 'rank': 15, 'fitness': 0.9794893544358485, 'generation': 388}","{'id': 30439, 'rank': 16, 'fitness': 0.9794413326876485, 'generation': 388}","{'id': 30285, 'rank': 17, 'fitness': 0.9793780064617326, 'generation': 388}","{'id': 30352, 'rank': 18, 'fitness': 0.9788279752044566, 'generation': 388}","{'id': 30447, 'rank': 19, 'fitness': 0.9781467954457748, 'generation': 388}","{'id': 30424, 'rank': 20, 'fitness': 0.9775454379849402, 'generation': 388}","{'id': 30274, 'rank': 21, 'fitness': 0.9765992324554965, 'generation': 388}","{'id': 30403, 'rank': 22, 'fitness': 0.9759759313349848, 'generation': 388}","{'id': 30381, 'rank': 23, 'fitness': 0.9755334598774206, 'generation': 388}","{'id': 30386, 'rank': 24, 'fitness': 0.9754677462498456, 'generation': 388}","{'id': 30386, 'rank': 25, 'fitness': 0.9754677462498456, 'generation': 388}","{'id': 30401, 'rank': 26, 'fitness': 0.9753385329166366, 'generation': 388}","{'id': 30367, 'rank': 27, 'fitness': 0.9749296788135443, 'generation': 388}","{'id': 30358, 'rank': 28, 'fitness': 0.7462429488197104, 'generation': 388}","{'id': 30321, 'rank': 29, 'fitness': 0.021410112045237184, 'generation': 388}","{'id': 30399, 'rank': 30, 'fitness': 0.01798620996209155, 'generation': 388}"
"{'id': 30529, 'rank': 1, 'fitness': 0.9820137900379085, 'generation': 389}","{'id': 30246, 'rank': 2, 'fitness': 0.9677225993941797, 'generation': 389}","{'id': 30483, 'rank': 3, 'fitness': 0.9672045195640151, 'generation': 389}","{'id': 30382, 'rank': 4, 'fitness': 0.9621189199512978, 'generation': 389}","{'id': 30513, 'rank': 5, 'fitness': 0.9568166916801388, 'generation': 389}","{'id': 30502, 'rank': 6, 'fitness': 0.9519613398750464, 'generation': 389}","{'id': 30526, 'rank': 7, 'fitness': 0.9326703666860163, 'generation': 389}","{'id': 30523, 'rank': 8, 'fitness': 0.9325858008497789, 'generation': 389}","{'id': 30256, 'rank': 9, 'fitness': 0.931485153842813, 'generation': 389}","{'id': 30256, 'rank': 10, 'fitness': 0.931485153842813, 'generation': 389}","{'id': 30496, 'rank': 11, 'fitness': 0.8838985401172779, 'generation': 389}","{'id': 30496, 'rank': 12, 'fitness': 0.8838985401172779, 'generation': 389}","{'id': 30456, 'rank': 13, 'fitness': 0.8790956195917813, 'generation': 389}","{'id': 30530, 'rank': 14, 'fitness': 0.8743911657568122, 'generation': 389}","{'id': 30463, 'rank': 15, 'fitness': 0.8065191119979189, 'generation': 389}","{'id': 30532, 'rank': 16, 'fitness': 0.7982468605348207, 'generation': 389}","{'id': 30522, 'rank': 17, 'fitness': 0.7911493209453027, 'generation': 389}","{'id': 30458, 'rank': 18, 'fitness': 0.7898609672063335, 'generation': 389}","{'id': 30488, 'rank': 19, 'fitness': 0.722953139984045, 'generation': 389}","{'id': 30407, 'rank': 20, 'fitness': 0.6906455444918614, 'generation': 389}","{'id': 30395, 'rank': 21, 'fitness': 0.6825230208775166, 'generation': 389}","{'id': 30395, 'rank': 22, 'fitness': 0.6825230208775166, 'generation': 389}","{'id': 30460, 'rank': 23, 'fitness': 0.5958240144976361, 'generation': 389}","{'id': 30460, 'rank': 24, 'fitness': 0.5958240144976361, 'generation': 389}","{'id': 30460, 'rank': 25, 'fitness': 0.5958240144976361, 'generation': 389}","{'id': 30510, 'rank': 26, 'fitness': 0.1953586228432586, 'generation': 389}","{'id': 30403, 'rank': 27, 'fitness': 0.03483580377312101, 'generation': 389}","{'id': 30477, 'rank': 28, 'fitness': 0.02416137004232488, 'generation': 389}","{'id': 30386, 'rank': 29, 'fitness': 0.020555080293148786, 'generation': 389}","{'id': 30401, 'rank': 30, 'fitness': 0.01798620996209155, 'generation': 389}"
"{'id': 30587, 'rank': 1, 'fitness': 0.9820137900379085, 'generation': 390}","{'id': 30246, 'rank': 2, 'fitness': 0.9786685556775487, 'generation': 390}","{'id': 30502, 'rank': 3, 'fitness': 0.9765698176076513, 'generation': 390}","{'id': 30502, 'rank': 4, 'fitness': 0.9765698176076513, 'generation': 390}","{'id': 30526, 'rank': 5, 'fitness': 0.9745934205303756, 'generation': 390}","{'id': 30256, 'rank': 6, 'fitness': 0.9744857323770337, 'generation': 390}","{'id': 30586, 'rank': 7, 'fitness': 0.9734452909268408, 'generation': 390}","{'id': 30588, 'rank': 8, 'fitness': 0.972755034804454, 'generation': 390}","{'id': 30588, 'rank': 9, 'fitness': 0.972755034804454, 'generation': 390}","{'id': 30538, 'rank': 10, 'fitness': 0.9724517711727677, 'generation': 390}","{'id': 30538, 'rank': 11, 'fitness': 0.9724517711727677, 'generation': 390}","{'id': 30496, 'rank': 12, 'fitness': 0.9709215314171158, 'generation': 390}","{'id': 30496, 'rank': 13, 'fitness': 0.9709215314171158, 'generation': 390}","{'id': 30456, 'rank': 14, 'fitness': 0.9706190447505934, 'generation': 390}","{'id': 30530, 'rank': 15, 'fitness': 0.9703298351458998, 'generation': 390}","{'id': 30530, 'rank': 16, 'fitness': 0.9703298351458998, 'generation': 390}","{'id': 30463, 'rank': 17, 'fitness': 0.966709067441949, 'generation': 390}","{'id': 30463, 'rank': 18, 'fitness': 0.966709067441949, 'generation': 390}","{'id': 30407, 'rank': 19, 'fitness': 0.9617223080040793, 'generation': 390}","{'id': 30537, 'rank': 20, 'fitness': 0.9589655526414951, 'generation': 390}","{'id': 30460, 'rank': 21, 'fitness': 0.9580186081075359, 'generation': 390}","{'id': 30460, 'rank': 22, 'fitness': 0.9580186081075359, 'generation': 390}","{'id': 30548, 'rank': 23, 'fitness': 0.9550185717789701, 'generation': 390}","{'id': 30510, 'rank': 24, 'fitness': 0.9375853520618881, 'generation': 390}","{'id': 30386, 'rank': 25, 'fitness': 0.8949118336108292, 'generation': 390}","{'id': 30386, 'rank': 26, 'fitness': 0.8949118336108292, 'generation': 390}","{'id': 30545, 'rank': 27, 'fitness': 0.8234985950402397, 'generation': 390}","{'id': 30566, 'rank': 28, 'fitness': 0.7957931257218518, 'generation': 390}","{'id': 30572, 'rank': 29, 'fitness': 0.6134402446263225, 'generation': 390}","{'id': 30593, 'rank': 30, 'fitness': 0.01798620996209155, 'generation': 390}"
"{'id': 30587, 'rank': 1, 'fitness': 0.9820137900379085, 'generation': 391}","{'id': 30587, 'rank': 2, 'fitness': 0.9820137900379085, 'generation': 391}","{'id': 30623, 'rank': 3, 'fitness': 0.9743300114452245, 'generation': 391}","{'id': 30623, 'rank': 4, 'fitness': 0.9743300114452245, 'generation': 391}","{'id': 30619, 'rank': 5, 'fitness': 0.9731217477840548, 'generation': 391}","{'id': 30674, 'rank': 6, 'fitness': 0.9682474631840355, 'generation': 391}","{'id': 30653, 'rank': 7, 'fitness': 0.966471370385099, 'generation': 391}","{'id': 30588, 'rank': 8, 'fitness': 0.9543338518315019, 'generation': 391}","{'id': 30663, 'rank': 9, 'fitness': 0.9401463390019058, 'generation': 391}","{'id': 30680, 'rank': 10, 'fitness': 0.9291069078258798, 'generation': 391}","{'id': 30463, 'rank': 11, 'fitness': 0.9290647674157277, 'generation': 391}","{'id': 30463, 'rank': 12, 'fitness': 0.9290647674157277, 'generation': 391}","{'id': 30645, 'rank': 13, 'fitness': 0.9078403987656203, 'generation': 391}","{'id': 30688, 'rank': 14, 'fitness': 0.9075473286923242, 'generation': 391}","{'id': 30650, 'rank': 15, 'fitness': 0.9017761834447074, 'generation': 391}","{'id': 30640, 'rank': 16, 'fitness': 0.8906433916278632, 'generation': 391}","{'id': 30537, 'rank': 17, 'fitness': 0.8890805954145984, 'generation': 391}","{'id': 30537, 'rank': 18, 'fitness': 0.8890805954145984, 'generation': 391}","{'id': 30629, 'rank': 19, 'fitness': 0.8714381459632752, 'generation': 391}","{'id': 30642, 'rank': 20, 'fitness': 0.8714007506725656, 'generation': 391}","{'id': 30670, 'rank': 21, 'fitness': 0.824108067252331, 'generation': 391}","{'id': 30683, 'rank': 22, 'fitness': 0.8041136525585809, 'generation': 391}","{'id': 30671, 'rank': 23, 'fitness': 0.7685844303062643, 'generation': 391}","{'id': 30666, 'rank': 24, 'fitness': 0.7627318829647076, 'generation': 391}","{'id': 30684, 'rank': 25, 'fitness': 0.7586142457069973, 'generation': 391}","{'id': 30677, 'rank': 26, 'fitness': 0.6936969892246228, 'generation': 391}","{'id': 30661, 'rank': 27, 'fitness': 0.6897761359858483, 'generation': 391}","{'id': 30386, 'rank': 28, 'fitness': 0.44987635810107723, 'generation': 391}","{'id': 30545, 'rank': 29, 'fitness': 0.17341463389824363, 'generation': 391}","{'id': 30572, 'rank': 30, 'fitness': 0.01798620996209155, 'generation': 391}"
"{'id': 30587, 'rank': 1, 'fitness': 0.9820137900379085, 'generation': 392}","{'id': 30623, 'rank': 2, 'fitness': 0.981633572896908, 'generation': 392}","{'id': 30729, 'rank': 3, 'fitness': 0.9816281514687617, 'generation': 392}","{'id': 30729, 'rank': 4, 'fitness': 0.9816281514687617, 'generation': 392}","{'id': 30619, 'rank': 5, 'fitness': 0.981583599211986, 'generation': 392}","{'id': 30674, 'rank': 6, 'fitness': 0.9814008457289132, 'generation': 392}","{'id': 30730, 'rank': 7, 'fitness': 0.9810063048349907, 'generation': 392}","{'id': 30663, 'rank': 8, 'fitness': 0.9806777941777896, 'generation': 392}","{'id': 30738, 'rank': 9, 'fitness': 0.9806291368355273, 'generation': 392}","{'id': 30719, 'rank': 10, 'fitness': 0.9806274256474583, 'generation': 392}","{'id': 30463, 'rank': 11, 'fitness': 0.980474964536102, 'generation': 392}","{'id': 30645, 'rank': 12, 'fitness': 0.9801528051448605, 'generation': 392}","{'id': 30688, 'rank': 13, 'fitness': 0.9801488171526032, 'generation': 392}","{'id': 30688, 'rank': 14, 'fitness': 0.9801488171526032, 'generation': 392}","{'id': 30650, 'rank': 15, 'fitness': 0.9800723557732005, 'generation': 392}","{'id': 30701, 'rank': 16, 'fitness': 0.9799413064181157, 'generation': 392}","{'id': 30629, 'rank': 17, 'fitness': 0.9797221420442808, 'generation': 392}","{'id': 30642, 'rank': 18, 'fitness': 0.9797217534823341, 'generation': 392}","{'id': 30671, 'rank': 19, 'fitness': 0.9788747026344106, 'generation': 392}","{'id': 30661, 'rank': 20, 'fitness': 0.9783829199959833, 'generation': 392}","{'id': 30749, 'rank': 21, 'fitness': 0.9778331175282422, 'generation': 392}","{'id': 30703, 'rank': 22, 'fitness': 0.9755429393264814, 'generation': 392}","{'id': 30703, 'rank': 23, 'fitness': 0.9755429393264814, 'generation': 392}","{'id': 30761, 'rank': 24, 'fitness': 0.9732991070604916, 'generation': 392}","{'id': 30705, 'rank': 25, 'fitness': 0.9698219937710053, 'generation': 392}","{'id': 30736, 'rank': 26, 'fitness': 0.9605341743651744, 'generation': 392}","{'id': 30764, 'rank': 27, 'fitness': 0.9563389474046455, 'generation': 392}","{'id': 30757, 'rank': 28, 'fitness': 0.9478943842826314, 'generation': 392}","{'id': 30754, 'rank': 29, 'fitness': 0.945249122137428, 'generation': 392}","{'id': 30693, 'rank': 30, 'fitness': 0.01798620996209155, 'generation': 392}"
"{'id': 30783, 'rank': 1, 'fitness': 0.9820137900379085, 'generation': 393}","{'id': 30807, 'rank': 2, 'fitness': 0.9793513016093031, 'generation': 393}","{'id': 30823, 'rank': 3, 'fitness': 0.9756434383770141, 'generation': 393}","{'id': 30842, 'rank': 4, 'fitness': 0.9751146256010117, 'generation': 393}","{'id': 30854, 'rank': 5, 'fitness': 0.9725367554012514, 'generation': 393}","{'id': 30730, 'rank': 6, 'fitness': 0.9723025473615501, 'generation': 393}","{'id': 30843, 'rank': 7, 'fitness': 0.972185334210735, 'generation': 393}","{'id': 30810, 'rank': 8, 'fitness': 0.9698364474583318, 'generation': 393}","{'id': 30809, 'rank': 9, 'fitness': 0.9697102885307254, 'generation': 393}","{'id': 30809, 'rank': 10, 'fitness': 0.9697102885307254, 'generation': 393}","{'id': 30738, 'rank': 11, 'fitness': 0.9684361728198005, 'generation': 393}","{'id': 30738, 'rank': 12, 'fitness': 0.9684361728198005, 'generation': 393}","{'id': 30738, 'rank': 13, 'fitness': 0.9684361728198005, 'generation': 393}","{'id': 30719, 'rank': 14, 'fitness': 0.9684176727323588, 'generation': 393}","{'id': 30816, 'rank': 15, 'fitness': 0.966837650223801, 'generation': 393}","{'id': 30463, 'rank': 16, 'fitness': 0.9667333456587555, 'generation': 393}","{'id': 30463, 'rank': 17, 'fitness': 0.9667333456587555, 'generation': 393}","{'id': 30645, 'rank': 18, 'fitness': 0.9629323184985563, 'generation': 393}","{'id': 30796, 'rank': 19, 'fitness': 0.9596331503778786, 'generation': 393}","{'id': 30795, 'rank': 20, 'fitness': 0.9591699993706391, 'generation': 393}","{'id': 30793, 'rank': 21, 'fitness': 0.955504326511586, 'generation': 393}","{'id': 30793, 'rank': 22, 'fitness': 0.955504326511586, 'generation': 393}","{'id': 30849, 'rank': 23, 'fitness': 0.9554295298814843, 'generation': 393}","{'id': 30792, 'rank': 24, 'fitness': 0.9510447152319191, 'generation': 393}","{'id': 30789, 'rank': 25, 'fitness': 0.9484713454549321, 'generation': 393}","{'id': 30813, 'rank': 26, 'fitness': 0.9475069489279891, 'generation': 393}","{'id': 30761, 'rank': 27, 'fitness': 0.7716516141973864, 'generation': 393}","{'id': 30838, 'rank': 28, 'fitness': 0.1490906523615778, 'generation': 393}","{'id': 30840, 'rank': 29, 'fitness': 0.05760574604063895, 'generation': 393}","{'id': 30801, 'rank': 30, 'fitness': 0.01798620996209155, 'generation': 393}"
"{'id': 30807, 'rank': 1, 'fitness': 0.9820137900379085, 'generation': 394}","{'id': 30901, 'rank': 2, 'fitness': 0.9702403371144178, 'generation': 394}","{'id': 30730, 'rank': 3, 'fitness': 0.9315183861761971, 'generation': 394}","{'id': 30843, 'rank': 4, 'fitness': 0.9302275590459897, 'generation': 394}","{'id': 30919, 'rank': 5, 'fitness': 0.8897987135074361, 'generation': 394}","{'id': 30919, 'rank': 6, 'fitness': 0.8897987135074361, 'generation': 394}","{'id': 30738, 'rank': 7, 'fitness': 0.8795682349707208, 'generation': 394}","{'id': 30889, 'rank': 8, 'fitness': 0.8745946321736116, 'generation': 394}","{'id': 30931, 'rank': 9, 'fitness': 0.8178172941218491, 'generation': 394}","{'id': 30916, 'rank': 10, 'fitness': 0.8103686114052209, 'generation': 394}","{'id': 30897, 'rank': 11, 'fitness': 0.7924607183122407, 'generation': 394}","{'id': 30932, 'rank': 12, 'fitness': 0.7808822859568779, 'generation': 394}","{'id': 30893, 'rank': 13, 'fitness': 0.7643081434818367, 'generation': 394}","{'id': 30881, 'rank': 14, 'fitness': 0.7613043977955155, 'generation': 394}","{'id': 30949, 'rank': 15, 'fitness': 0.7433070479671248, 'generation': 394}","{'id': 30876, 'rank': 16, 'fitness': 0.689819839516006, 'generation': 394}","{'id': 30928, 'rank': 17, 'fitness': 0.6815781249997392, 'generation': 394}","{'id': 30795, 'rank': 18, 'fitness': 0.6802948577329797, 'generation': 394}","{'id': 30793, 'rank': 19, 'fitness': 0.5842806814886718, 'generation': 394}","{'id': 30793, 'rank': 20, 'fitness': 0.5842806814886718, 'generation': 394}","{'id': 30882, 'rank': 21, 'fitness': 0.49711746077982555, 'generation': 394}","{'id': 30882, 'rank': 22, 'fitness': 0.49711746077982555, 'generation': 394}","{'id': 30792, 'rank': 23, 'fitness': 0.4694457879617492, 'generation': 394}","{'id': 30883, 'rank': 24, 'fitness': 0.315399943647056, 'generation': 394}","{'id': 30909, 'rank': 25, 'fitness': 0.20969200176318004, 'generation': 394}","{'id': 30867, 'rank': 26, 'fitness': 0.1652572002432095, 'generation': 394}","{'id': 30922, 'rank': 27, 'fitness': 0.036834595240110735, 'generation': 394}","{'id': 30925, 'rank': 28, 'fitness': 0.025745313600966657, 'generation': 394}","{'id': 30925, 'rank': 29, 'fitness': 0.025745313600966657, 'generation': 394}","{'id': 30898, 'rank': 30, 'fitness': 0.01798620996209155, 'generation': 394}"
"{'id': 30995, 'rank': 1, 'fitness': 0.9820137900379085, 'generation': 395}","{'id': 30995, 'rank': 2, 'fitness': 0.9820137900379085, 'generation': 395}","{'id': 30995, 'rank': 3, 'fitness': 0.9820137900379085, 'generation': 395}","{'id': 30994, 'rank': 4, 'fitness': 0.9818147442904248, 'generation': 395}","{'id': 30992, 'rank': 5, 'fitness': 0.9816847795688721, 'generation': 395}","{'id': 30730, 'rank': 6, 'fitness': 0.9816080721089349, 'generation': 395}","{'id': 30843, 'rank': 7, 'fitness': 0.9816043084311512, 'generation': 395}","{'id': 30919, 'rank': 8, 'fitness': 0.9815099721483778, 'generation': 395}","{'id': 30897, 'rank': 9, 'fitness': 0.9813682213555686, 'generation': 395}","{'id': 30876, 'rank': 10, 'fitness': 0.9812652408837705, 'generation': 395}","{'id': 30793, 'rank': 11, 'fitness': 0.9811773756260114, 'generation': 395}","{'id': 30793, 'rank': 12, 'fitness': 0.9811773756260114, 'generation': 395}","{'id': 30882, 'rank': 13, 'fitness': 0.9811097245024976, 'generation': 395}","{'id': 30792, 'rank': 14, 'fitness': 0.981088366964055, 'generation': 395}","{'id': 30883, 'rank': 15, 'fitness': 0.9809621320033695, 'generation': 395}","{'id': 30985, 'rank': 16, 'fitness': 0.9793301535410364, 'generation': 395}","{'id': 30987, 'rank': 17, 'fitness': 0.9767195874171315, 'generation': 395}","{'id': 30988, 'rank': 18, 'fitness': 0.9749583874863306, 'generation': 395}","{'id': 30975, 'rank': 19, 'fitness': 0.9731711576608295, 'generation': 395}","{'id': 30999, 'rank': 20, 'fitness': 0.9706939497413893, 'generation': 395}","{'id': 30961, 'rank': 21, 'fitness': 0.9651360876286412, 'generation': 395}","{'id': 31013, 'rank': 22, 'fitness': 0.9632294547532476, 'generation': 395}","{'id': 31013, 'rank': 23, 'fitness': 0.9632294547532476, 'generation': 395}","{'id': 31012, 'rank': 24, 'fitness': 0.9590188259466844, 'generation': 395}","{'id': 30967, 'rank': 25, 'fitness': 0.9063718995238839, 'generation': 395}","{'id': 30967, 'rank': 26, 'fitness': 0.9063718995238839, 'generation': 395}","{'id': 30980, 'rank': 27, 'fitness': 0.8595637214018328, 'generation': 395}","{'id': 30997, 'rank': 28, 'fitness': 0.8305420990507425, 'generation': 395}","{'id': 31016, 'rank': 29, 'fitness': 0.35311102920272264, 'generation': 395}","{'id': 30981, 'rank': 30, 'fitness': 0.01798620996209155, 'generation': 395}"
"{'id': 31069, 'rank': 1, 'fitness': 0.9820137900379085, 'generation': 396}","{'id': 31059, 'rank': 2, 'fitness': 0.9814998473670054, 'generation': 396}","{'id': 31101, 'rank': 3, 'fitness': 0.9800710089272076, 'generation': 396}","{'id': 31125, 'rank': 4, 'fitness': 0.9792680738008249, 'generation': 396}","{'id': 30994, 'rank': 5, 'fitness': 0.9792630293355191, 'generation': 396}","{'id': 31124, 'rank': 6, 'fitness': 0.9779050899073303, 'generation': 396}","{'id': 31031, 'rank': 7, 'fitness': 0.9775356587868811, 'generation': 396}","{'id': 31055, 'rank': 8, 'fitness': 0.977114858075334, 'generation': 396}","{'id': 31055, 'rank': 9, 'fitness': 0.977114858075334, 'generation': 396}","{'id': 31122, 'rank': 10, 'fitness': 0.9767385407816627, 'generation': 396}","{'id': 30843, 'rank': 11, 'fitness': 0.9757688978192378, 'generation': 396}","{'id': 31094, 'rank': 12, 'fitness': 0.9755087340428459, 'generation': 396}","{'id': 31121, 'rank': 13, 'fitness': 0.9754042915014617, 'generation': 396}","{'id': 31028, 'rank': 14, 'fitness': 0.9748121010330777, 'generation': 396}","{'id': 31028, 'rank': 15, 'fitness': 0.9748121010330777, 'generation': 396}","{'id': 31076, 'rank': 16, 'fitness': 0.9747129143231149, 'generation': 396}","{'id': 30897, 'rank': 17, 'fitness': 0.9712233647695716, 'generation': 396}","{'id': 31061, 'rank': 18, 'fitness': 0.9708412325779531, 'generation': 396}","{'id': 31080, 'rank': 19, 'fitness': 0.9702063912549623, 'generation': 396}","{'id': 31095, 'rank': 20, 'fitness': 0.9700897083856864, 'generation': 396}","{'id': 31060, 'rank': 21, 'fitness': 0.9686357112279784, 'generation': 396}","{'id': 31063, 'rank': 22, 'fitness': 0.9671061975192028, 'generation': 396}","{'id': 31038, 'rank': 23, 'fitness': 0.9668427794977943, 'generation': 396}","{'id': 31106, 'rank': 24, 'fitness': 0.966742731613401, 'generation': 396}","{'id': 31040, 'rank': 25, 'fitness': 0.9637803719692537, 'generation': 396}","{'id': 31114, 'rank': 26, 'fitness': 0.8680091087294168, 'generation': 396}","{'id': 30988, 'rank': 27, 'fitness': 0.35690889020635974, 'generation': 396}","{'id': 30988, 'rank': 28, 'fitness': 0.35690889020635974, 'generation': 396}","{'id': 31046, 'rank': 29, 'fitness': 0.01942392268720672, 'generation': 396}","{'id': 31048, 'rank': 30, 'fitness': 0.01798620996209155, 'generation': 396}"
"{'id': 31150, 'rank': 1, 'fitness': 0.9820137900379085, 'generation': 397}","{'id': 31149, 'rank': 2, 'fitness': 0.9662548345730104, 'generation': 397}","{'id': 31149, 'rank': 3, 'fitness': 0.9662548345730104, 'generation': 397}","{'id': 31167, 'rank': 4, 'fitness': 0.9440489732621946, 'generation': 397}","{'id': 31177, 'rank': 5, 'fitness': 0.9392923387484436, 'generation': 397}","{'id': 31147, 'rank': 6, 'fitness': 0.9276781165741511, 'generation': 397}","{'id': 31147, 'rank': 7, 'fitness': 0.9276781165741511, 'generation': 397}","{'id': 31164, 'rank': 8, 'fitness': 0.8994896738431255, 'generation': 397}","{'id': 31191, 'rank': 9, 'fitness': 0.8961600666815193, 'generation': 397}","{'id': 31055, 'rank': 10, 'fitness': 0.8958033191125385, 'generation': 397}","{'id': 31055, 'rank': 11, 'fitness': 0.8958033191125385, 'generation': 397}","{'id': 31122, 'rank': 12, 'fitness': 0.8806568875084958, 'generation': 397}","{'id': 30843, 'rank': 13, 'fitness': 0.8342239650836898, 'generation': 397}","{'id': 31135, 'rank': 14, 'fitness': 0.8084939990778001, 'generation': 397}","{'id': 31168, 'rank': 15, 'fitness': 0.8070172027781175, 'generation': 397}","{'id': 31168, 'rank': 16, 'fitness': 0.8070172027781175, 'generation': 397}","{'id': 31187, 'rank': 17, 'fitness': 0.772175615081264, 'generation': 397}","{'id': 31187, 'rank': 18, 'fitness': 0.772175615081264, 'generation': 397}","{'id': 31179, 'rank': 19, 'fitness': 0.7413740225718517, 'generation': 397}","{'id': 31176, 'rank': 20, 'fitness': 0.727756820838972, 'generation': 397}","{'id': 31176, 'rank': 21, 'fitness': 0.727756820838972, 'generation': 397}","{'id': 31163, 'rank': 22, 'fitness': 0.7134677390955959, 'generation': 397}","{'id': 30897, 'rank': 23, 'fitness': 0.49996559781282446, 'generation': 397}","{'id': 30897, 'rank': 24, 'fitness': 0.49996559781282446, 'generation': 397}","{'id': 31061, 'rank': 25, 'fitness': 0.46892627724436886, 'generation': 397}","{'id': 31186, 'rank': 26, 'fitness': 0.3252007120479652, 'generation': 397}","{'id': 31174, 'rank': 27, 'fitness': 0.2999609112893041, 'generation': 397}","{'id': 31038, 'rank': 28, 'fitness': 0.20781471202206825, 'generation': 397}","{'id': 31193, 'rank': 29, 'fitness': 0.17370660983638397, 'generation': 397}","{'id': 31158, 'rank': 30, 'fitness': 0.01798620996209155, 'generation': 397}"
"{'id': 31149, 'rank': 1, 'fitness': 0.9820137900379085, 'generation': 398}","{'id': 31254, 'rank': 2, 'fitness': 0.9810484052041637, 'generation': 398}","{'id': 31254, 'rank': 3, 'fitness': 0.9810484052041637, 'generation': 398}","{'id': 31147, 'rank': 4, 'fitness': 0.9808474339384436, 'generation': 398}","{'id': 31164, 'rank': 5, 'fitness': 0.9803007882712751, 'generation': 398}","{'id': 31055, 'rank': 6, 'fitness': 0.980238917146818, 'generation': 398}","{'id': 30843, 'rank': 7, 'fitness': 0.9793946582848714, 'generation': 398}","{'id': 31135, 'rank': 8, 'fitness': 0.9791102215765064, 'generation': 398}","{'id': 31168, 'rank': 9, 'fitness': 0.9790947086777801, 'generation': 398}","{'id': 31187, 'rank': 10, 'fitness': 0.978749094448979, 'generation': 398}","{'id': 31179, 'rank': 11, 'fitness': 0.9784695430789079, 'generation': 398}","{'id': 31179, 'rank': 12, 'fitness': 0.9784695430789079, 'generation': 398}","{'id': 31176, 'rank': 13, 'fitness': 0.9783519146157971, 'generation': 398}","{'id': 31240, 'rank': 14, 'fitness': 0.9766356521170005, 'generation': 398}","{'id': 31240, 'rank': 15, 'fitness': 0.9766356521170005, 'generation': 398}","{'id': 30897, 'rank': 16, 'fitness': 0.9766276684640626, 'generation': 398}","{'id': 30897, 'rank': 17, 'fitness': 0.9766276684640626, 'generation': 398}","{'id': 31186, 'rank': 18, 'fitness': 0.9752620636095763, 'generation': 398}","{'id': 31208, 'rank': 19, 'fitness': 0.9741185983235534, 'generation': 398}","{'id': 31239, 'rank': 20, 'fitness': 0.9682146488778263, 'generation': 398}","{'id': 31234, 'rank': 21, 'fitness': 0.9669542578210102, 'generation': 398}","{'id': 31231, 'rank': 22, 'fitness': 0.9421159543221345, 'generation': 398}","{'id': 31236, 'rank': 23, 'fitness': 0.9071337177382135, 'generation': 398}","{'id': 31230, 'rank': 24, 'fitness': 0.9058581996332955, 'generation': 398}","{'id': 31226, 'rank': 25, 'fitness': 0.8665905875427906, 'generation': 398}","{'id': 31215, 'rank': 26, 'fitness': 0.8376294505251326, 'generation': 398}","{'id': 31212, 'rank': 27, 'fitness': 0.8332285567065254, 'generation': 398}","{'id': 31213, 'rank': 28, 'fitness': 0.7901473701864172, 'generation': 398}","{'id': 31216, 'rank': 29, 'fitness': 0.018905285507259784, 'generation': 398}","{'id': 31205, 'rank': 30, 'fitness': 0.01798620996209155, 'generation': 398}"
"{'id': 31300, 'rank': 1, 'fitness': 0.9820137900379085, 'generation': 399}","{'id': 31147, 'rank': 2, 'fitness': 0.9816551358321037, 'generation': 399}","{'id': 31337, 'rank': 3, 'fitness': 0.9814389104302162, 'generation': 399}","{'id': 31337, 'rank': 4, 'fitness': 0.9814389104302162, 'generation': 399}","{'id': 31297, 'rank': 5, 'fitness': 0.9812179931188962, 'generation': 399}","{'id': 31304, 'rank': 6, 'fitness': 0.9809375572693039, 'generation': 399}","{'id': 31299, 'rank': 7, 'fitness': 0.9807870660611828, 'generation': 399}","{'id': 31299, 'rank': 8, 'fitness': 0.9807870660611828, 'generation': 399}","{'id': 31298, 'rank': 9, 'fitness': 0.9806234413934625, 'generation': 399}","{'id': 31298, 'rank': 10, 'fitness': 0.9806234413934625, 'generation': 399}","{'id': 30843, 'rank': 11, 'fitness': 0.9803268089704841, 'generation': 399}","{'id': 30843, 'rank': 12, 'fitness': 0.9803268089704841, 'generation': 399}","{'id': 31344, 'rank': 13, 'fitness': 0.9803039995777612, 'generation': 399}","{'id': 31187, 'rank': 14, 'fitness': 0.9797378244432229, 'generation': 399}","{'id': 31176, 'rank': 15, 'fitness': 0.9793758278574488, 'generation': 399}","{'id': 31176, 'rank': 16, 'fitness': 0.9793758278574488, 'generation': 399}","{'id': 31176, 'rank': 17, 'fitness': 0.9793758278574488, 'generation': 399}","{'id': 31340, 'rank': 18, 'fitness': 0.979188000492146, 'generation': 399}","{'id': 31323, 'rank': 19, 'fitness': 0.9789103240230631, 'generation': 399}","{'id': 31335, 'rank': 20, 'fitness': 0.9787274139142165, 'generation': 399}","{'id': 31280, 'rank': 21, 'fitness': 0.9779279573396329, 'generation': 399}","{'id': 30897, 'rank': 22, 'fitness': 0.9778074579668282, 'generation': 399}","{'id': 31285, 'rank': 23, 'fitness': 0.9771203458856388, 'generation': 399}","{'id': 31281, 'rank': 24, 'fitness': 0.9769366241733639, 'generation': 399}","{'id': 31186, 'rank': 25, 'fitness': 0.9765687183744025, 'generation': 399}","{'id': 31284, 'rank': 26, 'fitness': 0.9762827543015337, 'generation': 399}","{'id': 31283, 'rank': 27, 'fitness': 0.9709245115607217, 'generation': 399}","{'id': 31234, 'rank': 28, 'fitness': 0.9690873608052607, 'generation': 399}","{'id': 31231, 'rank': 29, 'fitness': 0.9470918644950292, 'generation': 399}","{'id': 31331, 'rank': 30, 'fitness': 0.01798620996209155, 'generation': 399}"
"{'id': 31378, 'rank': 1, 'fitness': 0.9820137900379085, 'generation': 400}","{'id': 31425, 'rank': 2, 'fitness': 0.9665167427367833, 'generation': 400}","{'id': 31381, 'rank': 3, 'fitness': 0.9589522056506257, 'generation': 400}","{'id': 31381, 'rank': 4, 'fitness': 0.9589522056506257, 'generation': 400}","{'id': 31381, 'rank': 5, 'fitness': 0.9589522056506257, 'generation': 400}","{'id': 31377, 'rank': 6, 'fitness': 0.9548404744964692, 'generation': 400}","{'id': 31350, 'rank': 7, 'fitness': 0.9488932853679821, 'generation': 400}","{'id': 31350, 'rank': 8, 'fitness': 0.9488932853679821, 'generation': 400}","{'id': 31350, 'rank': 9, 'fitness': 0.9488932853679821, 'generation': 400}","{'id': 31350, 'rank': 10, 'fitness': 0.9488932853679821, 'generation': 400}","{'id': 31298, 'rank': 11, 'fitness': 0.9461917865922125, 'generation': 400}","{'id': 31298, 'rank': 12, 'fitness': 0.9461917865922125, 'generation': 400}","{'id': 31390, 'rank': 13, 'fitness': 0.9440948962590022, 'generation': 400}","{'id': 31369, 'rank': 14, 'fitness': 0.943025879485589, 'generation': 400}","{'id': 31349, 'rank': 15, 'fitness': 0.9345696474839088, 'generation': 400}","{'id': 31426, 'rank': 16, 'fitness': 0.9318459499820821, 'generation': 400}","{'id': 31424, 'rank': 17, 'fitness': 0.9238582185960046, 'generation': 400}","{'id': 31418, 'rank': 18, 'fitness': 0.9098062016893393, 'generation': 400}","{'id': 31176, 'rank': 19, 'fitness': 0.9085878288818123, 'generation': 400}","{'id': 31176, 'rank': 20, 'fitness': 0.9085878288818123, 'generation': 400}","{'id': 31176, 'rank': 21, 'fitness': 0.9085878288818123, 'generation': 400}","{'id': 31427, 'rank': 22, 'fitness': 0.9059771289668386, 'generation': 400}","{'id': 31376, 'rank': 23, 'fitness': 0.9020881174891222, 'generation': 400}","{'id': 31352, 'rank': 24, 'fitness': 0.8885752268860373, 'generation': 400}","{'id': 31358, 'rank': 25, 'fitness': 0.8649027204669901, 'generation': 400}","{'id': 31370, 'rank': 26, 'fitness': 0.8404886696374825, 'generation': 400}","{'id': 30897, 'rank': 27, 'fitness': 0.8355460829976195, 'generation': 400}","{'id': 31384, 'rank': 28, 'fitness': 0.7979227385317229, 'generation': 400}","{'id': 31284, 'rank': 29, 'fitness': 0.7342157201957897, 'generation': 400}","{'id': 31408, 'rank': 30, 'fitness': 0.01798620996209155, 'generation': 400}"
"{'id': 31503, 'rank': 1, 'fitness': 0.9820137900379085, 'generation': 401}","{'id': 31350, 'rank': 2, 'fitness': 0.9813172568623005, 'generation': 401}","{'id': 31350, 'rank': 3, 'fitness': 0.9813172568623005, 'generation': 401}","{'id': 31350, 'rank': 4, 'fitness': 0.9813172568623005, 'generation': 401}","{'id': 31298, 'rank': 5, 'fitness': 0.9811887676907589, 'generation': 401}","{'id': 31298, 'rank': 6, 'fitness': 0.9811887676907589, 'generation': 401}","{'id': 31369, 'rank': 7, 'fitness': 0.9810446958486211, 'generation': 401}","{'id': 31369, 'rank': 8, 'fitness': 0.9810446958486211, 'generation': 401}","{'id': 31369, 'rank': 9, 'fitness': 0.9810446958486211, 'generation': 401}","{'id': 31376, 'rank': 10, 'fitness': 0.9795929890263253, 'generation': 401}","{'id': 31358, 'rank': 11, 'fitness': 0.9786366957969266, 'generation': 401}","{'id': 31495, 'rank': 12, 'fitness': 0.9780715539165332, 'generation': 401}","{'id': 31284, 'rank': 13, 'fitness': 0.9762582085224193, 'generation': 401}","{'id': 31443, 'rank': 14, 'fitness': 0.9761915401120886, 'generation': 401}","{'id': 31434, 'rank': 15, 'fitness': 0.9753837073002151, 'generation': 401}","{'id': 31434, 'rank': 16, 'fitness': 0.9753837073002151, 'generation': 401}","{'id': 31478, 'rank': 17, 'fitness': 0.9749628462032272, 'generation': 401}","{'id': 31515, 'rank': 18, 'fitness': 0.973088154805149, 'generation': 401}","{'id': 31515, 'rank': 19, 'fitness': 0.973088154805149, 'generation': 401}","{'id': 31435, 'rank': 20, 'fitness': 0.9728751603482351, 'generation': 401}","{'id': 31469, 'rank': 21, 'fitness': 0.9700781105242844, 'generation': 401}","{'id': 31469, 'rank': 22, 'fitness': 0.9700781105242844, 'generation': 401}","{'id': 31441, 'rank': 23, 'fitness': 0.9693900813783615, 'generation': 401}","{'id': 31485, 'rank': 24, 'fitness': 0.9669686531794626, 'generation': 401}","{'id': 31408, 'rank': 25, 'fitness': 0.9557217955302926, 'generation': 401}","{'id': 31457, 'rank': 26, 'fitness': 0.9493588515503504, 'generation': 401}","{'id': 31486, 'rank': 27, 'fitness': 0.9491751754540648, 'generation': 401}","{'id': 31513, 'rank': 28, 'fitness': 0.9028335269026, 'generation': 401}","{'id': 31480, 'rank': 29, 'fitness': 0.5634381674744913, 'generation': 401}","{'id': 31517, 'rank': 30, 'fitness': 0.01798620996209155, 'generation': 401}"
"{'id': 31592, 'rank': 1, 'fitness': 0.9820137900379085, 'generation': 402}","{'id': 31592, 'rank': 2, 'fitness': 0.9820137900379085, 'generation': 402}","{'id': 31574, 'rank': 3, 'fitness': 0.9814438155367133, 'generation': 402}","{'id': 31350, 'rank': 4, 'fitness': 0.9761170785870887, 'generation': 402}","{'id': 31298, 'rank': 5, 'fitness': 0.9751414523435269, 'generation': 402}","{'id': 31298, 'rank': 6, 'fitness': 0.9751414523435269, 'generation': 402}","{'id': 31591, 'rank': 7, 'fitness': 0.9740886584435701, 'generation': 402}","{'id': 31369, 'rank': 8, 'fitness': 0.9740095412839508, 'generation': 402}","{'id': 31369, 'rank': 9, 'fitness': 0.9740095412839508, 'generation': 402}","{'id': 31546, 'rank': 10, 'fitness': 0.9726341858010779, 'generation': 402}","{'id': 31536, 'rank': 11, 'fitness': 0.9691971171513076, 'generation': 402}","{'id': 31542, 'rank': 12, 'fitness': 0.9665778124002388, 'generation': 402}","{'id': 31376, 'rank': 13, 'fitness': 0.9601292185505679, 'generation': 402}","{'id': 31552, 'rank': 14, 'fitness': 0.9581577819416858, 'generation': 402}","{'id': 31557, 'rank': 15, 'fitness': 0.9495620988876725, 'generation': 402}","{'id': 31545, 'rank': 16, 'fitness': 0.9386293007926338, 'generation': 402}","{'id': 31545, 'rank': 17, 'fitness': 0.9386293007926338, 'generation': 402}","{'id': 31554, 'rank': 18, 'fitness': 0.9358449749533035, 'generation': 402}","{'id': 31564, 'rank': 19, 'fitness': 0.9172724476605061, 'generation': 402}","{'id': 31443, 'rank': 20, 'fitness': 0.9051011553780512, 'generation': 402}","{'id': 31556, 'rank': 21, 'fitness': 0.8891158162553048, 'generation': 402}","{'id': 31593, 'rank': 22, 'fitness': 0.8695622493873817, 'generation': 402}","{'id': 31565, 'rank': 23, 'fitness': 0.787334067687207, 'generation': 402}","{'id': 31565, 'rank': 24, 'fitness': 0.787334067687207, 'generation': 402}","{'id': 31584, 'rank': 25, 'fitness': 0.7867079792716436, 'generation': 402}","{'id': 31528, 'rank': 26, 'fitness': 0.5661630816473806, 'generation': 402}","{'id': 31527, 'rank': 27, 'fitness': 0.5222086118362198, 'generation': 402}","{'id': 31587, 'rank': 28, 'fitness': 0.4384696906032388, 'generation': 402}","{'id': 31579, 'rank': 29, 'fitness': 0.06012956263959712, 'generation': 402}","{'id': 31518, 'rank': 30, 'fitness': 0.01798620996209155, 'generation': 402}"
"{'id': 31692, 'rank': 1, 'fitness': 0.9820137900379085, 'generation': 403}","{'id': 31592, 'rank': 2, 'fitness': 0.9673827372035106, 'generation': 403}","{'id': 31658, 'rank': 3, 'fitness': 0.9569405978795208, 'generation': 403}","{'id': 31350, 'rank': 4, 'fitness': 0.9549728686452088, 'generation': 403}","{'id': 31369, 'rank': 5, 'fitness': 0.95045161026558, 'generation': 403}","{'id': 31616, 'rank': 6, 'fitness': 0.9479612392218774, 'generation': 403}","{'id': 31650, 'rank': 7, 'fitness': 0.9460143840245482, 'generation': 403}","{'id': 31650, 'rank': 8, 'fitness': 0.9460143840245482, 'generation': 403}","{'id': 31654, 'rank': 9, 'fitness': 0.9270735950474639, 'generation': 403}","{'id': 31654, 'rank': 10, 'fitness': 0.9270735950474639, 'generation': 403}","{'id': 31634, 'rank': 11, 'fitness': 0.907609995323984, 'generation': 403}","{'id': 31693, 'rank': 12, 'fitness': 0.8924954759941846, 'generation': 403}","{'id': 31545, 'rank': 13, 'fitness': 0.8717122996603437, 'generation': 403}","{'id': 31545, 'rank': 14, 'fitness': 0.8717122996603437, 'generation': 403}","{'id': 31554, 'rank': 15, 'fitness': 0.8654557987116898, 'generation': 403}","{'id': 31696, 'rank': 16, 'fitness': 0.865409674572257, 'generation': 403}","{'id': 31696, 'rank': 17, 'fitness': 0.865409674572257, 'generation': 403}","{'id': 31614, 'rank': 18, 'fitness': 0.8645025124604471, 'generation': 403}","{'id': 31661, 'rank': 19, 'fitness': 0.8100208716880786, 'generation': 403}","{'id': 31688, 'rank': 20, 'fitness': 0.7775879385261486, 'generation': 403}","{'id': 31688, 'rank': 21, 'fitness': 0.7775879385261486, 'generation': 403}","{'id': 31670, 'rank': 22, 'fitness': 0.6585934568156827, 'generation': 403}","{'id': 31684, 'rank': 23, 'fitness': 0.45878300656981646, 'generation': 403}","{'id': 31528, 'rank': 24, 'fitness': 0.2821196833707057, 'generation': 403}","{'id': 31652, 'rank': 25, 'fitness': 0.23296567956225522, 'generation': 403}","{'id': 31686, 'rank': 26, 'fitness': 0.2223860079527058, 'generation': 403}","{'id': 31587, 'rank': 27, 'fitness': 0.17818296281717327, 'generation': 403}","{'id': 31643, 'rank': 28, 'fitness': 0.16559698179744947, 'generation': 403}","{'id': 31649, 'rank': 29, 'fitness': 0.1205956590319135, 'generation': 403}","{'id': 31639, 'rank': 30, 'fitness': 0.01798620996209155, 'generation': 403}"
"{'id': 31692, 'rank': 1, 'fitness': 0.9820137900379085, 'generation': 404}","{'id': 31701, 'rank': 2, 'fitness': 0.9814808896501035, 'generation': 404}","{'id': 31704, 'rank': 3, 'fitness': 0.9813953269411423, 'generation': 404}","{'id': 31702, 'rank': 4, 'fitness': 0.9811865792368646, 'generation': 404}","{'id': 31592, 'rank': 5, 'fitness': 0.9811821862815862, 'generation': 404}","{'id': 31705, 'rank': 6, 'fitness': 0.9811202106902817, 'generation': 404}","{'id': 31705, 'rank': 7, 'fitness': 0.9811202106902817, 'generation': 404}","{'id': 31369, 'rank': 8, 'fitness': 0.9805653901857546, 'generation': 404}","{'id': 31654, 'rank': 9, 'fitness': 0.9799649102536913, 'generation': 404}","{'id': 31654, 'rank': 10, 'fitness': 0.9799649102536913, 'generation': 404}","{'id': 31654, 'rank': 11, 'fitness': 0.9799649102536913, 'generation': 404}","{'id': 31634, 'rank': 12, 'fitness': 0.9795794272153128, 'generation': 404}","{'id': 31545, 'rank': 13, 'fitness': 0.9790155759494488, 'generation': 404}","{'id': 31696, 'rank': 14, 'fitness': 0.9789298115401865, 'generation': 404}","{'id': 31696, 'rank': 15, 'fitness': 0.9789298115401865, 'generation': 404}","{'id': 31696, 'rank': 16, 'fitness': 0.9789298115401865, 'generation': 404}","{'id': 31696, 'rank': 17, 'fitness': 0.9789298115401865, 'generation': 404}","{'id': 31614, 'rank': 18, 'fitness': 0.9789177210699729, 'generation': 404}","{'id': 31706, 'rank': 19, 'fitness': 0.9787104600923575, 'generation': 404}","{'id': 31688, 'rank': 20, 'fitness': 0.9779603553514022, 'generation': 404}","{'id': 31684, 'rank': 21, 'fitness': 0.9755343304999728, 'generation': 404}","{'id': 31684, 'rank': 22, 'fitness': 0.9755343304999728, 'generation': 404}","{'id': 31738, 'rank': 23, 'fitness': 0.9735641630612772, 'generation': 404}","{'id': 31587, 'rank': 24, 'fitness': 0.9729549879753671, 'generation': 404}","{'id': 31587, 'rank': 25, 'fitness': 0.9729549879753671, 'generation': 404}","{'id': 31643, 'rank': 26, 'fitness': 0.9727788122289371, 'generation': 404}","{'id': 31760, 'rank': 27, 'fitness': 0.960627113040514, 'generation': 404}","{'id': 31751, 'rank': 28, 'fitness': 0.9582877926536554, 'generation': 404}","{'id': 31740, 'rank': 29, 'fitness': 0.9055593035917673, 'generation': 404}","{'id': 31732, 'rank': 30, 'fitness': 0.01798620996209155, 'generation': 404}"
"{'id': 31692, 'rank': 1, 'fitness': 0.9820137900379085, 'generation': 405}","{'id': 31701, 'rank': 2, 'fitness': 0.9774931813828773, 'generation': 405}","{'id': 31701, 'rank': 3, 'fitness': 0.9774931813828773, 'generation': 405}","{'id': 31705, 'rank': 4, 'fitness': 0.9739142819533642, 'generation': 405}","{'id': 31794, 'rank': 5, 'fitness': 0.9735983218634727, 'generation': 405}","{'id': 31794, 'rank': 6, 'fitness': 0.9735983218634727, 'generation': 405}","{'id': 31837, 'rank': 7, 'fitness': 0.9735957959890429, 'generation': 405}","{'id': 31837, 'rank': 8, 'fitness': 0.9735957959890429, 'generation': 405}","{'id': 31654, 'rank': 9, 'fitness': 0.9590618671840336, 'generation': 405}","{'id': 31654, 'rank': 10, 'fitness': 0.9590618671840336, 'generation': 405}","{'id': 31771, 'rank': 11, 'fitness': 0.9560383876243211, 'generation': 405}","{'id': 31826, 'rank': 12, 'fitness': 0.9548538487065535, 'generation': 405}","{'id': 31822, 'rank': 13, 'fitness': 0.9502622579176025, 'generation': 405}","{'id': 31796, 'rank': 14, 'fitness': 0.9479668704186586, 'generation': 405}","{'id': 31803, 'rank': 15, 'fitness': 0.9450644334771776, 'generation': 405}","{'id': 31836, 'rank': 16, 'fitness': 0.9417153748213885, 'generation': 405}","{'id': 31819, 'rank': 17, 'fitness': 0.9356577180429695, 'generation': 405}","{'id': 31840, 'rank': 18, 'fitness': 0.9284377792538986, 'generation': 405}","{'id': 31840, 'rank': 19, 'fitness': 0.9284377792538986, 'generation': 405}","{'id': 31688, 'rank': 20, 'fitness': 0.9171659664952359, 'generation': 405}","{'id': 31834, 'rank': 21, 'fitness': 0.9155543562464241, 'generation': 405}","{'id': 31833, 'rank': 22, 'fitness': 0.9119055226380071, 'generation': 405}","{'id': 31788, 'rank': 23, 'fitness': 0.8870841206679424, 'generation': 405}","{'id': 31832, 'rank': 24, 'fitness': 0.869072269901751, 'generation': 405}","{'id': 31789, 'rank': 25, 'fitness': 0.8516680508065924, 'generation': 405}","{'id': 31684, 'rank': 26, 'fitness': 0.8294679417735296, 'generation': 405}","{'id': 31807, 'rank': 27, 'fitness': 0.8027850363765787, 'generation': 405}","{'id': 31774, 'rank': 28, 'fitness': 0.7364468035041554, 'generation': 405}","{'id': 31765, 'rank': 29, 'fitness': 0.6399899907145136, 'generation': 405}","{'id': 31798, 'rank': 30, 'fitness': 0.01798620996209155, 'generation': 405}"
"{'id': 31701, 'rank': 1, 'fitness': 0.9820137900379085, 'generation': 406}","{'id': 31894, 'rank': 2, 'fitness': 0.9817804077965449, 'generation': 406}","{'id': 31894, 'rank': 3, 'fitness': 0.9817804077965449, 'generation': 406}","{'id': 31852, 'rank': 4, 'fitness': 0.9801257505657514, 'generation': 406}","{'id': 31877, 'rank': 5, 'fitness': 0.9798990314817257, 'generation': 406}","{'id': 31854, 'rank': 6, 'fitness': 0.9791630351318161, 'generation': 406}","{'id': 31654, 'rank': 7, 'fitness': 0.9789696160362438, 'generation': 406}","{'id': 31883, 'rank': 8, 'fitness': 0.9789305398884278, 'generation': 406}","{'id': 31883, 'rank': 9, 'fitness': 0.9789305398884278, 'generation': 406}","{'id': 31889, 'rank': 10, 'fitness': 0.97888955576573, 'generation': 406}","{'id': 31880, 'rank': 11, 'fitness': 0.9785383822532003, 'generation': 406}","{'id': 31880, 'rank': 12, 'fitness': 0.9785383822532003, 'generation': 406}","{'id': 31881, 'rank': 13, 'fitness': 0.9782565780120727, 'generation': 406}","{'id': 31885, 'rank': 14, 'fitness': 0.9778621191272736, 'generation': 406}","{'id': 31836, 'rank': 15, 'fitness': 0.9769000023665, 'generation': 406}","{'id': 31834, 'rank': 16, 'fitness': 0.9744563017501023, 'generation': 406}","{'id': 31834, 'rank': 17, 'fitness': 0.9744563017501023, 'generation': 406}","{'id': 31859, 'rank': 18, 'fitness': 0.9739001339332811, 'generation': 406}","{'id': 31789, 'rank': 19, 'fitness': 0.9700340208538656, 'generation': 406}","{'id': 31789, 'rank': 20, 'fitness': 0.9700340208538656, 'generation': 406}","{'id': 31774, 'rank': 21, 'fitness': 0.9641264446315603, 'generation': 406}","{'id': 31925, 'rank': 22, 'fitness': 0.9626678232801928, 'generation': 406}","{'id': 31860, 'rank': 23, 'fitness': 0.9595589325666909, 'generation': 406}","{'id': 31928, 'rank': 24, 'fitness': 0.9545966464206557, 'generation': 406}","{'id': 31848, 'rank': 25, 'fitness': 0.9471736101476618, 'generation': 406}","{'id': 31869, 'rank': 26, 'fitness': 0.9459977542948923, 'generation': 406}","{'id': 31870, 'rank': 27, 'fitness': 0.9407853107635777, 'generation': 406}","{'id': 31927, 'rank': 28, 'fitness': 0.9206452461886867, 'generation': 406}","{'id': 31910, 'rank': 29, 'fitness': 0.1497434439509519, 'generation': 406}","{'id': 31912, 'rank': 30, 'fitness': 0.01798620996209155, 'generation': 406}"
"{'id': 31894, 'rank': 1, 'fitness': 0.9820137900379085, 'generation': 407}","{'id': 31894, 'rank': 2, 'fitness': 0.9820137900379085, 'generation': 407}","{'id': 31976, 'rank': 3, 'fitness': 0.9780834528989423, 'generation': 407}","{'id': 31979, 'rank': 4, 'fitness': 0.9724038511164314, 'generation': 407}","{'id': 31970, 'rank': 5, 'fitness': 0.9635154097931447, 'generation': 407}","{'id': 31955, 'rank': 6, 'fitness': 0.9570450878096916, 'generation': 407}","{'id': 31938, 'rank': 7, 'fitness': 0.9526293308686788, 'generation': 407}","{'id': 31938, 'rank': 8, 'fitness': 0.9526293308686788, 'generation': 407}","{'id': 32001, 'rank': 9, 'fitness': 0.9524295696925729, 'generation': 407}","{'id': 31883, 'rank': 10, 'fitness': 0.9500090660436625, 'generation': 407}","{'id': 31889, 'rank': 11, 'fitness': 0.9493335480212812, 'generation': 407}","{'id': 31880, 'rank': 12, 'fitness': 0.9432395564190499, 'generation': 407}","{'id': 31980, 'rank': 13, 'fitness': 0.9181933947618561, 'generation': 407}","{'id': 32003, 'rank': 14, 'fitness': 0.9165743286432881, 'generation': 407}","{'id': 31836, 'rank': 15, 'fitness': 0.906767138063411, 'generation': 407}","{'id': 32002, 'rank': 16, 'fitness': 0.843528713576148, 'generation': 407}","{'id': 31834, 'rank': 17, 'fitness': 0.8236126508498594, 'generation': 407}","{'id': 31948, 'rank': 18, 'fitness': 0.8012067938787035, 'generation': 407}","{'id': 31944, 'rank': 19, 'fitness': 0.7756491011953575, 'generation': 407}","{'id': 32000, 'rank': 20, 'fitness': 0.7001386456195918, 'generation': 407}","{'id': 32000, 'rank': 21, 'fitness': 0.7001386456195918, 'generation': 407}","{'id': 32000, 'rank': 22, 'fitness': 0.7001386456195918, 'generation': 407}","{'id': 31789, 'rank': 23, 'fitness': 0.5919010409304758, 'generation': 407}","{'id': 31971, 'rank': 24, 'fitness': 0.315895268279247, 'generation': 407}","{'id': 31774, 'rank': 25, 'fitness': 0.278332178330567, 'generation': 407}","{'id': 31987, 'rank': 26, 'fitness': 0.25238072677802165, 'generation': 407}","{'id': 31984, 'rank': 27, 'fitness': 0.05195059899662102, 'generation': 407}","{'id': 31848, 'rank': 28, 'fitness': 0.021156610478739013, 'generation': 407}","{'id': 31947, 'rank': 29, 'fitness': 0.020864364406292024, 'generation': 407}","{'id': 31869, 'rank': 30, 'fitness': 0.01798620996209155, 'generation': 407}"
"{'id': 32058, 'rank': 1, 'fitness': 0.9820137900379085, 'generation': 408}","{'id': 32058, 'rank': 2, 'fitness': 0.9820137900379085, 'generation': 408}","{'id': 31976, 'rank': 3, 'fitness': 0.9819021485457031, 'generation': 408}","{'id': 32044, 'rank': 4, 'fitness': 0.9818126370387831, 'generation': 408}","{'id': 31970, 'rank': 5, 'fitness': 0.9817411901601625, 'generation': 408}","{'id': 32059, 'rank': 6, 'fitness': 0.9817327294790043, 'generation': 408}","{'id': 32072, 'rank': 7, 'fitness': 0.9817282014556906, 'generation': 408}","{'id': 31955, 'rank': 8, 'fitness': 0.9816887355504953, 'generation': 408}","{'id': 32043, 'rank': 9, 'fitness': 0.9816445826685269, 'generation': 408}","{'id': 32003, 'rank': 10, 'fitness': 0.9814689900818433, 'generation': 408}","{'id': 32074, 'rank': 11, 'fitness': 0.9814637016108746, 'generation': 408}","{'id': 32019, 'rank': 12, 'fitness': 0.9814341742809586, 'generation': 408}","{'id': 32050, 'rank': 13, 'fitness': 0.9813775331099238, 'generation': 408}","{'id': 32053, 'rank': 14, 'fitness': 0.9813283239058246, 'generation': 408}","{'id': 32002, 'rank': 15, 'fitness': 0.9812450910862791, 'generation': 408}","{'id': 31789, 'rank': 16, 'fitness': 0.980825233986101, 'generation': 408}","{'id': 31789, 'rank': 17, 'fitness': 0.980825233986101, 'generation': 408}","{'id': 32063, 'rank': 18, 'fitness': 0.9804663803665539, 'generation': 408}","{'id': 31774, 'rank': 19, 'fitness': 0.9803923038785106, 'generation': 408}","{'id': 31987, 'rank': 20, 'fitness': 0.9803482400267258, 'generation': 408}","{'id': 31987, 'rank': 21, 'fitness': 0.9803482400267258, 'generation': 408}","{'id': 32073, 'rank': 22, 'fitness': 0.9803011712770189, 'generation': 408}","{'id': 32036, 'rank': 23, 'fitness': 0.9802411326027601, 'generation': 408}","{'id': 31984, 'rank': 24, 'fitness': 0.9797370122376385, 'generation': 408}","{'id': 31984, 'rank': 25, 'fitness': 0.9797370122376385, 'generation': 408}","{'id': 32056, 'rank': 26, 'fitness': 0.9770596549470412, 'generation': 408}","{'id': 32028, 'rank': 27, 'fitness': 0.9757494991883566, 'generation': 408}","{'id': 32079, 'rank': 28, 'fitness': 0.40026118353149237, 'generation': 408}","{'id': 32077, 'rank': 29, 'fitness': 0.27946635321632096, 'generation': 408}","{'id': 32038, 'rank': 30, 'fitness': 0.01798620996209155, 'generation': 408}"
"{'id': 32058, 'rank': 1, 'fitness': 0.9820137900379085, 'generation': 409}","{'id': 32058, 'rank': 2, 'fitness': 0.9820137900379085, 'generation': 409}","{'id': 32044, 'rank': 3, 'fitness': 0.9648783300550074, 'generation': 409}","{'id': 32164, 'rank': 4, 'fitness': 0.9614353162614979, 'generation': 409}","{'id': 32164, 'rank': 5, 'fitness': 0.9614353162614979, 'generation': 409}","{'id': 32095, 'rank': 6, 'fitness': 0.9613362236428591, 'generation': 409}","{'id': 32059, 'rank': 7, 'fitness': 0.9544539115971955, 'generation': 409}","{'id': 32072, 'rank': 8, 'fitness': 0.953783776182795, 'generation': 409}","{'id': 32136, 'rank': 9, 'fitness': 0.9529237802952301, 'generation': 409}","{'id': 32106, 'rank': 10, 'fitness': 0.9314225448995386, 'generation': 409}","{'id': 32129, 'rank': 11, 'fitness': 0.9239027370779607, 'generation': 409}","{'id': 32101, 'rank': 12, 'fitness': 0.8984580044009138, 'generation': 409}","{'id': 32003, 'rank': 13, 'fitness': 0.8963121153814602, 'generation': 409}","{'id': 32003, 'rank': 14, 'fitness': 0.8963121153814602, 'generation': 409}","{'id': 32131, 'rank': 15, 'fitness': 0.8565263413908231, 'generation': 409}","{'id': 32131, 'rank': 16, 'fitness': 0.8565263413908231, 'generation': 409}","{'id': 32109, 'rank': 17, 'fitness': 0.8516435009942329, 'generation': 409}","{'id': 32134, 'rank': 18, 'fitness': 0.828589088071026, 'generation': 409}","{'id': 32100, 'rank': 19, 'fitness': 0.8046549922326269, 'generation': 409}","{'id': 32160, 'rank': 20, 'fitness': 0.7767018168254165, 'generation': 409}","{'id': 32137, 'rank': 21, 'fitness': 0.7306924160813414, 'generation': 409}","{'id': 32145, 'rank': 22, 'fitness': 0.5889465410653717, 'generation': 409}","{'id': 32145, 'rank': 23, 'fitness': 0.5889465410653717, 'generation': 409}","{'id': 32153, 'rank': 24, 'fitness': 0.5454595091646823, 'generation': 409}","{'id': 32152, 'rank': 25, 'fitness': 0.5279289259208829, 'generation': 409}","{'id': 31774, 'rank': 26, 'fitness': 0.20845276163439685, 'generation': 409}","{'id': 31987, 'rank': 27, 'fitness': 0.18646891204900368, 'generation': 409}","{'id': 32113, 'rank': 28, 'fitness': 0.0847552712277877, 'generation': 409}","{'id': 32123, 'rank': 29, 'fitness': 0.07372293690688903, 'generation': 409}","{'id': 32118, 'rank': 30, 'fitness': 0.01798620996209155, 'generation': 409}"
"{'id': 32058, 'rank': 1, 'fitness': 0.9820137900379085, 'generation': 410}","{'id': 32235, 'rank': 2, 'fitness': 0.9819820494801166, 'generation': 410}","{'id': 32235, 'rank': 3, 'fitness': 0.9819820494801166, 'generation': 410}","{'id': 32233, 'rank': 4, 'fitness': 0.9813562234823925, 'generation': 410}","{'id': 32233, 'rank': 5, 'fitness': 0.9813562234823925, 'generation': 410}","{'id': 32234, 'rank': 6, 'fitness': 0.9808550408771992, 'generation': 410}","{'id': 32234, 'rank': 7, 'fitness': 0.9808550408771992, 'generation': 410}","{'id': 32234, 'rank': 8, 'fitness': 0.9808550408771992, 'generation': 410}","{'id': 32095, 'rank': 9, 'fitness': 0.9805224068519831, 'generation': 410}","{'id': 32184, 'rank': 10, 'fitness': 0.9804524895355575, 'generation': 410}","{'id': 32059, 'rank': 11, 'fitness': 0.9801824722235616, 'generation': 410}","{'id': 32059, 'rank': 12, 'fitness': 0.9801824722235616, 'generation': 410}","{'id': 32072, 'rank': 13, 'fitness': 0.9801517592624953, 'generation': 410}","{'id': 32072, 'rank': 14, 'fitness': 0.9801517592624953, 'generation': 410}","{'id': 32179, 'rank': 15, 'fitness': 0.9801444991630544, 'generation': 410}","{'id': 32136, 'rank': 16, 'fitness': 0.9801128930880179, 'generation': 410}","{'id': 32178, 'rank': 17, 'fitness': 0.9800410895567158, 'generation': 410}","{'id': 32129, 'rank': 18, 'fitness': 0.9790581266517124, 'generation': 410}","{'id': 32003, 'rank': 19, 'fitness': 0.9783271198555539, 'generation': 410}","{'id': 32003, 'rank': 20, 'fitness': 0.9783271198555539, 'generation': 410}","{'id': 32131, 'rank': 21, 'fitness': 0.9775021080194617, 'generation': 410}","{'id': 32109, 'rank': 22, 'fitness': 0.9774130019837199, 'generation': 410}","{'id': 32160, 'rank': 23, 'fitness': 0.9762428718400186, 'generation': 410}","{'id': 32215, 'rank': 24, 'fitness': 0.9759099433112962, 'generation': 410}","{'id': 32208, 'rank': 25, 'fitness': 0.9735142505735561, 'generation': 410}","{'id': 32185, 'rank': 26, 'fitness': 0.9716767169883036, 'generation': 410}","{'id': 31774, 'rank': 27, 'fitness': 0.9692154353424429, 'generation': 410}","{'id': 32204, 'rank': 28, 'fitness': 0.9626672977773532, 'generation': 410}","{'id': 32203, 'rank': 29, 'fitness': 0.962386035634701, 'generation': 410}","{'id': 32191, 'rank': 30, 'fitness': 0.01798620996209155, 'generation': 410}"
"{'id': 32305, 'rank': 1, 'fitness': 0.9820137900379085, 'generation': 411}","{'id': 32058, 'rank': 2, 'fitness': 0.9719070154013402, 'generation': 411}","{'id': 32058, 'rank': 3, 'fitness': 0.9719070154013402, 'generation': 411}","{'id': 32235, 'rank': 4, 'fitness': 0.9714098050322771, 'generation': 411}","{'id': 32255, 'rank': 5, 'fitness': 0.967226987412925, 'generation': 411}","{'id': 32233, 'rank': 6, 'fitness': 0.9599178911697959, 'generation': 411}","{'id': 32302, 'rank': 7, 'fitness': 0.9479237826885263, 'generation': 411}","{'id': 32248, 'rank': 8, 'fitness': 0.9410272696945858, 'generation': 411}","{'id': 32184, 'rank': 9, 'fitness': 0.9364720256139796, 'generation': 411}","{'id': 32184, 'rank': 10, 'fitness': 0.9364720256139796, 'generation': 411}","{'id': 32301, 'rank': 11, 'fitness': 0.9313891432056485, 'generation': 411}","{'id': 32301, 'rank': 12, 'fitness': 0.9313891432056485, 'generation': 411}","{'id': 32301, 'rank': 13, 'fitness': 0.9313891432056485, 'generation': 411}","{'id': 32307, 'rank': 14, 'fitness': 0.9277997231127457, 'generation': 411}","{'id': 32059, 'rank': 15, 'fitness': 0.9275675093642776, 'generation': 411}","{'id': 32178, 'rank': 16, 'fitness': 0.9225116125406687, 'generation': 411}","{'id': 32178, 'rank': 17, 'fitness': 0.9225116125406687, 'generation': 411}","{'id': 32241, 'rank': 18, 'fitness': 0.9171127004119446, 'generation': 411}","{'id': 32241, 'rank': 19, 'fitness': 0.9171127004119446, 'generation': 411}","{'id': 32292, 'rank': 20, 'fitness': 0.8503208864719968, 'generation': 411}","{'id': 32003, 'rank': 21, 'fitness': 0.8362905861201277, 'generation': 411}","{'id': 32258, 'rank': 22, 'fitness': 0.8221607838946373, 'generation': 411}","{'id': 32263, 'rank': 23, 'fitness': 0.805578949651584, 'generation': 411}","{'id': 32245, 'rank': 24, 'fitness': 0.7967674602289605, 'generation': 411}","{'id': 32245, 'rank': 25, 'fitness': 0.7967674602289605, 'generation': 411}","{'id': 32245, 'rank': 26, 'fitness': 0.7967674602289605, 'generation': 411}","{'id': 32257, 'rank': 27, 'fitness': 0.7520751369598256, 'generation': 411}","{'id': 32267, 'rank': 28, 'fitness': 0.728698122852471, 'generation': 411}","{'id': 32267, 'rank': 29, 'fitness': 0.728698122852471, 'generation': 411}","{'id': 32204, 'rank': 30, 'fitness': 0.01798620996209155, 'generation': 411}"
"{'id': 32375, 'rank': 1, 'fitness': 0.9820137900379085, 'generation': 412}","{'id': 32375, 'rank': 2, 'fitness': 0.9820137900379085, 'generation': 412}","{'id': 32346, 'rank': 3, 'fitness': 0.9817229125474718, 'generation': 412}","{'id': 32346, 'rank': 4, 'fitness': 0.9817229125474718, 'generation': 412}","{'id': 32058, 'rank': 5, 'fitness': 0.9817212792301594, 'generation': 412}","{'id': 32058, 'rank': 6, 'fitness': 0.9817212792301594, 'generation': 412}","{'id': 32058, 'rank': 7, 'fitness': 0.9817212792301594, 'generation': 412}","{'id': 32058, 'rank': 8, 'fitness': 0.9817212792301594, 'generation': 412}","{'id': 32058, 'rank': 9, 'fitness': 0.9817212792301594, 'generation': 412}","{'id': 32058, 'rank': 10, 'fitness': 0.9817212792301594, 'generation': 412}","{'id': 32373, 'rank': 11, 'fitness': 0.9815787333407899, 'generation': 412}","{'id': 32373, 'rank': 12, 'fitness': 0.9815787333407899, 'generation': 412}","{'id': 32233, 'rank': 13, 'fitness': 0.9812844427395713, 'generation': 412}","{'id': 32301, 'rank': 14, 'fitness': 0.98059006460994, 'generation': 412}","{'id': 32059, 'rank': 15, 'fitness': 0.980517320420992, 'generation': 412}","{'id': 32059, 'rank': 16, 'fitness': 0.980517320420992, 'generation': 412}","{'id': 32387, 'rank': 17, 'fitness': 0.9802794375021546, 'generation': 412}","{'id': 32292, 'rank': 18, 'fitness': 0.9794751894151633, 'generation': 412}","{'id': 32003, 'rank': 19, 'fitness': 0.9793350049198348, 'generation': 412}","{'id': 32258, 'rank': 20, 'fitness': 0.9792024245990861, 'generation': 412}","{'id': 32332, 'rank': 21, 'fitness': 0.9788521013710201, 'generation': 412}","{'id': 32376, 'rank': 22, 'fitness': 0.9780050707331986, 'generation': 412}","{'id': 32382, 'rank': 23, 'fitness': 0.9719307540444884, 'generation': 412}","{'id': 32369, 'rank': 24, 'fitness': 0.9620068231978539, 'generation': 412}","{'id': 32354, 'rank': 25, 'fitness': 0.9576073484703304, 'generation': 412}","{'id': 32383, 'rank': 26, 'fitness': 0.9568333290469524, 'generation': 412}","{'id': 32320, 'rank': 27, 'fitness': 0.9567765764346642, 'generation': 412}","{'id': 32325, 'rank': 28, 'fitness': 0.9433871128510191, 'generation': 412}","{'id': 32337, 'rank': 29, 'fitness': 0.05728284107979803, 'generation': 412}","{'id': 32392, 'rank': 30, 'fitness': 0.01798620996209155, 'generation': 412}"
"{'id': 32427, 'rank': 1, 'fitness': 0.9820137900379085, 'generation': 413}","{'id': 32451, 'rank': 2, 'fitness': 0.9781413553798131, 'generation': 413}","{'id': 32398, 'rank': 3, 'fitness': 0.9766496281560335, 'generation': 413}","{'id': 32445, 'rank': 4, 'fitness': 0.9764182572307027, 'generation': 413}","{'id': 32346, 'rank': 5, 'fitness': 0.9757391681838757, 'generation': 413}","{'id': 32058, 'rank': 6, 'fitness': 0.9757200205195743, 'generation': 413}","{'id': 32058, 'rank': 7, 'fitness': 0.9757200205195743, 'generation': 413}","{'id': 32453, 'rank': 8, 'fitness': 0.9745452961940775, 'generation': 413}","{'id': 32373, 'rank': 9, 'fitness': 0.9739978433936701, 'generation': 413}","{'id': 32373, 'rank': 10, 'fitness': 0.9739978433936701, 'generation': 413}","{'id': 32439, 'rank': 11, 'fitness': 0.973857641649678, 'generation': 413}","{'id': 32465, 'rank': 12, 'fitness': 0.9684686177846751, 'generation': 413}","{'id': 32468, 'rank': 13, 'fitness': 0.966936624293041, 'generation': 413}","{'id': 32405, 'rank': 14, 'fitness': 0.9659822650483496, 'generation': 413}","{'id': 32446, 'rank': 15, 'fitness': 0.965194745415371, 'generation': 413}","{'id': 32448, 'rank': 16, 'fitness': 0.9640400200323151, 'generation': 413}","{'id': 32452, 'rank': 17, 'fitness': 0.9629738398011577, 'generation': 413}","{'id': 32301, 'rank': 18, 'fitness': 0.9589042938572532, 'generation': 413}","{'id': 32442, 'rank': 19, 'fitness': 0.9564657284279445, 'generation': 413}","{'id': 32433, 'rank': 20, 'fitness': 0.9528959942689386, 'generation': 413}","{'id': 32416, 'rank': 21, 'fitness': 0.9522737468977983, 'generation': 413}","{'id': 32462, 'rank': 22, 'fitness': 0.9512577370101543, 'generation': 413}","{'id': 32413, 'rank': 23, 'fitness': 0.9425512205003432, 'generation': 413}","{'id': 32003, 'rank': 24, 'fitness': 0.9296904636673528, 'generation': 413}","{'id': 32477, 'rank': 25, 'fitness': 0.9095374205808227, 'generation': 413}","{'id': 32376, 'rank': 26, 'fitness': 0.8824503304997338, 'generation': 413}","{'id': 32478, 'rank': 27, 'fitness': 0.8628528346874836, 'generation': 413}","{'id': 32426, 'rank': 28, 'fitness': 0.7400908090626848, 'generation': 413}","{'id': 32431, 'rank': 29, 'fitness': 0.23138001894136634, 'generation': 413}","{'id': 32354, 'rank': 30, 'fitness': 0.01798620996209155, 'generation': 413}"
"{'id': 32525, 'rank': 1, 'fitness': 0.9820137900379085, 'generation': 414}","{'id': 32427, 'rank': 2, 'fitness': 0.9819700093769822, 'generation': 414}","{'id': 32427, 'rank': 3, 'fitness': 0.9819700093769822, 'generation': 414}","{'id': 32451, 'rank': 4, 'fitness': 0.9818986869209463, 'generation': 414}","{'id': 32346, 'rank': 5, 'fitness': 0.9818603108500652, 'generation': 414}","{'id': 32058, 'rank': 6, 'fitness': 0.981860019807884, 'generation': 414}","{'id': 32534, 'rank': 7, 'fitness': 0.9818405920365774, 'generation': 414}","{'id': 32534, 'rank': 8, 'fitness': 0.9818405920365774, 'generation': 414}","{'id': 32535, 'rank': 9, 'fitness': 0.9818352308701978, 'generation': 414}","{'id': 32373, 'rank': 10, 'fitness': 0.9818346997133645, 'generation': 414}","{'id': 32439, 'rank': 11, 'fitness': 0.9818327094203081, 'generation': 414}","{'id': 32439, 'rank': 12, 'fitness': 0.9818327094203081, 'generation': 414}","{'id': 32465, 'rank': 13, 'fitness': 0.9817630131269908, 'generation': 414}","{'id': 32505, 'rank': 14, 'fitness': 0.98176168954094, 'generation': 414}","{'id': 32405, 'rank': 15, 'fitness': 0.9817345976454819, 'generation': 414}","{'id': 32446, 'rank': 16, 'fitness': 0.9817260061001516, 'generation': 414}","{'id': 32523, 'rank': 17, 'fitness': 0.9817254714396924, 'generation': 414}","{'id': 32452, 'rank': 18, 'fitness': 0.9817027293214102, 'generation': 414}","{'id': 32301, 'rank': 19, 'fitness': 0.9816632950080235, 'generation': 414}","{'id': 32511, 'rank': 20, 'fitness': 0.9816517765297745, 'generation': 414}","{'id': 32531, 'rank': 21, 'fitness': 0.981642584008841, 'generation': 414}","{'id': 32508, 'rank': 22, 'fitness': 0.9816142850737342, 'generation': 414}","{'id': 32462, 'rank': 23, 'fitness': 0.9815981916050562, 'generation': 414}","{'id': 32549, 'rank': 24, 'fitness': 0.9815129425552177, 'generation': 414}","{'id': 32502, 'rank': 25, 'fitness': 0.981460938982672, 'generation': 414}","{'id': 32003, 'rank': 26, 'fitness': 0.9814555381171974, 'generation': 414}","{'id': 32376, 'rank': 27, 'fitness': 0.9812461568523048, 'generation': 414}","{'id': 32539, 'rank': 28, 'fitness': 0.9810583953082163, 'generation': 414}","{'id': 32514, 'rank': 29, 'fitness': 0.9807109403885788, 'generation': 414}","{'id': 32499, 'rank': 30, 'fitness': 0.01798620996209155, 'generation': 414}"
"{'id': 32525, 'rank': 1, 'fitness': 0.9820137900379085, 'generation': 415}","{'id': 32427, 'rank': 2, 'fitness': 0.9698351438412217, 'generation': 415}","{'id': 32427, 'rank': 3, 'fitness': 0.9698351438412217, 'generation': 415}","{'id': 32625, 'rank': 4, 'fitness': 0.9388803228208966, 'generation': 415}","{'id': 32451, 'rank': 5, 'fitness': 0.9315318018536145, 'generation': 415}","{'id': 32626, 'rank': 6, 'fitness': 0.9090670457956391, 'generation': 415}","{'id': 32590, 'rank': 7, 'fitness': 0.8790621350015193, 'generation': 415}","{'id': 32610, 'rank': 8, 'fitness': 0.8481294109528098, 'generation': 415}","{'id': 32580, 'rank': 9, 'fitness': 0.8437904784136279, 'generation': 415}","{'id': 32637, 'rank': 10, 'fitness': 0.8326436199101483, 'generation': 415}","{'id': 32637, 'rank': 11, 'fitness': 0.8326436199101483, 'generation': 415}","{'id': 32643, 'rank': 12, 'fitness': 0.8151025450759543, 'generation': 415}","{'id': 32591, 'rank': 13, 'fitness': 0.6721822540005524, 'generation': 415}","{'id': 32405, 'rank': 14, 'fitness': 0.6557647010129912, 'generation': 415}","{'id': 32446, 'rank': 15, 'fitness': 0.6322816912127306, 'generation': 415}","{'id': 32523, 'rank': 16, 'fitness': 0.6307983527655905, 'generation': 415}","{'id': 32593, 'rank': 17, 'fitness': 0.5889938964720932, 'generation': 415}","{'id': 32612, 'rank': 18, 'fitness': 0.576787414435033, 'generation': 415}","{'id': 32628, 'rank': 19, 'fitness': 0.5470125297344755, 'generation': 415}","{'id': 32618, 'rank': 20, 'fitness': 0.5206522247675768, 'generation': 415}","{'id': 32511, 'rank': 21, 'fitness': 0.41550683814793715, 'generation': 415}","{'id': 32620, 'rank': 22, 'fitness': 0.35682067086340835, 'generation': 415}","{'id': 32462, 'rank': 23, 'fitness': 0.27355086797221206, 'generation': 415}","{'id': 32576, 'rank': 24, 'fitness': 0.26788935062937724, 'generation': 415}","{'id': 32631, 'rank': 25, 'fitness': 0.26234555023300465, 'generation': 415}","{'id': 32574, 'rank': 26, 'fitness': 0.18652263815753622, 'generation': 415}","{'id': 32617, 'rank': 27, 'fitness': 0.1170257325975409, 'generation': 415}","{'id': 32617, 'rank': 28, 'fitness': 0.1170257325975409, 'generation': 415}","{'id': 32645, 'rank': 29, 'fitness': 0.10433335441175506, 'generation': 415}","{'id': 32615, 'rank': 30, 'fitness': 0.01798620996209155, 'generation': 415}"
"{'id': 32427, 'rank': 1, 'fitness': 0.9820137900379085, 'generation': 416}","{'id': 32674, 'rank': 2, 'fitness': 0.981969326306586, 'generation': 416}","{'id': 32625, 'rank': 3, 'fitness': 0.9818867378395101, 'generation': 416}","{'id': 32610, 'rank': 4, 'fitness': 0.9817112494972848, 'generation': 416}","{'id': 32580, 'rank': 5, 'fitness': 0.9817054461725536, 'generation': 416}","{'id': 32580, 'rank': 6, 'fitness': 0.9817054461725536, 'generation': 416}","{'id': 32637, 'rank': 7, 'fitness': 0.9816911079293855, 'generation': 416}","{'id': 32637, 'rank': 8, 'fitness': 0.9816911079293855, 'generation': 416}","{'id': 32643, 'rank': 9, 'fitness': 0.9816699939903052, 'generation': 416}","{'id': 32682, 'rank': 10, 'fitness': 0.9816634831738642, 'generation': 416}","{'id': 32682, 'rank': 11, 'fitness': 0.9816634831738642, 'generation': 416}","{'id': 32682, 'rank': 12, 'fitness': 0.9816634831738642, 'generation': 416}","{'id': 32675, 'rank': 13, 'fitness': 0.9815909640439995, 'generation': 416}","{'id': 32675, 'rank': 14, 'fitness': 0.9815909640439995, 'generation': 416}","{'id': 32675, 'rank': 15, 'fitness': 0.9815909640439995, 'generation': 416}","{'id': 32591, 'rank': 16, 'fitness': 0.9815358373523557, 'generation': 416}","{'id': 32593, 'rank': 17, 'fitness': 0.9814727149062671, 'generation': 416}","{'id': 32593, 'rank': 18, 'fitness': 0.9814727149062671, 'generation': 416}","{'id': 32631, 'rank': 19, 'fitness': 0.9812251534479618, 'generation': 416}","{'id': 32617, 'rank': 20, 'fitness': 0.9810478478017426, 'generation': 416}","{'id': 32645, 'rank': 21, 'fitness': 0.9810245416739785, 'generation': 416}","{'id': 32645, 'rank': 22, 'fitness': 0.9810245416739785, 'generation': 416}","{'id': 32660, 'rank': 23, 'fitness': 0.9794382336664611, 'generation': 416}","{'id': 32699, 'rank': 24, 'fitness': 0.9764949731618677, 'generation': 416}","{'id': 32652, 'rank': 25, 'fitness': 0.962528972261826, 'generation': 416}","{'id': 32696, 'rank': 26, 'fitness': 0.9532863154651497, 'generation': 416}","{'id': 32706, 'rank': 27, 'fitness': 0.9449261826013325, 'generation': 416}","{'id': 32692, 'rank': 28, 'fitness': 0.9398938817826862, 'generation': 416}","{'id': 32665, 'rank': 29, 'fitness': 0.3367845636551074, 'generation': 416}","{'id': 32684, 'rank': 30, 'fitness': 0.01798620996209155, 'generation': 416}"
"{'id': 32746, 'rank': 1, 'fitness': 0.9820137900379085, 'generation': 417}","{'id': 32746, 'rank': 2, 'fitness': 0.9820137900379085, 'generation': 417}","{'id': 32625, 'rank': 3, 'fitness': 0.9799884231036282, 'generation': 417}","{'id': 32625, 'rank': 4, 'fitness': 0.9799884231036282, 'generation': 417}","{'id': 32625, 'rank': 5, 'fitness': 0.9799884231036282, 'generation': 417}","{'id': 32729, 'rank': 6, 'fitness': 0.9791562559378714, 'generation': 417}","{'id': 32580, 'rank': 7, 'fitness': 0.9786089393146213, 'generation': 417}","{'id': 32728, 'rank': 8, 'fitness': 0.9785714338235684, 'generation': 417}","{'id': 32769, 'rank': 9, 'fitness': 0.9785365068348089, 'generation': 417}","{'id': 32769, 'rank': 10, 'fitness': 0.9785365068348089, 'generation': 417}","{'id': 32769, 'rank': 11, 'fitness': 0.9785365068348089, 'generation': 417}","{'id': 32682, 'rank': 12, 'fitness': 0.9782786147765657, 'generation': 417}","{'id': 32682, 'rank': 13, 'fitness': 0.9782786147765657, 'generation': 417}","{'id': 32776, 'rank': 14, 'fitness': 0.9779071683432051, 'generation': 417}","{'id': 32747, 'rank': 15, 'fitness': 0.9763326427101853, 'generation': 417}","{'id': 32793, 'rank': 16, 'fitness': 0.9761705107659644, 'generation': 417}","{'id': 32775, 'rank': 17, 'fitness': 0.9758076050929254, 'generation': 417}","{'id': 32733, 'rank': 18, 'fitness': 0.9752522937838378, 'generation': 417}","{'id': 32791, 'rank': 19, 'fitness': 0.975188553928485, 'generation': 417}","{'id': 32791, 'rank': 20, 'fitness': 0.975188553928485, 'generation': 417}","{'id': 32750, 'rank': 21, 'fitness': 0.9751766327143567, 'generation': 417}","{'id': 32730, 'rank': 22, 'fitness': 0.9746411308782164, 'generation': 417}","{'id': 32631, 'rank': 23, 'fitness': 0.9745676216359715, 'generation': 417}","{'id': 32751, 'rank': 24, 'fitness': 0.9735663981322354, 'generation': 417}","{'id': 32645, 'rank': 25, 'fitness': 0.972702275542604, 'generation': 417}","{'id': 32645, 'rank': 26, 'fitness': 0.972702275542604, 'generation': 417}","{'id': 32712, 'rank': 27, 'fitness': 0.9692846424140953, 'generation': 417}","{'id': 32780, 'rank': 28, 'fitness': 0.8506590934073472, 'generation': 417}","{'id': 32726, 'rank': 29, 'fitness': 0.03552940569095492, 'generation': 417}","{'id': 32772, 'rank': 30, 'fitness': 0.01798620996209155, 'generation': 417}"
"{'id': 32746, 'rank': 1, 'fitness': 0.9820137900379085, 'generation': 418}","{'id': 32858, 'rank': 2, 'fitness': 0.9786856375242422, 'generation': 418}","{'id': 32841, 'rank': 3, 'fitness': 0.9478171384730596, 'generation': 418}","{'id': 32860, 'rank': 4, 'fitness': 0.9354457050860426, 'generation': 418}","{'id': 32860, 'rank': 5, 'fitness': 0.9354457050860426, 'generation': 418}","{'id': 32855, 'rank': 6, 'fitness': 0.9213973863792654, 'generation': 418}","{'id': 32625, 'rank': 7, 'fitness': 0.9206297788995854, 'generation': 418}","{'id': 32861, 'rank': 8, 'fitness': 0.8772180177428412, 'generation': 418}","{'id': 32800, 'rank': 9, 'fitness': 0.8689603782688919, 'generation': 418}","{'id': 32800, 'rank': 10, 'fitness': 0.8689603782688919, 'generation': 418}","{'id': 32827, 'rank': 11, 'fitness': 0.8571699169364746, 'generation': 418}","{'id': 32769, 'rank': 12, 'fitness': 0.8072592487628838, 'generation': 418}","{'id': 32682, 'rank': 13, 'fitness': 0.7787585104831259, 'generation': 418}","{'id': 32802, 'rank': 14, 'fitness': 0.7784832119343867, 'generation': 418}","{'id': 32839, 'rank': 15, 'fitness': 0.7514346681457948, 'generation': 418}","{'id': 32839, 'rank': 16, 'fitness': 0.7514346681457948, 'generation': 418}","{'id': 32850, 'rank': 17, 'fitness': 0.7453014559291493, 'generation': 418}","{'id': 32776, 'rank': 18, 'fitness': 0.7333248604855165, 'generation': 418}","{'id': 32776, 'rank': 19, 'fitness': 0.7333248604855165, 'generation': 418}","{'id': 32823, 'rank': 20, 'fitness': 0.6406519158161129, 'generation': 418}","{'id': 32820, 'rank': 21, 'fitness': 0.5439603204882447, 'generation': 418}","{'id': 32793, 'rank': 22, 'fitness': 0.477158320618017, 'generation': 418}","{'id': 32825, 'rank': 23, 'fitness': 0.38893589593558375, 'generation': 418}","{'id': 32828, 'rank': 24, 'fitness': 0.3852171143407592, 'generation': 418}","{'id': 32750, 'rank': 25, 'fitness': 0.3345063109497274, 'generation': 418}","{'id': 32824, 'rank': 26, 'fitness': 0.2387469608849841, 'generation': 418}","{'id': 32815, 'rank': 27, 'fitness': 0.2009403660404921, 'generation': 418}","{'id': 32851, 'rank': 28, 'fitness': 0.17363216801085007, 'generation': 418}","{'id': 32751, 'rank': 29, 'fitness': 0.1670746034249755, 'generation': 418}","{'id': 32873, 'rank': 30, 'fitness': 0.01798620996209155, 'generation': 418}"
"{'id': 32746, 'rank': 1, 'fitness': 0.9820137900379085, 'generation': 419}","{'id': 32858, 'rank': 2, 'fitness': 0.9819896519951661, 'generation': 419}","{'id': 32858, 'rank': 3, 'fitness': 0.9819896519951661, 'generation': 419}","{'id': 32879, 'rank': 4, 'fitness': 0.9819707059822456, 'generation': 419}","{'id': 32841, 'rank': 5, 'fitness': 0.9818598376368932, 'generation': 419}","{'id': 32860, 'rank': 6, 'fitness': 0.9818280800806418, 'generation': 419}","{'id': 32625, 'rank': 7, 'fitness': 0.981796734398596, 'generation': 419}","{'id': 32881, 'rank': 8, 'fitness': 0.9817898421706662, 'generation': 419}","{'id': 32861, 'rank': 9, 'fitness': 0.9817283071140914, 'generation': 419}","{'id': 32800, 'rank': 10, 'fitness': 0.9817177581294942, 'generation': 419}","{'id': 32800, 'rank': 11, 'fitness': 0.9817177581294942, 'generation': 419}","{'id': 32800, 'rank': 12, 'fitness': 0.9817177581294942, 'generation': 419}","{'id': 32769, 'rank': 13, 'fitness': 0.9816526037614624, 'generation': 419}","{'id': 32839, 'rank': 14, 'fitness': 0.9816062377861037, 'generation': 419}","{'id': 32850, 'rank': 15, 'fitness': 0.9816015993681338, 'generation': 419}","{'id': 32776, 'rank': 16, 'fitness': 0.9815927452107411, 'generation': 419}","{'id': 32825, 'rank': 17, 'fitness': 0.9813830602371618, 'generation': 419}","{'id': 32750, 'rank': 18, 'fitness': 0.9813490122757562, 'generation': 419}","{'id': 32815, 'rank': 19, 'fitness': 0.9812487804241723, 'generation': 419}","{'id': 32851, 'rank': 20, 'fitness': 0.981222690461033, 'generation': 419}","{'id': 32751, 'rank': 21, 'fitness': 0.9812159466472927, 'generation': 419}","{'id': 32873, 'rank': 22, 'fitness': 0.9808648544033701, 'generation': 419}","{'id': 32873, 'rank': 23, 'fitness': 0.9808648544033701, 'generation': 419}","{'id': 32936, 'rank': 24, 'fitness': 0.980686381260405, 'generation': 419}","{'id': 32895, 'rank': 25, 'fitness': 0.9799585941464024, 'generation': 419}","{'id': 32890, 'rank': 26, 'fitness': 0.9724998777946385, 'generation': 419}","{'id': 32920, 'rank': 27, 'fitness': 0.9707590634267056, 'generation': 419}","{'id': 32920, 'rank': 28, 'fitness': 0.9707590634267056, 'generation': 419}","{'id': 32889, 'rank': 29, 'fitness': 0.9666967720330673, 'generation': 419}","{'id': 32929, 'rank': 30, 'fitness': 0.01798620996209155, 'generation': 419}"
"{'id': 33016, 'rank': 1, 'fitness': 0.9820137900379085, 'generation': 420}","{'id': 32976, 'rank': 2, 'fitness': 0.9803569798286482, 'generation': 420}","{'id': 32858, 'rank': 3, 'fitness': 0.9802835065012268, 'generation': 420}","{'id': 32879, 'rank': 4, 'fitness': 0.9798876547591543, 'generation': 420}","{'id': 33000, 'rank': 5, 'fitness': 0.9793535038640799, 'generation': 420}","{'id': 33000, 'rank': 6, 'fitness': 0.9793535038640799, 'generation': 420}","{'id': 33000, 'rank': 7, 'fitness': 0.9793535038640799, 'generation': 420}","{'id': 33026, 'rank': 8, 'fitness': 0.9790224194316615, 'generation': 420}","{'id': 32997, 'rank': 9, 'fitness': 0.9778968072593595, 'generation': 420}","{'id': 32860, 'rank': 10, 'fitness': 0.9766626816509386, 'generation': 420}","{'id': 32800, 'rank': 11, 'fitness': 0.973847325405522, 'generation': 420}","{'id': 32800, 'rank': 12, 'fitness': 0.973847325405522, 'generation': 420}","{'id': 33024, 'rank': 13, 'fitness': 0.9725078298255432, 'generation': 420}","{'id': 33017, 'rank': 14, 'fitness': 0.9724413536537905, 'generation': 420}","{'id': 33002, 'rank': 15, 'fitness': 0.9716616622050003, 'generation': 420}","{'id': 33002, 'rank': 16, 'fitness': 0.9716616622050003, 'generation': 420}","{'id': 32850, 'rank': 17, 'fitness': 0.9705475961170646, 'generation': 420}","{'id': 32992, 'rank': 18, 'fitness': 0.9697653303677105, 'generation': 420}","{'id': 33007, 'rank': 19, 'fitness': 0.9694986694136428, 'generation': 420}","{'id': 33032, 'rank': 20, 'fitness': 0.9655976380882644, 'generation': 420}","{'id': 32815, 'rank': 21, 'fitness': 0.9580511587116757, 'generation': 420}","{'id': 33011, 'rank': 22, 'fitness': 0.9571716547233227, 'generation': 420}","{'id': 32751, 'rank': 23, 'fitness': 0.9566725920999466, 'generation': 420}","{'id': 33034, 'rank': 24, 'fitness': 0.9485998019596665, 'generation': 420}","{'id': 32873, 'rank': 25, 'fitness': 0.9391806823529669, 'generation': 420}","{'id': 32968, 'rank': 26, 'fitness': 0.9352375182879741, 'generation': 420}","{'id': 32936, 'rank': 27, 'fitness': 0.9280951520594691, 'generation': 420}","{'id': 32962, 'rank': 28, 'fitness': 0.885366885533035, 'generation': 420}","{'id': 32966, 'rank': 29, 'fitness': 0.8593335226267419, 'generation': 420}","{'id': 33012, 'rank': 30, 'fitness': 0.01798620996209155, 'generation': 420}"
"{'id': 32976, 'rank': 1, 'fitness': 0.9820137900379085, 'generation': 421}","{'id': 32858, 'rank': 2, 'fitness': 0.9817237739200417, 'generation': 421}","{'id': 32858, 'rank': 3, 'fitness': 0.9817237739200417, 'generation': 421}","{'id': 32879, 'rank': 4, 'fitness': 0.9801002589297572, 'generation': 421}","{'id': 32997, 'rank': 5, 'fitness': 0.9702430989944608, 'generation': 421}","{'id': 33050, 'rank': 6, 'fitness': 0.9523292292528589, 'generation': 421}","{'id': 33105, 'rank': 7, 'fitness': 0.9485360885934366, 'generation': 421}","{'id': 32800, 'rank': 8, 'fitness': 0.9397495497781477, 'generation': 421}","{'id': 32800, 'rank': 9, 'fitness': 0.9397495497781477, 'generation': 421}","{'id': 32800, 'rank': 10, 'fitness': 0.9397495497781477, 'generation': 421}","{'id': 32800, 'rank': 11, 'fitness': 0.9397495497781477, 'generation': 421}","{'id': 33113, 'rank': 12, 'fitness': 0.9353860131138738, 'generation': 421}","{'id': 33080, 'rank': 13, 'fitness': 0.933398944220937, 'generation': 421}","{'id': 33047, 'rank': 14, 'fitness': 0.9329784957873362, 'generation': 421}","{'id': 33002, 'rank': 15, 'fitness': 0.9163799476385743, 'generation': 421}","{'id': 33120, 'rank': 16, 'fitness': 0.9036750547038118, 'generation': 421}","{'id': 33052, 'rank': 17, 'fitness': 0.9026471770120984, 'generation': 421}","{'id': 32850, 'rank': 18, 'fitness': 0.9024099319226939, 'generation': 421}","{'id': 32850, 'rank': 19, 'fitness': 0.9024099319226939, 'generation': 421}","{'id': 33128, 'rank': 20, 'fitness': 0.8560973029627963, 'generation': 421}","{'id': 33066, 'rank': 21, 'fitness': 0.8421104854120924, 'generation': 421}","{'id': 33104, 'rank': 22, 'fitness': 0.8404164686374389, 'generation': 421}","{'id': 33032, 'rank': 23, 'fitness': 0.8231569371821187, 'generation': 421}","{'id': 33103, 'rank': 24, 'fitness': 0.7560406693062096, 'generation': 421}","{'id': 33011, 'rank': 25, 'fitness': 0.6372065242137861, 'generation': 421}","{'id': 33056, 'rank': 26, 'fitness': 0.5865392980600482, 'generation': 421}","{'id': 33099, 'rank': 27, 'fitness': 0.5631382260564791, 'generation': 421}","{'id': 33125, 'rank': 28, 'fitness': 0.4278254327426783, 'generation': 421}","{'id': 32873, 'rank': 29, 'fitness': 0.2653933874949029, 'generation': 421}","{'id': 33071, 'rank': 30, 'fitness': 0.01798620996209155, 'generation': 421}"
"{'id': 32976, 'rank': 1, 'fitness': 0.9820137900379085, 'generation': 422}","{'id': 33141, 'rank': 2, 'fitness': 0.9812660235092909, 'generation': 422}","{'id': 33141, 'rank': 3, 'fitness': 0.9812660235092909, 'generation': 422}","{'id': 33140, 'rank': 4, 'fitness': 0.9810598613974022, 'generation': 422}","{'id': 33202, 'rank': 5, 'fitness': 0.9810595866205302, 'generation': 422}","{'id': 32997, 'rank': 6, 'fitness': 0.9810249919893314, 'generation': 422}","{'id': 33173, 'rank': 7, 'fitness': 0.9806259571477324, 'generation': 422}","{'id': 33203, 'rank': 8, 'fitness': 0.9805842411984989, 'generation': 422}","{'id': 33175, 'rank': 9, 'fitness': 0.9802800739277189, 'generation': 422}","{'id': 33175, 'rank': 10, 'fitness': 0.9802800739277189, 'generation': 422}","{'id': 33050, 'rank': 11, 'fitness': 0.9800360317391409, 'generation': 422}","{'id': 33050, 'rank': 12, 'fitness': 0.9800360317391409, 'generation': 422}","{'id': 33105, 'rank': 13, 'fitness': 0.9798686519383941, 'generation': 422}","{'id': 33105, 'rank': 14, 'fitness': 0.9798686519383941, 'generation': 422}","{'id': 33155, 'rank': 15, 'fitness': 0.9774774597644424, 'generation': 422}","{'id': 33104, 'rank': 16, 'fitness': 0.9770819136791111, 'generation': 422}","{'id': 33103, 'rank': 17, 'fitness': 0.9757919026429895, 'generation': 422}","{'id': 33103, 'rank': 18, 'fitness': 0.9757919026429895, 'generation': 422}","{'id': 33011, 'rank': 19, 'fitness': 0.9743319163028675, 'generation': 422}","{'id': 33207, 'rank': 20, 'fitness': 0.9742729697999457, 'generation': 422}","{'id': 33206, 'rank': 21, 'fitness': 0.9725374260447001, 'generation': 422}","{'id': 33165, 'rank': 22, 'fitness': 0.9656520437612319, 'generation': 422}","{'id': 33165, 'rank': 23, 'fitness': 0.9656520437612319, 'generation': 422}","{'id': 33178, 'rank': 24, 'fitness': 0.9614784622741679, 'generation': 422}","{'id': 33149, 'rank': 25, 'fitness': 0.9567641434168063, 'generation': 422}","{'id': 33129, 'rank': 26, 'fitness': 0.9259343057313149, 'generation': 422}","{'id': 33183, 'rank': 27, 'fitness': 0.9205744700141669, 'generation': 422}","{'id': 33186, 'rank': 28, 'fitness': 0.9091271119513378, 'generation': 422}","{'id': 33166, 'rank': 29, 'fitness': 0.34155803868919743, 'generation': 422}","{'id': 33132, 'rank': 30, 'fitness': 0.01798620996209155, 'generation': 422}"
"{'id': 32976, 'rank': 1, 'fitness': 0.9820137900379085, 'generation': 423}","{'id': 32976, 'rank': 2, 'fitness': 0.9820137900379085, 'generation': 423}","{'id': 32976, 'rank': 3, 'fitness': 0.9820137900379085, 'generation': 423}","{'id': 33247, 'rank': 4, 'fitness': 0.9806198249954263, 'generation': 423}","{'id': 33274, 'rank': 5, 'fitness': 0.9785290766567541, 'generation': 423}","{'id': 33141, 'rank': 6, 'fitness': 0.9782966380619091, 'generation': 423}","{'id': 33141, 'rank': 7, 'fitness': 0.9782966380619091, 'generation': 423}","{'id': 33270, 'rank': 8, 'fitness': 0.9781770446720515, 'generation': 423}","{'id': 33140, 'rank': 9, 'fitness': 0.9771753568744013, 'generation': 423}","{'id': 33140, 'rank': 10, 'fitness': 0.9771753568744013, 'generation': 423}","{'id': 33268, 'rank': 11, 'fitness': 0.9751050462098613, 'generation': 423}","{'id': 33175, 'rank': 12, 'fitness': 0.972529972992268, 'generation': 423}","{'id': 33050, 'rank': 13, 'fitness': 0.9709384704052164, 'generation': 423}","{'id': 33050, 'rank': 14, 'fitness': 0.9709384704052164, 'generation': 423}","{'id': 33291, 'rank': 15, 'fitness': 0.9562809773302503, 'generation': 423}","{'id': 33309, 'rank': 16, 'fitness': 0.9557500249206394, 'generation': 423}","{'id': 33272, 'rank': 17, 'fitness': 0.9477224282941306, 'generation': 423}","{'id': 33260, 'rank': 18, 'fitness': 0.9420581313358334, 'generation': 423}","{'id': 33271, 'rank': 19, 'fitness': 0.9326191260892072, 'generation': 423}","{'id': 33103, 'rank': 20, 'fitness': 0.9307655659281954, 'generation': 423}","{'id': 33313, 'rank': 21, 'fitness': 0.9285211373248046, 'generation': 423}","{'id': 33259, 'rank': 22, 'fitness': 0.9245720084902025, 'generation': 423}","{'id': 33240, 'rank': 23, 'fitness': 0.9100930265697084, 'generation': 423}","{'id': 33257, 'rank': 24, 'fitness': 0.9093025473671734, 'generation': 423}","{'id': 33242, 'rank': 25, 'fitness': 0.884155892446853, 'generation': 423}","{'id': 33232, 'rank': 26, 'fitness': 0.8671676743163667, 'generation': 423}","{'id': 33241, 'rank': 27, 'fitness': 0.8576364598136325, 'generation': 423}","{'id': 33165, 'rank': 28, 'fitness': 0.7179636970946588, 'generation': 423}","{'id': 33296, 'rank': 29, 'fitness': 0.7116261055253021, 'generation': 423}","{'id': 33279, 'rank': 30, 'fitness': 0.01798620996209155, 'generation': 423}"
"{'id': 33372, 'rank': 1, 'fitness': 0.9820137900379085, 'generation': 424}","{'id': 33401, 'rank': 2, 'fitness': 0.9780767769809042, 'generation': 424}","{'id': 33401, 'rank': 3, 'fitness': 0.9780767769809042, 'generation': 424}","{'id': 32976, 'rank': 4, 'fitness': 0.9777618018900529, 'generation': 424}","{'id': 32976, 'rank': 5, 'fitness': 0.9777618018900529, 'generation': 424}","{'id': 33141, 'rank': 6, 'fitness': 0.974011933472275, 'generation': 424}","{'id': 33340, 'rank': 7, 'fitness': 0.9738960630324548, 'generation': 424}","{'id': 33317, 'rank': 8, 'fitness': 0.9738201707928328, 'generation': 424}","{'id': 33140, 'rank': 9, 'fitness': 0.9729030710721749, 'generation': 424}","{'id': 33341, 'rank': 10, 'fitness': 0.9721791249756471, 'generation': 424}","{'id': 33341, 'rank': 11, 'fitness': 0.9721791249756471, 'generation': 424}","{'id': 33175, 'rank': 12, 'fitness': 0.9684021110652057, 'generation': 424}","{'id': 33364, 'rank': 13, 'fitness': 0.9654602146251086, 'generation': 424}","{'id': 33399, 'rank': 14, 'fitness': 0.9630539538602664, 'generation': 424}","{'id': 33353, 'rank': 15, 'fitness': 0.9598137264767739, 'generation': 424}","{'id': 33403, 'rank': 16, 'fitness': 0.9574549438270954, 'generation': 424}","{'id': 33309, 'rank': 17, 'fitness': 0.9530625931508956, 'generation': 424}","{'id': 33309, 'rank': 18, 'fitness': 0.9530625931508956, 'generation': 424}","{'id': 33373, 'rank': 19, 'fitness': 0.9470930594782331, 'generation': 424}","{'id': 33388, 'rank': 20, 'fitness': 0.9440306200847308, 'generation': 424}","{'id': 33388, 'rank': 21, 'fitness': 0.9440306200847308, 'generation': 424}","{'id': 33325, 'rank': 22, 'fitness': 0.9412924476256253, 'generation': 424}","{'id': 33260, 'rank': 23, 'fitness': 0.9412684218081564, 'generation': 424}","{'id': 33406, 'rank': 24, 'fitness': 0.9303732049664091, 'generation': 424}","{'id': 33326, 'rank': 25, 'fitness': 0.9246474276471031, 'generation': 424}","{'id': 33326, 'rank': 26, 'fitness': 0.9246474276471031, 'generation': 424}","{'id': 33345, 'rank': 27, 'fitness': 0.9034464371416806, 'generation': 424}","{'id': 33165, 'rank': 28, 'fitness': 0.7737252920259408, 'generation': 424}","{'id': 33165, 'rank': 29, 'fitness': 0.7737252920259408, 'generation': 424}","{'id': 33356, 'rank': 30, 'fitness': 0.01798620996209155, 'generation': 424}"
"{'id': 33372, 'rank': 1, 'fitness': 0.9820137900379085, 'generation': 425}","{'id': 33372, 'rank': 2, 'fitness': 0.9820137900379085, 'generation': 425}","{'id': 33401, 'rank': 3, 'fitness': 0.9780767769809042, 'generation': 425}","{'id': 32976, 'rank': 4, 'fitness': 0.9777618018900529, 'generation': 425}","{'id': 33340, 'rank': 5, 'fitness': 0.9738960630324548, 'generation': 425}","{'id': 33341, 'rank': 6, 'fitness': 0.9721791249756471, 'generation': 425}","{'id': 33486, 'rank': 7, 'fitness': 0.9714133177432798, 'generation': 425}","{'id': 33475, 'rank': 8, 'fitness': 0.9686167041562058, 'generation': 425}","{'id': 33418, 'rank': 9, 'fitness': 0.9630828413887427, 'generation': 425}","{'id': 33418, 'rank': 10, 'fitness': 0.9630828413887427, 'generation': 425}","{'id': 33453, 'rank': 11, 'fitness': 0.9592538221509166, 'generation': 425}","{'id': 33415, 'rank': 12, 'fitness': 0.9585955178262714, 'generation': 425}","{'id': 33415, 'rank': 13, 'fitness': 0.9585955178262714, 'generation': 425}","{'id': 33403, 'rank': 14, 'fitness': 0.9574549438270954, 'generation': 425}","{'id': 33309, 'rank': 15, 'fitness': 0.9530625931508956, 'generation': 425}","{'id': 33309, 'rank': 16, 'fitness': 0.9530625931508956, 'generation': 425}","{'id': 33388, 'rank': 17, 'fitness': 0.9440306200847308, 'generation': 425}","{'id': 33388, 'rank': 18, 'fitness': 0.9440306200847308, 'generation': 425}","{'id': 33388, 'rank': 19, 'fitness': 0.9440306200847308, 'generation': 425}","{'id': 33388, 'rank': 20, 'fitness': 0.9440306200847308, 'generation': 425}","{'id': 33465, 'rank': 21, 'fitness': 0.9426851554826552, 'generation': 425}","{'id': 33326, 'rank': 22, 'fitness': 0.9246474276471031, 'generation': 425}","{'id': 33432, 'rank': 23, 'fitness': 0.9173764992139337, 'generation': 425}","{'id': 33432, 'rank': 24, 'fitness': 0.9173764992139337, 'generation': 425}","{'id': 33450, 'rank': 25, 'fitness': 0.9128962807280411, 'generation': 425}","{'id': 33463, 'rank': 26, 'fitness': 0.7830168589463266, 'generation': 425}","{'id': 33463, 'rank': 27, 'fitness': 0.7830168589463266, 'generation': 425}","{'id': 33165, 'rank': 28, 'fitness': 0.7737252920259408, 'generation': 425}","{'id': 33436, 'rank': 29, 'fitness': 0.6359441174319501, 'generation': 425}","{'id': 33356, 'rank': 30, 'fitness': 0.01798620996209155, 'generation': 425}"
"{'id': 33372, 'rank': 1, 'fitness': 0.9820137900379085, 'generation': 426}","{'id': 33372, 'rank': 2, 'fitness': 0.9820137900379085, 'generation': 426}","{'id': 33372, 'rank': 3, 'fitness': 0.9820137900379085, 'generation': 426}","{'id': 33543, 'rank': 4, 'fitness': 0.977426113911983, 'generation': 426}","{'id': 32976, 'rank': 5, 'fitness': 0.9763383213963068, 'generation': 426}","{'id': 33556, 'rank': 6, 'fitness': 0.9748400398230606, 'generation': 426}","{'id': 33341, 'rank': 7, 'fitness': 0.968412324208632, 'generation': 426}","{'id': 33559, 'rank': 8, 'fitness': 0.9682093460756003, 'generation': 426}","{'id': 33519, 'rank': 9, 'fitness': 0.9677436484562397, 'generation': 426}","{'id': 33519, 'rank': 10, 'fitness': 0.9677436484562397, 'generation': 426}","{'id': 33544, 'rank': 11, 'fitness': 0.9657525523294477, 'generation': 426}","{'id': 33512, 'rank': 12, 'fitness': 0.9621367382145017, 'generation': 426}","{'id': 33511, 'rank': 13, 'fitness': 0.9568703556169492, 'generation': 426}","{'id': 33523, 'rank': 14, 'fitness': 0.95464361217397, 'generation': 426}","{'id': 33418, 'rank': 15, 'fitness': 0.9545612187465444, 'generation': 426}","{'id': 33498, 'rank': 16, 'fitness': 0.9537632947709803, 'generation': 426}","{'id': 33498, 'rank': 17, 'fitness': 0.9537632947709803, 'generation': 426}","{'id': 33498, 'rank': 18, 'fitness': 0.9537632947709803, 'generation': 426}","{'id': 33415, 'rank': 19, 'fitness': 0.9473744998654225, 'generation': 426}","{'id': 33524, 'rank': 20, 'fitness': 0.9365566608701635, 'generation': 426}","{'id': 33388, 'rank': 21, 'fitness': 0.9227910171856291, 'generation': 426}","{'id': 33507, 'rank': 22, 'fitness': 0.7662919175722929, 'generation': 426}","{'id': 33509, 'rank': 23, 'fitness': 0.7619600755714782, 'generation': 426}","{'id': 33508, 'rank': 24, 'fitness': 0.6832144613782024, 'generation': 426}","{'id': 33165, 'rank': 25, 'fitness': 0.6027660881818694, 'generation': 426}","{'id': 33165, 'rank': 26, 'fitness': 0.6027660881818694, 'generation': 426}","{'id': 33537, 'rank': 27, 'fitness': 0.5507988072861705, 'generation': 426}","{'id': 33537, 'rank': 28, 'fitness': 0.5507988072861705, 'generation': 426}","{'id': 33536, 'rank': 29, 'fitness': 0.4749907356510575, 'generation': 426}","{'id': 33547, 'rank': 30, 'fitness': 0.01798620996209155, 'generation': 426}"
"{'id': 33372, 'rank': 1, 'fitness': 0.9820137900379085, 'generation': 427}","{'id': 33372, 'rank': 2, 'fitness': 0.9820137900379085, 'generation': 427}","{'id': 33580, 'rank': 3, 'fitness': 0.9809493615991001, 'generation': 427}","{'id': 33600, 'rank': 4, 'fitness': 0.9758724451349583, 'generation': 427}","{'id': 33600, 'rank': 5, 'fitness': 0.9758724451349583, 'generation': 427}","{'id': 33578, 'rank': 6, 'fitness': 0.974747853074243, 'generation': 427}","{'id': 33578, 'rank': 7, 'fitness': 0.974747853074243, 'generation': 427}","{'id': 32976, 'rank': 8, 'fitness': 0.9658305632212306, 'generation': 427}","{'id': 32976, 'rank': 9, 'fitness': 0.9658305632212306, 'generation': 427}","{'id': 32976, 'rank': 10, 'fitness': 0.9658305632212306, 'generation': 427}","{'id': 33576, 'rank': 11, 'fitness': 0.9643099872636759, 'generation': 427}","{'id': 33596, 'rank': 12, 'fitness': 0.952046021971834, 'generation': 427}","{'id': 33639, 'rank': 13, 'fitness': 0.9394454067331577, 'generation': 427}","{'id': 33341, 'rank': 14, 'fitness': 0.9335979005620583, 'generation': 427}","{'id': 33519, 'rank': 15, 'fitness': 0.9303739903237268, 'generation': 427}","{'id': 33586, 'rank': 16, 'fitness': 0.8761212946579477, 'generation': 427}","{'id': 33511, 'rank': 17, 'fitness': 0.8679531822268349, 'generation': 427}","{'id': 33640, 'rank': 18, 'fitness': 0.8615531470174198, 'generation': 427}","{'id': 33587, 'rank': 19, 'fitness': 0.8609453412013999, 'generation': 427}","{'id': 33418, 'rank': 20, 'fitness': 0.852543762050799, 'generation': 427}","{'id': 33498, 'rank': 21, 'fitness': 0.8470701250850647, 'generation': 427}","{'id': 33498, 'rank': 22, 'fitness': 0.8470701250850647, 'generation': 427}","{'id': 33593, 'rank': 23, 'fitness': 0.8392739097283259, 'generation': 427}","{'id': 33415, 'rank': 24, 'fitness': 0.8008705302598796, 'generation': 427}","{'id': 33577, 'rank': 25, 'fitness': 0.670052188623853, 'generation': 427}","{'id': 33623, 'rank': 26, 'fitness': 0.6642006144850029, 'generation': 427}","{'id': 33633, 'rank': 27, 'fitness': 0.6398896123051955, 'generation': 427}","{'id': 33624, 'rank': 28, 'fitness': 0.40810186147310523, 'generation': 427}","{'id': 33575, 'rank': 29, 'fitness': 0.27112088123071576, 'generation': 427}","{'id': 33619, 'rank': 30, 'fitness': 0.01798620996209155, 'generation': 427}"
"{'id': 33715, 'rank': 1, 'fitness': 0.9820137900379085, 'generation': 428}","{'id': 33372, 'rank': 2, 'fitness': 0.9813533825660126, 'generation': 428}","{'id': 33580, 'rank': 3, 'fitness': 0.9812782507191413, 'generation': 428}","{'id': 33600, 'rank': 4, 'fitness': 0.9809654403301373, 'generation': 428}","{'id': 33719, 'rank': 5, 'fitness': 0.9808571935755155, 'generation': 428}","{'id': 33576, 'rank': 6, 'fitness': 0.9804312813635878, 'generation': 428}","{'id': 33704, 'rank': 7, 'fitness': 0.9801835657382648, 'generation': 428}","{'id': 33716, 'rank': 8, 'fitness': 0.9798801301463869, 'generation': 428}","{'id': 33716, 'rank': 9, 'fitness': 0.9798801301463869, 'generation': 428}","{'id': 33664, 'rank': 10, 'fitness': 0.9786010306202804, 'generation': 428}","{'id': 33664, 'rank': 11, 'fitness': 0.9786010306202804, 'generation': 428}","{'id': 33665, 'rank': 12, 'fitness': 0.9785655668577831, 'generation': 428}","{'id': 33640, 'rank': 13, 'fitness': 0.9783603707613119, 'generation': 428}","{'id': 33640, 'rank': 14, 'fitness': 0.9783603707613119, 'generation': 428}","{'id': 33498, 'rank': 15, 'fitness': 0.9781872451836152, 'generation': 428}","{'id': 33730, 'rank': 16, 'fitness': 0.9778787251799776, 'generation': 428}","{'id': 33730, 'rank': 17, 'fitness': 0.9778787251799776, 'generation': 428}","{'id': 33415, 'rank': 18, 'fitness': 0.9777043931365955, 'generation': 428}","{'id': 33718, 'rank': 19, 'fitness': 0.9774764670564485, 'generation': 428}","{'id': 33666, 'rank': 20, 'fitness': 0.9774288907033417, 'generation': 428}","{'id': 33712, 'rank': 21, 'fitness': 0.9771101753696538, 'generation': 428}","{'id': 33693, 'rank': 22, 'fitness': 0.9766859441347097, 'generation': 428}","{'id': 33693, 'rank': 23, 'fitness': 0.9766859441347097, 'generation': 428}","{'id': 33678, 'rank': 24, 'fitness': 0.9763949741597767, 'generation': 428}","{'id': 33711, 'rank': 25, 'fitness': 0.9746617216424056, 'generation': 428}","{'id': 33708, 'rank': 26, 'fitness': 0.9659577196515219, 'generation': 428}","{'id': 33709, 'rank': 27, 'fitness': 0.962443770757841, 'generation': 428}","{'id': 33709, 'rank': 28, 'fitness': 0.962443770757841, 'generation': 428}","{'id': 33668, 'rank': 29, 'fitness': 0.9306549001688948, 'generation': 428}","{'id': 33698, 'rank': 30, 'fitness': 0.01798620996209155, 'generation': 428}"
"{'id': 33715, 'rank': 1, 'fitness': 0.9820137900379085, 'generation': 429}","{'id': 33760, 'rank': 2, 'fitness': 0.9776873224170266, 'generation': 429}","{'id': 33580, 'rank': 3, 'fitness': 0.9762809410128372, 'generation': 429}","{'id': 33580, 'rank': 4, 'fitness': 0.9762809410128372, 'generation': 429}","{'id': 33813, 'rank': 5, 'fitness': 0.9716366611010925, 'generation': 429}","{'id': 33822, 'rank': 6, 'fitness': 0.9557156839167114, 'generation': 429}","{'id': 33767, 'rank': 7, 'fitness': 0.9483115542418652, 'generation': 429}","{'id': 33824, 'rank': 8, 'fitness': 0.9451820855729056, 'generation': 429}","{'id': 33824, 'rank': 9, 'fitness': 0.9451820855729056, 'generation': 429}","{'id': 33794, 'rank': 10, 'fitness': 0.9374685291689211, 'generation': 429}","{'id': 33794, 'rank': 11, 'fitness': 0.9374685291689211, 'generation': 429}","{'id': 33640, 'rank': 12, 'fitness': 0.9367083858794585, 'generation': 429}","{'id': 33805, 'rank': 13, 'fitness': 0.9299834945432781, 'generation': 429}","{'id': 33415, 'rank': 14, 'fitness': 0.9229651867941963, 'generation': 429}","{'id': 33415, 'rank': 15, 'fitness': 0.9229651867941963, 'generation': 429}","{'id': 33415, 'rank': 16, 'fitness': 0.9229651867941963, 'generation': 429}","{'id': 33758, 'rank': 17, 'fitness': 0.9141785511850042, 'generation': 429}","{'id': 33712, 'rank': 18, 'fitness': 0.9086383067812066, 'generation': 429}","{'id': 33814, 'rank': 19, 'fitness': 0.9061493649153819, 'generation': 429}","{'id': 33814, 'rank': 20, 'fitness': 0.9061493649153819, 'generation': 429}","{'id': 33693, 'rank': 21, 'fitness': 0.8972507293926113, 'generation': 429}","{'id': 33750, 'rank': 22, 'fitness': 0.8913750460484324, 'generation': 429}","{'id': 33786, 'rank': 23, 'fitness': 0.8816144239656935, 'generation': 429}","{'id': 33735, 'rank': 24, 'fitness': 0.8761416974426585, 'generation': 429}","{'id': 33746, 'rank': 25, 'fitness': 0.8610622144583112, 'generation': 429}","{'id': 33798, 'rank': 26, 'fitness': 0.8589380597549428, 'generation': 429}","{'id': 33795, 'rank': 27, 'fitness': 0.8485069909152305, 'generation': 429}","{'id': 33817, 'rank': 28, 'fitness': 0.8471919366718379, 'generation': 429}","{'id': 33738, 'rank': 29, 'fitness': 0.6472958651116205, 'generation': 429}","{'id': 33754, 'rank': 30, 'fitness': 0.01798620996209155, 'generation': 429}"
"{'id': 33832, 'rank': 1, 'fitness': 0.9820137900379085, 'generation': 430}","{'id': 33832, 'rank': 2, 'fitness': 0.9820137900379085, 'generation': 430}","{'id': 33835, 'rank': 3, 'fitness': 0.9794235332577412, 'generation': 430}","{'id': 33760, 'rank': 4, 'fitness': 0.9786665033401056, 'generation': 430}","{'id': 33760, 'rank': 5, 'fitness': 0.9786665033401056, 'generation': 430}","{'id': 33580, 'rank': 6, 'fitness': 0.9779878325702176, 'generation': 430}","{'id': 33861, 'rank': 7, 'fitness': 0.9755954263365028, 'generation': 430}","{'id': 33831, 'rank': 8, 'fitness': 0.9722256851474095, 'generation': 430}","{'id': 33834, 'rank': 9, 'fitness': 0.9718344825508757, 'generation': 430}","{'id': 33833, 'rank': 10, 'fitness': 0.9694723345233174, 'generation': 430}","{'id': 33767, 'rank': 11, 'fitness': 0.967088768594774, 'generation': 430}","{'id': 33824, 'rank': 12, 'fitness': 0.9660625279029782, 'generation': 430}","{'id': 33794, 'rank': 13, 'fitness': 0.9636367504923772, 'generation': 430}","{'id': 33870, 'rank': 14, 'fitness': 0.9634355751975905, 'generation': 430}","{'id': 33640, 'rank': 15, 'fitness': 0.9634048678967715, 'generation': 430}","{'id': 33872, 'rank': 16, 'fitness': 0.9619537741869497, 'generation': 430}","{'id': 33872, 'rank': 17, 'fitness': 0.9619537741869497, 'generation': 430}","{'id': 33846, 'rank': 18, 'fitness': 0.9606991247358254, 'generation': 430}","{'id': 33860, 'rank': 19, 'fitness': 0.9603433897384692, 'generation': 430}","{'id': 33415, 'rank': 20, 'fitness': 0.9593966609447886, 'generation': 430}","{'id': 33693, 'rank': 21, 'fitness': 0.9526023081469668, 'generation': 430}","{'id': 33887, 'rank': 22, 'fitness': 0.818308748536364, 'generation': 430}","{'id': 33887, 'rank': 23, 'fitness': 0.818308748536364, 'generation': 430}","{'id': 33895, 'rank': 24, 'fitness': 0.5399380092227505, 'generation': 430}","{'id': 33851, 'rank': 25, 'fitness': 0.5136296684749934, 'generation': 430}","{'id': 33828, 'rank': 26, 'fitness': 0.3186544111614809, 'generation': 430}","{'id': 33888, 'rank': 27, 'fitness': 0.2981633283702522, 'generation': 430}","{'id': 33842, 'rank': 28, 'fitness': 0.1981691250758113, 'generation': 430}","{'id': 33906, 'rank': 29, 'fitness': 0.04121509820724967, 'generation': 430}","{'id': 33901, 'rank': 30, 'fitness': 0.01798620996209155, 'generation': 430}"
"{'id': 33979, 'rank': 1, 'fitness': 0.9820137900379085, 'generation': 431}","{'id': 33832, 'rank': 2, 'fitness': 0.9691300849739344, 'generation': 431}","{'id': 33832, 'rank': 3, 'fitness': 0.9691300849739344, 'generation': 431}","{'id': 33977, 'rank': 4, 'fitness': 0.9671735158323893, 'generation': 431}","{'id': 33918, 'rank': 5, 'fitness': 0.952604200096414, 'generation': 431}","{'id': 33937, 'rank': 6, 'fitness': 0.949108020693486, 'generation': 431}","{'id': 33978, 'rank': 7, 'fitness': 0.9339856109358858, 'generation': 431}","{'id': 33936, 'rank': 8, 'fitness': 0.923362050051636, 'generation': 431}","{'id': 33936, 'rank': 9, 'fitness': 0.923362050051636, 'generation': 431}","{'id': 33861, 'rank': 10, 'fitness': 0.9190157962299257, 'generation': 431}","{'id': 33953, 'rank': 11, 'fitness': 0.9156413485697964, 'generation': 431}","{'id': 33953, 'rank': 12, 'fitness': 0.9156413485697964, 'generation': 431}","{'id': 33917, 'rank': 13, 'fitness': 0.9080474141804636, 'generation': 431}","{'id': 33941, 'rank': 14, 'fitness': 0.9003473578248731, 'generation': 431}","{'id': 33831, 'rank': 15, 'fitness': 0.8803281758550712, 'generation': 431}","{'id': 33975, 'rank': 16, 'fitness': 0.8799644263158285, 'generation': 431}","{'id': 33967, 'rank': 17, 'fitness': 0.83999587290731, 'generation': 431}","{'id': 33967, 'rank': 18, 'fitness': 0.83999587290731, 'generation': 431}","{'id': 33794, 'rank': 19, 'fitness': 0.7478181860943347, 'generation': 431}","{'id': 33794, 'rank': 20, 'fitness': 0.7478181860943347, 'generation': 431}","{'id': 33973, 'rank': 21, 'fitness': 0.6986757673608757, 'generation': 431}","{'id': 33846, 'rank': 22, 'fitness': 0.6949666598375959, 'generation': 431}","{'id': 33693, 'rank': 23, 'fitness': 0.5459491365102742, 'generation': 431}","{'id': 33972, 'rank': 24, 'fitness': 0.5012084713899962, 'generation': 431}","{'id': 33961, 'rank': 25, 'fitness': 0.3756440669474319, 'generation': 431}","{'id': 33962, 'rank': 26, 'fitness': 0.36772908254099734, 'generation': 431}","{'id': 33964, 'rank': 27, 'fitness': 0.2525869177527736, 'generation': 431}","{'id': 33949, 'rank': 28, 'fitness': 0.1237906753273268, 'generation': 431}","{'id': 33959, 'rank': 29, 'fitness': 0.06378354074104609, 'generation': 431}","{'id': 33958, 'rank': 30, 'fitness': 0.01798620996209155, 'generation': 431}"
"{'id': 33979, 'rank': 1, 'fitness': 0.9820137900379085, 'generation': 432}","{'id': 33979, 'rank': 2, 'fitness': 0.9820137900379085, 'generation': 432}","{'id': 33937, 'rank': 3, 'fitness': 0.9809922451058688, 'generation': 432}","{'id': 34005, 'rank': 4, 'fitness': 0.9806876743456336, 'generation': 432}","{'id': 34005, 'rank': 5, 'fitness': 0.9806876743456336, 'generation': 432}","{'id': 33953, 'rank': 6, 'fitness': 0.9804561511107257, 'generation': 432}","{'id': 33953, 'rank': 7, 'fitness': 0.9804561511107257, 'generation': 432}","{'id': 33917, 'rank': 8, 'fitness': 0.9803610230542421, 'generation': 432}","{'id': 33917, 'rank': 9, 'fitness': 0.9803610230542421, 'generation': 432}","{'id': 33917, 'rank': 10, 'fitness': 0.9803610230542421, 'generation': 432}","{'id': 33941, 'rank': 11, 'fitness': 0.9802711069311053, 'generation': 432}","{'id': 34006, 'rank': 12, 'fitness': 0.9801872608801743, 'generation': 432}","{'id': 33984, 'rank': 13, 'fitness': 0.9800983418944149, 'generation': 432}","{'id': 33831, 'rank': 14, 'fitness': 0.9800617408091754, 'generation': 432}","{'id': 33967, 'rank': 15, 'fitness': 0.9797134046851219, 'generation': 432}","{'id': 33967, 'rank': 16, 'fitness': 0.9797134046851219, 'generation': 432}","{'id': 33967, 'rank': 17, 'fitness': 0.9797134046851219, 'generation': 432}","{'id': 33794, 'rank': 18, 'fitness': 0.9791099708342152, 'generation': 432}","{'id': 34030, 'rank': 19, 'fitness': 0.9785632285878096, 'generation': 432}","{'id': 34034, 'rank': 20, 'fitness': 0.9774536419712245, 'generation': 432}","{'id': 34034, 'rank': 21, 'fitness': 0.9774536419712245, 'generation': 432}","{'id': 34034, 'rank': 22, 'fitness': 0.9774536419712245, 'generation': 432}","{'id': 33961, 'rank': 23, 'fitness': 0.9773303196656669, 'generation': 432}","{'id': 34012, 'rank': 24, 'fitness': 0.972289277590549, 'generation': 432}","{'id': 33991, 'rank': 25, 'fitness': 0.9707811322640562, 'generation': 432}","{'id': 33998, 'rank': 26, 'fitness': 0.9678366718162559, 'generation': 432}","{'id': 33993, 'rank': 27, 'fitness': 0.9549576240021953, 'generation': 432}","{'id': 34004, 'rank': 28, 'fitness': 0.9397664387883582, 'generation': 432}","{'id': 33989, 'rank': 29, 'fitness': 0.6542182557331951, 'generation': 432}","{'id': 34017, 'rank': 30, 'fitness': 0.01798620996209155, 'generation': 432}"
"{'id': 34134, 'rank': 1, 'fitness': 0.9820137900379085, 'generation': 433}","{'id': 34052, 'rank': 2, 'fitness': 0.9815407276624408, 'generation': 433}","{'id': 34052, 'rank': 3, 'fitness': 0.9815407276624408, 'generation': 433}","{'id': 34054, 'rank': 4, 'fitness': 0.97863384939041, 'generation': 433}","{'id': 34080, 'rank': 5, 'fitness': 0.9785015414362499, 'generation': 433}","{'id': 34051, 'rank': 6, 'fitness': 0.9773230568431306, 'generation': 433}","{'id': 34005, 'rank': 7, 'fitness': 0.9767044277332214, 'generation': 433}","{'id': 34053, 'rank': 8, 'fitness': 0.9762891411815617, 'generation': 433}","{'id': 34084, 'rank': 9, 'fitness': 0.9756966567203019, 'generation': 433}","{'id': 33953, 'rank': 10, 'fitness': 0.9748303323550593, 'generation': 433}","{'id': 33917, 'rank': 11, 'fitness': 0.9740251643698947, 'generation': 433}","{'id': 33917, 'rank': 12, 'fitness': 0.9740251643698947, 'generation': 433}","{'id': 33941, 'rank': 13, 'fitness': 0.9732447590568984, 'generation': 433}","{'id': 34057, 'rank': 14, 'fitness': 0.9729485286772142, 'generation': 433}","{'id': 34057, 'rank': 15, 'fitness': 0.9729485286772142, 'generation': 433}","{'id': 34074, 'rank': 16, 'fitness': 0.9715775756641578, 'generation': 433}","{'id': 33831, 'rank': 17, 'fitness': 0.9713528069953348, 'generation': 433}","{'id': 34076, 'rank': 18, 'fitness': 0.9677322197857788, 'generation': 433}","{'id': 34087, 'rank': 19, 'fitness': 0.9654180574694349, 'generation': 433}","{'id': 34087, 'rank': 20, 'fitness': 0.9654180574694349, 'generation': 433}","{'id': 34089, 'rank': 21, 'fitness': 0.9627589776436601, 'generation': 433}","{'id': 34083, 'rank': 22, 'fitness': 0.9622769922480354, 'generation': 433}","{'id': 34125, 'rank': 23, 'fitness': 0.9610415128542062, 'generation': 433}","{'id': 34124, 'rank': 24, 'fitness': 0.9553600879098589, 'generation': 433}","{'id': 34059, 'rank': 25, 'fitness': 0.9391735075128589, 'generation': 433}","{'id': 34034, 'rank': 26, 'fitness': 0.9372702352237317, 'generation': 433}","{'id': 34069, 'rank': 27, 'fitness': 0.8996596904962597, 'generation': 433}","{'id': 34066, 'rank': 28, 'fitness': 0.8867529993425776, 'generation': 433}","{'id': 34119, 'rank': 29, 'fitness': 0.7537669372352264, 'generation': 433}","{'id': 34127, 'rank': 30, 'fitness': 0.01798620996209155, 'generation': 433}"
"{'id': 34197, 'rank': 1, 'fitness': 0.9820137900379085, 'generation': 434}","{'id': 34052, 'rank': 2, 'fitness': 0.9809872337338938, 'generation': 434}","{'id': 34189, 'rank': 3, 'fitness': 0.9756904564452644, 'generation': 434}","{'id': 34189, 'rank': 4, 'fitness': 0.9756904564452644, 'generation': 434}","{'id': 34054, 'rank': 5, 'fitness': 0.975069355026439, 'generation': 434}","{'id': 34193, 'rank': 6, 'fitness': 0.9741921877971046, 'generation': 434}","{'id': 34051, 'rank': 7, 'fitness': 0.9721687744678984, 'generation': 434}","{'id': 34051, 'rank': 8, 'fitness': 0.9721687744678984, 'generation': 434}","{'id': 34216, 'rank': 9, 'fitness': 0.9718938128988359, 'generation': 434}","{'id': 34216, 'rank': 10, 'fitness': 0.9718938128988359, 'generation': 434}","{'id': 34084, 'rank': 11, 'fitness': 0.9683749917771604, 'generation': 434}","{'id': 33917, 'rank': 12, 'fitness': 0.9642564773257754, 'generation': 434}","{'id': 33917, 'rank': 13, 'fitness': 0.9642564773257754, 'generation': 434}","{'id': 34150, 'rank': 14, 'fitness': 0.9635115635696294, 'generation': 434}","{'id': 34150, 'rank': 15, 'fitness': 0.9635115635696294, 'generation': 434}","{'id': 34204, 'rank': 16, 'fitness': 0.9594405141804253, 'generation': 434}","{'id': 34074, 'rank': 17, 'fitness': 0.9578363021826104, 'generation': 434}","{'id': 34222, 'rank': 18, 'fitness': 0.9491087644660707, 'generation': 434}","{'id': 34149, 'rank': 19, 'fitness': 0.947325699446089, 'generation': 434}","{'id': 34164, 'rank': 20, 'fitness': 0.938563699840666, 'generation': 434}","{'id': 34089, 'rank': 21, 'fitness': 0.9311466202016947, 'generation': 434}","{'id': 34213, 'rank': 22, 'fitness': 0.9050245400853367, 'generation': 434}","{'id': 34175, 'rank': 23, 'fitness': 0.865975777361472, 'generation': 434}","{'id': 34218, 'rank': 24, 'fitness': 0.8540060446291885, 'generation': 434}","{'id': 34211, 'rank': 25, 'fitness': 0.8001514169208348, 'generation': 434}","{'id': 34187, 'rank': 26, 'fitness': 0.7512204909408262, 'generation': 434}","{'id': 34157, 'rank': 27, 'fitness': 0.684401101330112, 'generation': 434}","{'id': 34202, 'rank': 28, 'fitness': 0.6418611693758107, 'generation': 434}","{'id': 34066, 'rank': 29, 'fitness': 0.595502200362048, 'generation': 434}","{'id': 34185, 'rank': 30, 'fitness': 0.01798620996209155, 'generation': 434}"
"{'id': 34197, 'rank': 1, 'fitness': 0.9820137900379085, 'generation': 435}","{'id': 34189, 'rank': 2, 'fitness': 0.9755754885272856, 'generation': 435}","{'id': 34231, 'rank': 3, 'fitness': 0.9740611731303269, 'generation': 435}","{'id': 34051, 'rank': 4, 'fitness': 0.9719782333995759, 'generation': 435}","{'id': 34216, 'rank': 5, 'fitness': 0.9716970731636645, 'generation': 435}","{'id': 34216, 'rank': 6, 'fitness': 0.9716970731636645, 'generation': 435}","{'id': 34216, 'rank': 7, 'fitness': 0.9716970731636645, 'generation': 435}","{'id': 33917, 'rank': 8, 'fitness': 0.9638726383535872, 'generation': 435}","{'id': 33917, 'rank': 9, 'fitness': 0.9638726383535872, 'generation': 435}","{'id': 34150, 'rank': 10, 'fitness': 0.9631080840362782, 'generation': 435}","{'id': 34150, 'rank': 11, 'fitness': 0.9631080840362782, 'generation': 435}","{'id': 34232, 'rank': 12, 'fitness': 0.9621442464305264, 'generation': 435}","{'id': 34234, 'rank': 13, 'fitness': 0.9541302860172293, 'generation': 435}","{'id': 34149, 'rank': 14, 'fitness': 0.9464480302864469, 'generation': 435}","{'id': 34240, 'rank': 15, 'fitness': 0.9417418454995643, 'generation': 435}","{'id': 34242, 'rank': 16, 'fitness': 0.940612390739851, 'generation': 435}","{'id': 34242, 'rank': 17, 'fitness': 0.940612390739851, 'generation': 435}","{'id': 34164, 'rank': 18, 'fitness': 0.9373993563846293, 'generation': 435}","{'id': 34250, 'rank': 19, 'fitness': 0.9265941306818901, 'generation': 435}","{'id': 34262, 'rank': 20, 'fitness': 0.9123191614831285, 'generation': 435}","{'id': 34294, 'rank': 21, 'fitness': 0.9083120228032504, 'generation': 435}","{'id': 34245, 'rank': 22, 'fitness': 0.8592432428562335, 'generation': 435}","{'id': 34211, 'rank': 23, 'fitness': 0.7935044409451161, 'generation': 435}","{'id': 34293, 'rank': 24, 'fitness': 0.7899383316215519, 'generation': 435}","{'id': 34244, 'rank': 25, 'fitness': 0.6835609495432071, 'generation': 435}","{'id': 34275, 'rank': 26, 'fitness': 0.3138777884029079, 'generation': 435}","{'id': 34277, 'rank': 27, 'fitness': 0.2985550628953031, 'generation': 435}","{'id': 34282, 'rank': 28, 'fitness': 0.08767328908016048, 'generation': 435}","{'id': 34259, 'rank': 29, 'fitness': 0.02679925044633491, 'generation': 435}","{'id': 34261, 'rank': 30, 'fitness': 0.01798620996209155, 'generation': 435}"
"{'id': 34231, 'rank': 1, 'fitness': 0.9820137900379085, 'generation': 436}","{'id': 34231, 'rank': 2, 'fitness': 0.9820137900379085, 'generation': 436}","{'id': 34216, 'rank': 3, 'fitness': 0.9818322058736964, 'generation': 436}","{'id': 34362, 'rank': 4, 'fitness': 0.9815082225419414, 'generation': 436}","{'id': 34323, 'rank': 5, 'fitness': 0.9804728924790381, 'generation': 436}","{'id': 34335, 'rank': 6, 'fitness': 0.9803969919307487, 'generation': 436}","{'id': 34303, 'rank': 7, 'fitness': 0.9802921493331453, 'generation': 436}","{'id': 34303, 'rank': 8, 'fitness': 0.9802921493331453, 'generation': 436}","{'id': 34242, 'rank': 9, 'fitness': 0.9801887287245772, 'generation': 436}","{'id': 34242, 'rank': 10, 'fitness': 0.9801887287245772, 'generation': 436}","{'id': 34250, 'rank': 11, 'fitness': 0.9796795885886194, 'generation': 436}","{'id': 34302, 'rank': 12, 'fitness': 0.9792690340451966, 'generation': 436}","{'id': 34324, 'rank': 13, 'fitness': 0.9791941821450001, 'generation': 436}","{'id': 34245, 'rank': 14, 'fitness': 0.9779620053709406, 'generation': 436}","{'id': 34338, 'rank': 15, 'fitness': 0.9774998508591313, 'generation': 436}","{'id': 34314, 'rank': 16, 'fitness': 0.9773800296904408, 'generation': 436}","{'id': 34211, 'rank': 17, 'fitness': 0.9767945773686948, 'generation': 436}","{'id': 34305, 'rank': 18, 'fitness': 0.9764973892372293, 'generation': 436}","{'id': 34341, 'rank': 19, 'fitness': 0.9762842559855818, 'generation': 436}","{'id': 34379, 'rank': 20, 'fitness': 0.9755495262190848, 'generation': 436}","{'id': 34306, 'rank': 21, 'fitness': 0.9746734566800308, 'generation': 436}","{'id': 34277, 'rank': 22, 'fitness': 0.97036787517558, 'generation': 436}","{'id': 34356, 'rank': 23, 'fitness': 0.9677894490034804, 'generation': 436}","{'id': 34358, 'rank': 24, 'fitness': 0.965182865016905, 'generation': 436}","{'id': 34282, 'rank': 25, 'fitness': 0.965075074842826, 'generation': 436}","{'id': 34354, 'rank': 26, 'fitness': 0.9580310550230483, 'generation': 436}","{'id': 34355, 'rank': 27, 'fitness': 0.955933298805874, 'generation': 436}","{'id': 34372, 'rank': 28, 'fitness': 0.9413307586667604, 'generation': 436}","{'id': 34311, 'rank': 29, 'fitness': 0.9095651315451697, 'generation': 436}","{'id': 34366, 'rank': 30, 'fitness': 0.01798620996209155, 'generation': 436}"
"{'id': 34394, 'rank': 1, 'fitness': 0.9820137900379085, 'generation': 437}","{'id': 34394, 'rank': 2, 'fitness': 0.9820137900379085, 'generation': 437}","{'id': 34362, 'rank': 3, 'fitness': 0.9801180879380166, 'generation': 437}","{'id': 34460, 'rank': 4, 'fitness': 0.9760324726394701, 'generation': 437}","{'id': 34385, 'rank': 5, 'fitness': 0.9726740809350283, 'generation': 437}","{'id': 34385, 'rank': 6, 'fitness': 0.9726740809350283, 'generation': 437}","{'id': 34303, 'rank': 7, 'fitness': 0.9610338744809888, 'generation': 437}","{'id': 34303, 'rank': 8, 'fitness': 0.9610338744809888, 'generation': 437}","{'id': 34478, 'rank': 9, 'fitness': 0.9502520032847971, 'generation': 437}","{'id': 34482, 'rank': 10, 'fitness': 0.9452881962022365, 'generation': 437}","{'id': 34481, 'rank': 11, 'fitness': 0.9428156561663219, 'generation': 437}","{'id': 34405, 'rank': 12, 'fitness': 0.9419512297277255, 'generation': 437}","{'id': 34324, 'rank': 13, 'fitness': 0.9318273685962688, 'generation': 437}","{'id': 34474, 'rank': 14, 'fitness': 0.9289632627354609, 'generation': 437}","{'id': 34472, 'rank': 15, 'fitness': 0.9204157960997442, 'generation': 437}","{'id': 34427, 'rank': 16, 'fitness': 0.9166209971119128, 'generation': 437}","{'id': 34426, 'rank': 17, 'fitness': 0.9162991422461332, 'generation': 437}","{'id': 34473, 'rank': 18, 'fitness': 0.9146800289044694, 'generation': 437}","{'id': 34412, 'rank': 19, 'fitness': 0.8752239298778075, 'generation': 437}","{'id': 34412, 'rank': 20, 'fitness': 0.8752239298778075, 'generation': 437}","{'id': 34463, 'rank': 21, 'fitness': 0.8584089482752728, 'generation': 437}","{'id': 34419, 'rank': 22, 'fitness': 0.8570545028146735, 'generation': 437}","{'id': 34338, 'rank': 23, 'fitness': 0.85341053530764, 'generation': 437}","{'id': 34411, 'rank': 24, 'fitness': 0.7675379117960834, 'generation': 437}","{'id': 34306, 'rank': 25, 'fitness': 0.615054576178312, 'generation': 437}","{'id': 34306, 'rank': 26, 'fitness': 0.615054576178312, 'generation': 437}","{'id': 34465, 'rank': 27, 'fitness': 0.4898869355221933, 'generation': 437}","{'id': 34469, 'rank': 28, 'fitness': 0.36523046245998464, 'generation': 437}","{'id': 34392, 'rank': 29, 'fitness': 0.018787715055545162, 'generation': 437}","{'id': 34456, 'rank': 30, 'fitness': 0.01798620996209155, 'generation': 437}"
"{'id': 34394, 'rank': 1, 'fitness': 0.9820137900379085, 'generation': 438}","{'id': 34394, 'rank': 2, 'fitness': 0.9820137900379085, 'generation': 438}","{'id': 34528, 'rank': 3, 'fitness': 0.9819834107341503, 'generation': 438}","{'id': 34460, 'rank': 4, 'fitness': 0.9818737413264162, 'generation': 438}","{'id': 34385, 'rank': 5, 'fitness': 0.9818091001699754, 'generation': 438}","{'id': 34493, 'rank': 6, 'fitness': 0.9817699482595427, 'generation': 438}","{'id': 34495, 'rank': 7, 'fitness': 0.9817601393200217, 'generation': 438}","{'id': 34303, 'rank': 8, 'fitness': 0.9816317253914552, 'generation': 438}","{'id': 34478, 'rank': 9, 'fitness': 0.9815071741623322, 'generation': 438}","{'id': 34482, 'rank': 10, 'fitness': 0.9814580423753765, 'generation': 438}","{'id': 34405, 'rank': 11, 'fitness': 0.9814272583392297, 'generation': 438}","{'id': 34521, 'rank': 12, 'fitness': 0.9813850737634888, 'generation': 438}","{'id': 34474, 'rank': 13, 'fitness': 0.9813209921846473, 'generation': 438}","{'id': 34427, 'rank': 14, 'fitness': 0.9812350856882439, 'generation': 438}","{'id': 34483, 'rank': 15, 'fitness': 0.9810466078437674, 'generation': 438}","{'id': 34463, 'rank': 16, 'fitness': 0.9809375730160756, 'generation': 438}","{'id': 34419, 'rank': 17, 'fitness': 0.980931980794754, 'generation': 438}","{'id': 34338, 'rank': 18, 'fitness': 0.9809171437775577, 'generation': 438}","{'id': 34411, 'rank': 19, 'fitness': 0.980629031990758, 'generation': 438}","{'id': 34505, 'rank': 20, 'fitness': 0.9805431913810145, 'generation': 438}","{'id': 34505, 'rank': 21, 'fitness': 0.9805431913810145, 'generation': 438}","{'id': 34553, 'rank': 22, 'fitness': 0.9800334112822783, 'generation': 438}","{'id': 34517, 'rank': 23, 'fitness': 0.9798153421784157, 'generation': 438}","{'id': 34469, 'rank': 24, 'fitness': 0.9797143911616064, 'generation': 438}","{'id': 34560, 'rank': 25, 'fitness': 0.9785980568606081, 'generation': 438}","{'id': 34560, 'rank': 26, 'fitness': 0.9785980568606081, 'generation': 438}","{'id': 34497, 'rank': 27, 'fitness': 0.9770193382900917, 'generation': 438}","{'id': 34544, 'rank': 28, 'fitness': 0.9766024230107219, 'generation': 438}","{'id': 34523, 'rank': 29, 'fitness': 0.9746895645270295, 'generation': 438}","{'id': 34511, 'rank': 30, 'fitness': 0.01798620996209155, 'generation': 438}"
"{'id': 34639, 'rank': 1, 'fitness': 0.9820137900379085, 'generation': 439}","{'id': 34639, 'rank': 2, 'fitness': 0.9820137900379085, 'generation': 439}","{'id': 34528, 'rank': 3, 'fitness': 0.9730421564435281, 'generation': 439}","{'id': 34528, 'rank': 4, 'fitness': 0.9730421564435281, 'generation': 439}","{'id': 34495, 'rank': 5, 'fitness': 0.9636014836792322, 'generation': 439}","{'id': 34572, 'rank': 6, 'fitness': 0.9493899015358248, 'generation': 439}","{'id': 34572, 'rank': 7, 'fitness': 0.9493899015358248, 'generation': 439}","{'id': 34575, 'rank': 8, 'fitness': 0.947258279474879, 'generation': 439}","{'id': 34482, 'rank': 9, 'fitness': 0.9459651713691982, 'generation': 439}","{'id': 34636, 'rank': 10, 'fitness': 0.9447842977063425, 'generation': 439}","{'id': 34651, 'rank': 11, 'fitness': 0.9428126020101595, 'generation': 439}","{'id': 34521, 'rank': 12, 'fitness': 0.9406809709201304, 'generation': 439}","{'id': 34474, 'rank': 13, 'fitness': 0.9356635545450003, 'generation': 439}","{'id': 34638, 'rank': 14, 'fitness': 0.931111052583047, 'generation': 439}","{'id': 34614, 'rank': 15, 'fitness': 0.9306951753329105, 'generation': 439}","{'id': 34616, 'rank': 16, 'fitness': 0.9278244334279263, 'generation': 439}","{'id': 34637, 'rank': 17, 'fitness': 0.9144824146050261, 'generation': 439}","{'id': 34637, 'rank': 18, 'fitness': 0.9144824146050261, 'generation': 439}","{'id': 34419, 'rank': 19, 'fitness': 0.8964071389120484, 'generation': 439}","{'id': 34338, 'rank': 20, 'fitness': 0.8945732106967289, 'generation': 439}","{'id': 34338, 'rank': 21, 'fitness': 0.8945732106967289, 'generation': 439}","{'id': 34600, 'rank': 22, 'fitness': 0.8908266496942001, 'generation': 439}","{'id': 34583, 'rank': 23, 'fitness': 0.875573125373027, 'generation': 439}","{'id': 34569, 'rank': 24, 'fitness': 0.8649002355585735, 'generation': 439}","{'id': 34593, 'rank': 25, 'fitness': 0.8166372370496884, 'generation': 439}","{'id': 34620, 'rank': 26, 'fitness': 0.6556973633579081, 'generation': 439}","{'id': 34586, 'rank': 27, 'fitness': 0.609703630516106, 'generation': 439}","{'id': 34586, 'rank': 28, 'fitness': 0.609703630516106, 'generation': 439}","{'id': 34589, 'rank': 29, 'fitness': 0.1633762207379642, 'generation': 439}","{'id': 34631, 'rank': 30, 'fitness': 0.01798620996209155, 'generation': 439}"
"{'id': 34657, 'rank': 1, 'fitness': 0.9820137900379085, 'generation': 440}","{'id': 34657, 'rank': 2, 'fitness': 0.9820137900379085, 'generation': 440}","{'id': 34712, 'rank': 3, 'fitness': 0.9788103930489996, 'generation': 440}","{'id': 34528, 'rank': 4, 'fitness': 0.9780585698485961, 'generation': 440}","{'id': 34711, 'rank': 5, 'fitness': 0.97601217674345, 'generation': 440}","{'id': 34495, 'rank': 6, 'fitness': 0.9756622705242395, 'generation': 440}","{'id': 34636, 'rank': 7, 'fitness': 0.9718515028170137, 'generation': 440}","{'id': 34636, 'rank': 8, 'fitness': 0.9718515028170137, 'generation': 440}","{'id': 34521, 'rank': 9, 'fitness': 0.9711307633077702, 'generation': 440}","{'id': 34638, 'rank': 10, 'fitness': 0.9695572953228352, 'generation': 440}","{'id': 34338, 'rank': 11, 'fitness': 0.9644853493380725, 'generation': 440}","{'id': 34338, 'rank': 12, 'fitness': 0.9644853493380725, 'generation': 440}","{'id': 34338, 'rank': 13, 'fitness': 0.9644853493380725, 'generation': 440}","{'id': 34338, 'rank': 14, 'fitness': 0.9644853493380725, 'generation': 440}","{'id': 34583, 'rank': 15, 'fitness': 0.9622245056283104, 'generation': 440}","{'id': 34664, 'rank': 16, 'fitness': 0.9487605861751754, 'generation': 440}","{'id': 34664, 'rank': 17, 'fitness': 0.9487605861751754, 'generation': 440}","{'id': 34728, 'rank': 18, 'fitness': 0.9251426348465612, 'generation': 440}","{'id': 34734, 'rank': 19, 'fitness': 0.9198059790498707, 'generation': 440}","{'id': 34696, 'rank': 20, 'fitness': 0.9173085856442089, 'generation': 440}","{'id': 34694, 'rank': 21, 'fitness': 0.9115756355285609, 'generation': 440}","{'id': 34686, 'rank': 22, 'fitness': 0.9026859050880072, 'generation': 440}","{'id': 34724, 'rank': 23, 'fitness': 0.8987121941024525, 'generation': 440}","{'id': 34589, 'rank': 24, 'fitness': 0.8819195331597562, 'generation': 440}","{'id': 34589, 'rank': 25, 'fitness': 0.8819195331597562, 'generation': 440}","{'id': 34695, 'rank': 26, 'fitness': 0.8639000227946312, 'generation': 440}","{'id': 34672, 'rank': 27, 'fitness': 0.7568974026576929, 'generation': 440}","{'id': 34669, 'rank': 28, 'fitness': 0.38308029853839654, 'generation': 440}","{'id': 34690, 'rank': 29, 'fitness': 0.20489113775093876, 'generation': 440}","{'id': 34701, 'rank': 30, 'fitness': 0.01798620996209155, 'generation': 440}"
"{'id': 34657, 'rank': 1, 'fitness': 0.9820137900379085, 'generation': 441}","{'id': 34657, 'rank': 2, 'fitness': 0.9820137900379085, 'generation': 441}","{'id': 34738, 'rank': 3, 'fitness': 0.9809294084992906, 'generation': 441}","{'id': 34739, 'rank': 4, 'fitness': 0.980902437026675, 'generation': 441}","{'id': 34796, 'rank': 5, 'fitness': 0.9766995030297267, 'generation': 441}","{'id': 34795, 'rank': 6, 'fitness': 0.9765973844788256, 'generation': 441}","{'id': 34711, 'rank': 7, 'fitness': 0.97601217674345, 'generation': 441}","{'id': 34711, 'rank': 8, 'fitness': 0.97601217674345, 'generation': 441}","{'id': 34636, 'rank': 9, 'fitness': 0.9718515028170137, 'generation': 441}","{'id': 34763, 'rank': 10, 'fitness': 0.9678819166189709, 'generation': 441}","{'id': 34752, 'rank': 11, 'fitness': 0.9663533592020901, 'generation': 441}","{'id': 34338, 'rank': 12, 'fitness': 0.9644853493380725, 'generation': 441}","{'id': 34338, 'rank': 13, 'fitness': 0.9644853493380725, 'generation': 441}","{'id': 34583, 'rank': 14, 'fitness': 0.9622245056283104, 'generation': 441}","{'id': 34760, 'rank': 15, 'fitness': 0.9598632109445808, 'generation': 441}","{'id': 34760, 'rank': 16, 'fitness': 0.9598632109445808, 'generation': 441}","{'id': 34794, 'rank': 17, 'fitness': 0.9554322681711491, 'generation': 441}","{'id': 34794, 'rank': 18, 'fitness': 0.9554322681711491, 'generation': 441}","{'id': 34777, 'rank': 19, 'fitness': 0.9534701223962457, 'generation': 441}","{'id': 34808, 'rank': 20, 'fitness': 0.9469764481128322, 'generation': 441}","{'id': 34805, 'rank': 21, 'fitness': 0.9452240199783494, 'generation': 441}","{'id': 34805, 'rank': 22, 'fitness': 0.9452240199783494, 'generation': 441}","{'id': 34811, 'rank': 23, 'fitness': 0.9177052420366215, 'generation': 441}","{'id': 34724, 'rank': 24, 'fitness': 0.8987121941024525, 'generation': 441}","{'id': 34784, 'rank': 25, 'fitness': 0.8967277769486026, 'generation': 441}","{'id': 34695, 'rank': 26, 'fitness': 0.8639000227946312, 'generation': 441}","{'id': 34695, 'rank': 27, 'fitness': 0.8639000227946312, 'generation': 441}","{'id': 34769, 'rank': 28, 'fitness': 0.6887936783056767, 'generation': 441}","{'id': 34745, 'rank': 29, 'fitness': 0.28173155559919855, 'generation': 441}","{'id': 34701, 'rank': 30, 'fitness': 0.01798620996209155, 'generation': 441}"
"{'id': 34657, 'rank': 1, 'fitness': 0.9820137900379085, 'generation': 442}","{'id': 34657, 'rank': 2, 'fitness': 0.9820137900379085, 'generation': 442}","{'id': 34859, 'rank': 3, 'fitness': 0.9797849620259402, 'generation': 442}","{'id': 34860, 'rank': 4, 'fitness': 0.973179943437438, 'generation': 442}","{'id': 34796, 'rank': 5, 'fitness': 0.9715869724643937, 'generation': 442}","{'id': 34796, 'rank': 6, 'fitness': 0.9715869724643937, 'generation': 442}","{'id': 34795, 'rank': 7, 'fitness': 0.9713673111690619, 'generation': 442}","{'id': 34856, 'rank': 8, 'fitness': 0.9607149671917123, 'generation': 442}","{'id': 34877, 'rank': 9, 'fitness': 0.9482108311204878, 'generation': 442}","{'id': 34880, 'rank': 10, 'fitness': 0.9422216946759656, 'generation': 442}","{'id': 34880, 'rank': 11, 'fitness': 0.9422216946759656, 'generation': 442}","{'id': 34338, 'rank': 12, 'fitness': 0.9406779079432074, 'generation': 442}","{'id': 34338, 'rank': 13, 'fitness': 0.9406779079432074, 'generation': 442}","{'id': 34844, 'rank': 14, 'fitness': 0.9346680785925942, 'generation': 442}","{'id': 34873, 'rank': 15, 'fitness': 0.9175817057001969, 'generation': 442}","{'id': 34873, 'rank': 16, 'fitness': 0.9175817057001969, 'generation': 442}","{'id': 34827, 'rank': 17, 'fitness': 0.9131316380976081, 'generation': 442}","{'id': 34827, 'rank': 18, 'fitness': 0.9131316380976081, 'generation': 442}","{'id': 34826, 'rank': 19, 'fitness': 0.9053764969672037, 'generation': 442}","{'id': 34826, 'rank': 20, 'fitness': 0.9053764969672037, 'generation': 442}","{'id': 34886, 'rank': 21, 'fitness': 0.9000277144452427, 'generation': 442}","{'id': 34808, 'rank': 22, 'fitness': 0.8830475667999181, 'generation': 442}","{'id': 34872, 'rank': 23, 'fitness': 0.8071030301941609, 'generation': 442}","{'id': 34888, 'rank': 24, 'fitness': 0.8009564579621133, 'generation': 442}","{'id': 34823, 'rank': 25, 'fitness': 0.7560434148539953, 'generation': 442}","{'id': 34784, 'rank': 26, 'fitness': 0.6780574306387911, 'generation': 442}","{'id': 34867, 'rank': 27, 'fitness': 0.6400674443249879, 'generation': 442}","{'id': 34816, 'rank': 28, 'fitness': 0.12446219144474491, 'generation': 442}","{'id': 34816, 'rank': 29, 'fitness': 0.12446219144474491, 'generation': 442}","{'id': 34836, 'rank': 30, 'fitness': 0.01798620996209155, 'generation': 442}"
"{'id': 34657, 'rank': 1, 'fitness': 0.9820137900379085, 'generation': 443}","{'id': 34923, 'rank': 2, 'fitness': 0.9803827801452786, 'generation': 443}","{'id': 34859, 'rank': 3, 'fitness': 0.9798879801937, 'generation': 443}","{'id': 34897, 'rank': 4, 'fitness': 0.9749284496873931, 'generation': 443}","{'id': 34796, 'rank': 5, 'fitness': 0.9721470951798153, 'generation': 443}","{'id': 34913, 'rank': 6, 'fitness': 0.9689024831773341, 'generation': 443}","{'id': 34856, 'rank': 7, 'fitness': 0.9620208649705544, 'generation': 443}","{'id': 34944, 'rank': 8, 'fitness': 0.9617897866470644, 'generation': 443}","{'id': 34946, 'rank': 9, 'fitness': 0.9605078521126293, 'generation': 443}","{'id': 34912, 'rank': 10, 'fitness': 0.9555792225048725, 'generation': 443}","{'id': 34972, 'rank': 11, 'fitness': 0.9528745859461191, 'generation': 443}","{'id': 34914, 'rank': 12, 'fitness': 0.9489996415814035, 'generation': 443}","{'id': 34880, 'rank': 13, 'fitness': 0.9450354218459738, 'generation': 443}","{'id': 34338, 'rank': 14, 'fitness': 0.9436275794976317, 'generation': 443}","{'id': 34937, 'rank': 15, 'fitness': 0.9223485508314614, 'generation': 443}","{'id': 34827, 'rank': 16, 'fitness': 0.918685488169035, 'generation': 443}","{'id': 34975, 'rank': 17, 'fitness': 0.9179119547321681, 'generation': 443}","{'id': 34973, 'rank': 18, 'fitness': 0.9087545386608983, 'generation': 443}","{'id': 34886, 'rank': 19, 'fitness': 0.9069077725862079, 'generation': 443}","{'id': 34932, 'rank': 20, 'fitness': 0.8833388507767914, 'generation': 443}","{'id': 34888, 'rank': 21, 'fitness': 0.8185355069071765, 'generation': 443}","{'id': 34895, 'rank': 22, 'fitness': 0.7757993981688923, 'generation': 443}","{'id': 34784, 'rank': 23, 'fitness': 0.7083489547315163, 'generation': 443}","{'id': 34971, 'rank': 24, 'fitness': 0.629260904880412, 'generation': 443}","{'id': 34971, 'rank': 25, 'fitness': 0.629260904880412, 'generation': 443}","{'id': 34915, 'rank': 26, 'fitness': 0.42747166008094634, 'generation': 443}","{'id': 34938, 'rank': 27, 'fitness': 0.3820701066352209, 'generation': 443}","{'id': 34898, 'rank': 28, 'fitness': 0.3112943541198973, 'generation': 443}","{'id': 34890, 'rank': 29, 'fitness': 0.018686128792211543, 'generation': 443}","{'id': 34949, 'rank': 30, 'fitness': 0.01798620996209155, 'generation': 443}"
"{'id': 35041, 'rank': 1, 'fitness': 0.9820137900379085, 'generation': 444}","{'id': 34923, 'rank': 2, 'fitness': 0.9819727981004358, 'generation': 444}","{'id': 34923, 'rank': 3, 'fitness': 0.9819727981004358, 'generation': 444}","{'id': 35029, 'rank': 4, 'fitness': 0.9817258151049478, 'generation': 444}","{'id': 34981, 'rank': 5, 'fitness': 0.9815456240741653, 'generation': 444}","{'id': 34987, 'rank': 6, 'fitness': 0.9815005269461262, 'generation': 444}","{'id': 34978, 'rank': 7, 'fitness': 0.9814589913615289, 'generation': 444}","{'id': 34944, 'rank': 8, 'fitness': 0.9813301578875749, 'generation': 444}","{'id': 34944, 'rank': 9, 'fitness': 0.9813301578875749, 'generation': 444}","{'id': 34988, 'rank': 10, 'fitness': 0.9812602386427066, 'generation': 444}","{'id': 34912, 'rank': 11, 'fitness': 0.9811798359625195, 'generation': 444}","{'id': 34912, 'rank': 12, 'fitness': 0.9811798359625195, 'generation': 444}","{'id': 34912, 'rank': 13, 'fitness': 0.9811798359625195, 'generation': 444}","{'id': 34994, 'rank': 14, 'fitness': 0.9807476084288436, 'generation': 444}","{'id': 34993, 'rank': 15, 'fitness': 0.9806961095490883, 'generation': 444}","{'id': 34993, 'rank': 16, 'fitness': 0.9806961095490883, 'generation': 444}","{'id': 34937, 'rank': 17, 'fitness': 0.9806006773578413, 'generation': 444}","{'id': 34975, 'rank': 18, 'fitness': 0.980540824545796, 'generation': 444}","{'id': 34976, 'rank': 19, 'fitness': 0.9805200832267766, 'generation': 444}","{'id': 34976, 'rank': 20, 'fitness': 0.9805200832267766, 'generation': 444}","{'id': 34886, 'rank': 21, 'fitness': 0.9804034988921966, 'generation': 444}","{'id': 35034, 'rank': 22, 'fitness': 0.9803787648622779, 'generation': 444}","{'id': 35004, 'rank': 23, 'fitness': 0.9799647734119585, 'generation': 444}","{'id': 35031, 'rank': 24, 'fitness': 0.9798253415489017, 'generation': 444}","{'id': 35031, 'rank': 25, 'fitness': 0.9798253415489017, 'generation': 444}","{'id': 34971, 'rank': 26, 'fitness': 0.9785783981450675, 'generation': 444}","{'id': 34983, 'rank': 27, 'fitness': 0.9782399326401642, 'generation': 444}","{'id': 34890, 'rank': 28, 'fitness': 0.9730929579140893, 'generation': 444}","{'id': 34949, 'rank': 29, 'fitness': 0.973039931419833, 'generation': 444}","{'id': 34991, 'rank': 30, 'fitness': 0.01798620996209155, 'generation': 444}"
"{'id': 34923, 'rank': 1, 'fitness': 0.9820137900379085, 'generation': 445}","{'id': 35108, 'rank': 2, 'fitness': 0.976009774664659, 'generation': 445}","{'id': 35138, 'rank': 3, 'fitness': 0.951562792659105, 'generation': 445}","{'id': 35110, 'rank': 4, 'fitness': 0.9488668905256139, 'generation': 445}","{'id': 35109, 'rank': 5, 'fitness': 0.8934437702968676, 'generation': 445}","{'id': 35109, 'rank': 6, 'fitness': 0.8934437702968676, 'generation': 445}","{'id': 35109, 'rank': 7, 'fitness': 0.8934437702968676, 'generation': 445}","{'id': 35109, 'rank': 8, 'fitness': 0.8934437702968676, 'generation': 445}","{'id': 35086, 'rank': 9, 'fitness': 0.8907939257520764, 'generation': 445}","{'id': 34987, 'rank': 10, 'fitness': 0.8357129942703816, 'generation': 445}","{'id': 35084, 'rank': 11, 'fitness': 0.816805433657386, 'generation': 445}","{'id': 35105, 'rank': 12, 'fitness': 0.7609519152571689, 'generation': 445}","{'id': 34944, 'rank': 13, 'fitness': 0.6867724275099316, 'generation': 445}","{'id': 35083, 'rank': 14, 'fitness': 0.5667628737417045, 'generation': 445}","{'id': 35099, 'rank': 15, 'fitness': 0.5242337743505163, 'generation': 445}","{'id': 34912, 'rank': 16, 'fitness': 0.5121821632404231, 'generation': 445}","{'id': 34912, 'rank': 17, 'fitness': 0.5121821632404231, 'generation': 445}","{'id': 35106, 'rank': 18, 'fitness': 0.4905678583835743, 'generation': 445}","{'id': 35106, 'rank': 19, 'fitness': 0.4905678583835743, 'generation': 445}","{'id': 35106, 'rank': 20, 'fitness': 0.4905678583835743, 'generation': 445}","{'id': 35096, 'rank': 21, 'fitness': 0.2730149414040902, 'generation': 445}","{'id': 35130, 'rank': 22, 'fitness': 0.20245433139506774, 'generation': 445}","{'id': 35062, 'rank': 23, 'fitness': 0.16063634416088002, 'generation': 445}","{'id': 35062, 'rank': 24, 'fitness': 0.16063634416088002, 'generation': 445}","{'id': 35125, 'rank': 25, 'fitness': 0.062073252893900976, 'generation': 445}","{'id': 35128, 'rank': 26, 'fitness': 0.05659621205824772, 'generation': 445}","{'id': 35132, 'rank': 27, 'fitness': 0.05521976698566328, 'generation': 445}","{'id': 34976, 'rank': 28, 'fitness': 0.042442800684337534, 'generation': 445}","{'id': 35034, 'rank': 29, 'fitness': 0.022302936951028418, 'generation': 445}","{'id': 35127, 'rank': 30, 'fitness': 0.01798620996209155, 'generation': 445}"
"{'id': 35172, 'rank': 1, 'fitness': 0.9820137900379085, 'generation': 446}","{'id': 35108, 'rank': 2, 'fitness': 0.9811496701865565, 'generation': 446}","{'id': 35109, 'rank': 3, 'fitness': 0.9789563386985984, 'generation': 446}","{'id': 35109, 'rank': 4, 'fitness': 0.9789563386985984, 'generation': 446}","{'id': 35109, 'rank': 5, 'fitness': 0.9789563386985984, 'generation': 446}","{'id': 35109, 'rank': 6, 'fitness': 0.9789563386985984, 'generation': 446}","{'id': 35145, 'rank': 7, 'fitness': 0.9785379190002739, 'generation': 446}","{'id': 35144, 'rank': 8, 'fitness': 0.9775325410144828, 'generation': 446}","{'id': 35144, 'rank': 9, 'fitness': 0.9775325410144828, 'generation': 446}","{'id': 35105, 'rank': 10, 'fitness': 0.9774898259775366, 'generation': 446}","{'id': 34912, 'rank': 11, 'fitness': 0.9756874906642274, 'generation': 446}","{'id': 35106, 'rank': 12, 'fitness': 0.9755412077231278, 'generation': 446}","{'id': 35106, 'rank': 13, 'fitness': 0.9755412077231278, 'generation': 446}","{'id': 35106, 'rank': 14, 'fitness': 0.9755412077231278, 'generation': 446}","{'id': 35125, 'rank': 15, 'fitness': 0.9705624819849401, 'generation': 446}","{'id': 34976, 'rank': 16, 'fitness': 0.9697370619868765, 'generation': 446}","{'id': 35168, 'rank': 17, 'fitness': 0.9629615037366477, 'generation': 446}","{'id': 35169, 'rank': 18, 'fitness': 0.9588009842669928, 'generation': 446}","{'id': 35166, 'rank': 19, 'fitness': 0.9586953236252613, 'generation': 446}","{'id': 35181, 'rank': 20, 'fitness': 0.9576492512079962, 'generation': 446}","{'id': 35164, 'rank': 21, 'fitness': 0.8417198550262752, 'generation': 446}","{'id': 35161, 'rank': 22, 'fitness': 0.8332141080566405, 'generation': 446}","{'id': 35163, 'rank': 23, 'fitness': 0.805614843537404, 'generation': 446}","{'id': 35163, 'rank': 24, 'fitness': 0.805614843537404, 'generation': 446}","{'id': 35191, 'rank': 25, 'fitness': 0.8035906097120287, 'generation': 446}","{'id': 35159, 'rank': 26, 'fitness': 0.5307732152306225, 'generation': 446}","{'id': 35159, 'rank': 27, 'fitness': 0.5307732152306225, 'generation': 446}","{'id': 35176, 'rank': 28, 'fitness': 0.021493964574828772, 'generation': 446}","{'id': 35197, 'rank': 29, 'fitness': 0.01798620996209155, 'generation': 446}","{'id': 35197, 'rank': 30, 'fitness': 0.01798620996209155, 'generation': 446}"
"{'id': 35272, 'rank': 1, 'fitness': 0.9820137900379085, 'generation': 447}","{'id': 35172, 'rank': 2, 'fitness': 0.9815255525574863, 'generation': 447}","{'id': 35274, 'rank': 3, 'fitness': 0.9803134455935121, 'generation': 447}","{'id': 35274, 'rank': 4, 'fitness': 0.9803134455935121, 'generation': 447}","{'id': 35271, 'rank': 5, 'fitness': 0.9788346250852217, 'generation': 447}","{'id': 35271, 'rank': 6, 'fitness': 0.9788346250852217, 'generation': 447}","{'id': 35255, 'rank': 7, 'fitness': 0.9763833404670288, 'generation': 447}","{'id': 35255, 'rank': 8, 'fitness': 0.9763833404670288, 'generation': 447}","{'id': 35277, 'rank': 9, 'fitness': 0.9760385132960785, 'generation': 447}","{'id': 35109, 'rank': 10, 'fitness': 0.9684645006703492, 'generation': 447}","{'id': 35109, 'rank': 11, 'fitness': 0.9684645006703492, 'generation': 447}","{'id': 35145, 'rank': 12, 'fitness': 0.9662921132051623, 'generation': 447}","{'id': 35145, 'rank': 13, 'fitness': 0.9662921132051623, 'generation': 447}","{'id': 35145, 'rank': 14, 'fitness': 0.9662921132051623, 'generation': 447}","{'id': 35211, 'rank': 15, 'fitness': 0.962223126110088, 'generation': 447}","{'id': 35209, 'rank': 16, 'fitness': 0.960879653821539, 'generation': 447}","{'id': 35105, 'rank': 17, 'fitness': 0.9604121844735696, 'generation': 447}","{'id': 35105, 'rank': 18, 'fitness': 0.9604121844735696, 'generation': 447}","{'id': 35279, 'rank': 19, 'fitness': 0.9593681012028115, 'generation': 447}","{'id': 35203, 'rank': 20, 'fitness': 0.955240527232791, 'generation': 447}","{'id': 35244, 'rank': 21, 'fitness': 0.9534928768198343, 'generation': 447}","{'id': 35207, 'rank': 22, 'fitness': 0.9518150734654776, 'generation': 447}","{'id': 35276, 'rank': 23, 'fitness': 0.9507669851306277, 'generation': 447}","{'id': 35201, 'rank': 24, 'fitness': 0.9343791714520768, 'generation': 447}","{'id': 35201, 'rank': 25, 'fitness': 0.9343791714520768, 'generation': 447}","{'id': 35245, 'rank': 26, 'fitness': 0.9162292643173657, 'generation': 447}","{'id': 35225, 'rank': 27, 'fitness': 0.8901511139353976, 'generation': 447}","{'id': 35222, 'rank': 28, 'fitness': 0.8116990801915502, 'generation': 447}","{'id': 35266, 'rank': 29, 'fitness': 0.4727393688602094, 'generation': 447}","{'id': 35164, 'rank': 30, 'fitness': 0.01798620996209155, 'generation': 447}"
"{'id': 35272, 'rank': 1, 'fitness': 0.9820137900379085, 'generation': 448}","{'id': 35274, 'rank': 2, 'fitness': 0.9773372052924005, 'generation': 448}","{'id': 35274, 'rank': 3, 'fitness': 0.9773372052924005, 'generation': 448}","{'id': 35313, 'rank': 4, 'fitness': 0.9765107746549688, 'generation': 448}","{'id': 35307, 'rank': 5, 'fitness': 0.9762923848489322, 'generation': 448}","{'id': 35323, 'rank': 6, 'fitness': 0.9728746438995797, 'generation': 448}","{'id': 35255, 'rank': 7, 'fitness': 0.9639952811843748, 'generation': 448}","{'id': 35255, 'rank': 8, 'fitness': 0.9639952811843748, 'generation': 448}","{'id': 35255, 'rank': 9, 'fitness': 0.9639952811843748, 'generation': 448}","{'id': 35255, 'rank': 10, 'fitness': 0.9639952811843748, 'generation': 448}","{'id': 35255, 'rank': 11, 'fitness': 0.9639952811843748, 'generation': 448}","{'id': 35255, 'rank': 12, 'fitness': 0.9639952811843748, 'generation': 448}","{'id': 35310, 'rank': 13, 'fitness': 0.9471768695405729, 'generation': 448}","{'id': 35298, 'rank': 14, 'fitness': 0.9255134736621522, 'generation': 448}","{'id': 35298, 'rank': 15, 'fitness': 0.9255134736621522, 'generation': 448}","{'id': 35145, 'rank': 16, 'fitness': 0.912871313419984, 'generation': 448}","{'id': 35211, 'rank': 17, 'fitness': 0.8855818356248328, 'generation': 448}","{'id': 35211, 'rank': 18, 'fitness': 0.8855818356248328, 'generation': 448}","{'id': 35325, 'rank': 19, 'fitness': 0.884156799306953, 'generation': 448}","{'id': 35209, 'rank': 20, 'fitness': 0.8758021701627482, 'generation': 448}","{'id': 35300, 'rank': 21, 'fitness': 0.8734584316585907, 'generation': 448}","{'id': 35340, 'rank': 22, 'fitness': 0.8664709057227347, 'generation': 448}","{'id': 35279, 'rank': 23, 'fitness': 0.8643726072846702, 'generation': 448}","{'id': 35362, 'rank': 24, 'fitness': 0.8386517132295154, 'generation': 448}","{'id': 35364, 'rank': 25, 'fitness': 0.8331912045639969, 'generation': 448}","{'id': 35336, 'rank': 26, 'fitness': 0.796838953652165, 'generation': 448}","{'id': 35327, 'rank': 27, 'fitness': 0.7106832395132378, 'generation': 448}","{'id': 35371, 'rank': 28, 'fitness': 0.5498600837386137, 'generation': 448}","{'id': 35295, 'rank': 29, 'fitness': 0.07108060959235074, 'generation': 448}","{'id': 35344, 'rank': 30, 'fitness': 0.01798620996209155, 'generation': 448}"
"{'id': 35272, 'rank': 1, 'fitness': 0.9820137900379085, 'generation': 449}","{'id': 35274, 'rank': 2, 'fitness': 0.9812715863387247, 'generation': 449}","{'id': 35313, 'rank': 3, 'fitness': 0.9811535642927642, 'generation': 449}","{'id': 35323, 'rank': 4, 'fitness': 0.9806708129790266, 'generation': 449}","{'id': 35255, 'rank': 5, 'fitness': 0.9796789833813028, 'generation': 449}","{'id': 35255, 'rank': 6, 'fitness': 0.9796789833813028, 'generation': 449}","{'id': 35386, 'rank': 7, 'fitness': 0.9795116504559562, 'generation': 449}","{'id': 35407, 'rank': 8, 'fitness': 0.9794211429856685, 'generation': 449}","{'id': 35407, 'rank': 9, 'fitness': 0.9794211429856685, 'generation': 449}","{'id': 35310, 'rank': 10, 'fitness': 0.9782374661670001, 'generation': 449}","{'id': 35441, 'rank': 11, 'fitness': 0.9777840070952584, 'generation': 449}","{'id': 35441, 'rank': 12, 'fitness': 0.9777840070952584, 'generation': 449}","{'id': 35395, 'rank': 13, 'fitness': 0.9770778941792693, 'generation': 449}","{'id': 35298, 'rank': 14, 'fitness': 0.9768312475745695, 'generation': 449}","{'id': 35443, 'rank': 15, 'fitness': 0.9758201465210657, 'generation': 449}","{'id': 35397, 'rank': 16, 'fitness': 0.9755504704355591, 'generation': 449}","{'id': 35300, 'rank': 17, 'fitness': 0.9743907382942079, 'generation': 449}","{'id': 35362, 'rank': 18, 'fitness': 0.973125222633395, 'generation': 449}","{'id': 35362, 'rank': 19, 'fitness': 0.973125222633395, 'generation': 449}","{'id': 35336, 'rank': 20, 'fitness': 0.971808946128673, 'generation': 449}","{'id': 35428, 'rank': 21, 'fitness': 0.9688749300850967, 'generation': 449}","{'id': 35425, 'rank': 22, 'fitness': 0.9623032378007779, 'generation': 449}","{'id': 35416, 'rank': 23, 'fitness': 0.9456692765162985, 'generation': 449}","{'id': 35344, 'rank': 24, 'fitness': 0.9310549228029062, 'generation': 449}","{'id': 35382, 'rank': 25, 'fitness': 0.8721863304663935, 'generation': 449}","{'id': 35381, 'rank': 26, 'fitness': 0.8137384902275561, 'generation': 449}","{'id': 35391, 'rank': 27, 'fitness': 0.6755707473401988, 'generation': 449}","{'id': 35390, 'rank': 28, 'fitness': 0.47019544671542984, 'generation': 449}","{'id': 35431, 'rank': 29, 'fitness': 0.2798468359693872, 'generation': 449}","{'id': 35392, 'rank': 30, 'fitness': 0.01798620996209155, 'generation': 449}"
"{'id': 35313, 'rank': 1, 'fitness': 0.9820137900379085, 'generation': 450}","{'id': 35323, 'rank': 2, 'fitness': 0.9807135997645778, 'generation': 450}","{'id': 35470, 'rank': 3, 'fitness': 0.9802468956371353, 'generation': 450}","{'id': 35255, 'rank': 4, 'fitness': 0.977861916794631, 'generation': 450}","{'id': 35454, 'rank': 5, 'fitness': 0.9778035627457005, 'generation': 450}","{'id': 35469, 'rank': 6, 'fitness': 0.9758990612968832, 'generation': 450}","{'id': 35469, 'rank': 7, 'fitness': 0.9758990612968832, 'generation': 450}","{'id': 35458, 'rank': 8, 'fitness': 0.9758246303005147, 'generation': 450}","{'id': 35458, 'rank': 9, 'fitness': 0.9758246303005147, 'generation': 450}","{'id': 35512, 'rank': 10, 'fitness': 0.9754882181145546, 'generation': 450}","{'id': 35512, 'rank': 11, 'fitness': 0.9754882181145546, 'generation': 450}","{'id': 35471, 'rank': 12, 'fitness': 0.9740016433556646, 'generation': 450}","{'id': 35441, 'rank': 13, 'fitness': 0.9717172842449977, 'generation': 450}","{'id': 35441, 'rank': 14, 'fitness': 0.9717172842449977, 'generation': 450}","{'id': 35443, 'rank': 15, 'fitness': 0.9643472929016939, 'generation': 450}","{'id': 35300, 'rank': 16, 'fitness': 0.9583202360425405, 'generation': 450}","{'id': 35362, 'rank': 17, 'fitness': 0.9525081651335301, 'generation': 450}","{'id': 35362, 'rank': 18, 'fitness': 0.9525081651335301, 'generation': 450}","{'id': 35451, 'rank': 19, 'fitness': 0.9507582703039761, 'generation': 450}","{'id': 35462, 'rank': 20, 'fitness': 0.9494933288261979, 'generation': 450}","{'id': 35482, 'rank': 21, 'fitness': 0.9282203078138782, 'generation': 450}","{'id': 35479, 'rank': 22, 'fitness': 0.9170603576693961, 'generation': 450}","{'id': 35519, 'rank': 23, 'fitness': 0.9117995574094415, 'generation': 450}","{'id': 35459, 'rank': 24, 'fitness': 0.9015591314526298, 'generation': 450}","{'id': 35459, 'rank': 25, 'fitness': 0.9015591314526298, 'generation': 450}","{'id': 35481, 'rank': 26, 'fitness': 0.8776541187691843, 'generation': 450}","{'id': 35488, 'rank': 27, 'fitness': 0.8466776044814003, 'generation': 450}","{'id': 35523, 'rank': 28, 'fitness': 0.8269331850316037, 'generation': 450}","{'id': 35501, 'rank': 29, 'fitness': 0.7800859800708387, 'generation': 450}","{'id': 35473, 'rank': 30, 'fitness': 0.01798620996209155, 'generation': 450}"
"{'id': 35255, 'rank': 1, 'fitness': 0.9820137900379085, 'generation': 451}","{'id': 35454, 'rank': 2, 'fitness': 0.9819057105378107, 'generation': 451}","{'id': 35454, 'rank': 3, 'fitness': 0.9819057105378107, 'generation': 451}","{'id': 35469, 'rank': 4, 'fitness': 0.9781811907607755, 'generation': 451}","{'id': 35469, 'rank': 5, 'fitness': 0.9781811907607755, 'generation': 451}","{'id': 35469, 'rank': 6, 'fitness': 0.9781811907607755, 'generation': 451}","{'id': 35458, 'rank': 7, 'fitness': 0.9780278302021748, 'generation': 451}","{'id': 35512, 'rank': 8, 'fitness': 0.9773273222642216, 'generation': 451}","{'id': 35471, 'rank': 9, 'fitness': 0.9740872922962436, 'generation': 451}","{'id': 35441, 'rank': 10, 'fitness': 0.968646851624532, 'generation': 451}","{'id': 35542, 'rank': 11, 'fitness': 0.9483741758936085, 'generation': 451}","{'id': 35597, 'rank': 12, 'fitness': 0.9256699119035671, 'generation': 451}","{'id': 35557, 'rank': 13, 'fitness': 0.9115900733278014, 'generation': 451}","{'id': 35549, 'rank': 14, 'fitness': 0.9064700738635258, 'generation': 451}","{'id': 35362, 'rank': 15, 'fitness': 0.9012069160266944, 'generation': 451}","{'id': 35462, 'rank': 16, 'fitness': 0.8873584694245883, 'generation': 451}","{'id': 35602, 'rank': 17, 'fitness': 0.8610781682459303, 'generation': 451}","{'id': 35551, 'rank': 18, 'fitness': 0.8415665000793771, 'generation': 451}","{'id': 35551, 'rank': 19, 'fitness': 0.8415665000793771, 'generation': 451}","{'id': 35599, 'rank': 20, 'fitness': 0.8062466189783039, 'generation': 451}","{'id': 35533, 'rank': 21, 'fitness': 0.7984315286108539, 'generation': 451}","{'id': 35482, 'rank': 22, 'fitness': 0.7713759594588564, 'generation': 451}","{'id': 35547, 'rank': 23, 'fitness': 0.7509653518660936, 'generation': 451}","{'id': 35611, 'rank': 24, 'fitness': 0.7053882206650847, 'generation': 451}","{'id': 35459, 'rank': 25, 'fitness': 0.6068844425906724, 'generation': 451}","{'id': 35546, 'rank': 26, 'fitness': 0.5704023376187829, 'generation': 451}","{'id': 35563, 'rank': 27, 'fitness': 0.5278239526486748, 'generation': 451}","{'id': 35604, 'rank': 28, 'fitness': 0.4946748780250178, 'generation': 451}","{'id': 35562, 'rank': 29, 'fitness': 0.3610199425242305, 'generation': 451}","{'id': 35577, 'rank': 30, 'fitness': 0.01798620996209155, 'generation': 451}"
"{'id': 35255, 'rank': 1, 'fitness': 0.9820137900379085, 'generation': 452}","{'id': 35454, 'rank': 2, 'fitness': 0.9820112690425411, 'generation': 452}","{'id': 35454, 'rank': 3, 'fitness': 0.9820112690425411, 'generation': 452}","{'id': 35469, 'rank': 4, 'fitness': 0.9819321813893476, 'generation': 452}","{'id': 35512, 'rank': 5, 'fitness': 0.9819158800795341, 'generation': 452}","{'id': 35512, 'rank': 6, 'fitness': 0.9819158800795341, 'generation': 452}","{'id': 35681, 'rank': 7, 'fitness': 0.9818523048194355, 'generation': 452}","{'id': 35681, 'rank': 8, 'fitness': 0.9818523048194355, 'generation': 452}","{'id': 35441, 'rank': 9, 'fitness': 0.9817770055337292, 'generation': 452}","{'id': 35441, 'rank': 10, 'fitness': 0.9817770055337292, 'generation': 452}","{'id': 35682, 'rank': 11, 'fitness': 0.981692568467059, 'generation': 452}","{'id': 35664, 'rank': 12, 'fitness': 0.9816423447477991, 'generation': 452}","{'id': 35542, 'rank': 13, 'fitness': 0.9815581584953288, 'generation': 452}","{'id': 35628, 'rank': 14, 'fitness': 0.9813612094665607, 'generation': 452}","{'id': 35628, 'rank': 15, 'fitness': 0.9813612094665607, 'generation': 452}","{'id': 35557, 'rank': 16, 'fitness': 0.9813120126037544, 'generation': 452}","{'id': 35684, 'rank': 17, 'fitness': 0.9812454530699277, 'generation': 452}","{'id': 35625, 'rank': 18, 'fitness': 0.9811390107693339, 'generation': 452}","{'id': 35546, 'rank': 19, 'fitness': 0.9804121126523275, 'generation': 452}","{'id': 35650, 'rank': 20, 'fitness': 0.980253024835732, 'generation': 452}","{'id': 35577, 'rank': 21, 'fitness': 0.9783922800101975, 'generation': 452}","{'id': 35619, 'rank': 22, 'fitness': 0.9781771673515266, 'generation': 452}","{'id': 35619, 'rank': 23, 'fitness': 0.9781771673515266, 'generation': 452}","{'id': 35620, 'rank': 24, 'fitness': 0.9744065606625838, 'generation': 452}","{'id': 35644, 'rank': 25, 'fitness': 0.9721171379847435, 'generation': 452}","{'id': 35644, 'rank': 26, 'fitness': 0.9721171379847435, 'generation': 452}","{'id': 35624, 'rank': 27, 'fitness': 0.9689720167244901, 'generation': 452}","{'id': 35672, 'rank': 28, 'fitness': 0.8482905275670145, 'generation': 452}","{'id': 35637, 'rank': 29, 'fitness': 0.7751020194514804, 'generation': 452}","{'id': 35615, 'rank': 30, 'fitness': 0.01798620996209155, 'generation': 452}"
"{'id': 35754, 'rank': 1, 'fitness': 0.9820137900379085, 'generation': 453}","{'id': 35741, 'rank': 2, 'fitness': 0.9819181105472096, 'generation': 453}","{'id': 35255, 'rank': 3, 'fitness': 0.9806064445170715, 'generation': 453}","{'id': 35688, 'rank': 4, 'fitness': 0.9795219929960759, 'generation': 453}","{'id': 35743, 'rank': 5, 'fitness': 0.975586575597646, 'generation': 453}","{'id': 35681, 'rank': 6, 'fitness': 0.9726312201775089, 'generation': 453}","{'id': 35693, 'rank': 7, 'fitness': 0.9712651684906413, 'generation': 453}","{'id': 35441, 'rank': 8, 'fitness': 0.9679295996900026, 'generation': 453}","{'id': 35441, 'rank': 9, 'fitness': 0.9679295996900026, 'generation': 453}","{'id': 35734, 'rank': 10, 'fitness': 0.9671915241645034, 'generation': 453}","{'id': 35755, 'rank': 11, 'fitness': 0.9648365600985689, 'generation': 453}","{'id': 35770, 'rank': 12, 'fitness': 0.9627153876105494, 'generation': 453}","{'id': 35770, 'rank': 13, 'fitness': 0.9627153876105494, 'generation': 453}","{'id': 35682, 'rank': 14, 'fitness': 0.9617573091783886, 'generation': 453}","{'id': 35733, 'rank': 15, 'fitness': 0.947803506122816, 'generation': 453}","{'id': 35692, 'rank': 16, 'fitness': 0.9451965653688108, 'generation': 453}","{'id': 35691, 'rank': 17, 'fitness': 0.9435077095369435, 'generation': 453}","{'id': 35717, 'rank': 18, 'fitness': 0.9340436926000629, 'generation': 453}","{'id': 35717, 'rank': 19, 'fitness': 0.9340436926000629, 'generation': 453}","{'id': 35695, 'rank': 20, 'fitness': 0.9317593963308057, 'generation': 453}","{'id': 35757, 'rank': 21, 'fitness': 0.931627943780099, 'generation': 453}","{'id': 35759, 'rank': 22, 'fitness': 0.9177869699772472, 'generation': 453}","{'id': 35689, 'rank': 23, 'fitness': 0.9161129392170961, 'generation': 453}","{'id': 35761, 'rank': 24, 'fitness': 0.863807096419285, 'generation': 453}","{'id': 35761, 'rank': 25, 'fitness': 0.863807096419285, 'generation': 453}","{'id': 35761, 'rank': 26, 'fitness': 0.863807096419285, 'generation': 453}","{'id': 35745, 'rank': 27, 'fitness': 0.7697338586014073, 'generation': 453}","{'id': 35765, 'rank': 28, 'fitness': 0.5326053376542337, 'generation': 453}","{'id': 35687, 'rank': 29, 'fitness': 0.43236199283229215, 'generation': 453}","{'id': 35749, 'rank': 30, 'fitness': 0.01798620996209155, 'generation': 453}"
"{'id': 35754, 'rank': 1, 'fitness': 0.9820137900379085, 'generation': 454}","{'id': 35255, 'rank': 2, 'fitness': 0.981803319744281, 'generation': 454}","{'id': 35255, 'rank': 3, 'fitness': 0.981803319744281, 'generation': 454}","{'id': 35681, 'rank': 4, 'fitness': 0.9808051019270323, 'generation': 454}","{'id': 35832, 'rank': 5, 'fitness': 0.9803732973606826, 'generation': 454}","{'id': 35734, 'rank': 6, 'fitness': 0.980254475984645, 'generation': 454}","{'id': 35734, 'rank': 7, 'fitness': 0.980254475984645, 'generation': 454}","{'id': 35755, 'rank': 8, 'fitness': 0.9800389744880762, 'generation': 454}","{'id': 35770, 'rank': 9, 'fitness': 0.9798546565439916, 'generation': 454}","{'id': 35770, 'rank': 10, 'fitness': 0.9798546565439916, 'generation': 454}","{'id': 35692, 'rank': 11, 'fitness': 0.9785878395572487, 'generation': 454}","{'id': 35692, 'rank': 12, 'fitness': 0.9785878395572487, 'generation': 454}","{'id': 35691, 'rank': 13, 'fitness': 0.9784836569646835, 'generation': 454}","{'id': 35850, 'rank': 14, 'fitness': 0.9783608679528684, 'generation': 454}","{'id': 35717, 'rank': 15, 'fitness': 0.9779410472908001, 'generation': 454}","{'id': 35695, 'rank': 16, 'fitness': 0.9778192122250937, 'generation': 454}","{'id': 35757, 'rank': 17, 'fitness': 0.9778122971218874, 'generation': 454}","{'id': 35689, 'rank': 18, 'fitness': 0.9770590868996156, 'generation': 454}","{'id': 35689, 'rank': 19, 'fitness': 0.9770590868996156, 'generation': 454}","{'id': 35761, 'rank': 20, 'fitness': 0.975102165800412, 'generation': 454}","{'id': 35761, 'rank': 21, 'fitness': 0.975102165800412, 'generation': 454}","{'id': 35761, 'rank': 22, 'fitness': 0.975102165800412, 'generation': 454}","{'id': 35815, 'rank': 23, 'fitness': 0.972704236226684, 'generation': 454}","{'id': 35848, 'rank': 24, 'fitness': 0.972218980905256, 'generation': 454}","{'id': 35774, 'rank': 25, 'fitness': 0.9713088564846724, 'generation': 454}","{'id': 35808, 'rank': 26, 'fitness': 0.9588175136347689, 'generation': 454}","{'id': 35819, 'rank': 27, 'fitness': 0.9353292149022137, 'generation': 454}","{'id': 35819, 'rank': 28, 'fitness': 0.9353292149022137, 'generation': 454}","{'id': 35787, 'rank': 29, 'fitness': 0.9184428348340772, 'generation': 454}","{'id': 35797, 'rank': 30, 'fitness': 0.01798620996209155, 'generation': 454}"
"{'id': 35681, 'rank': 1, 'fitness': 0.9820137900379085, 'generation': 455}","{'id': 35681, 'rank': 2, 'fitness': 0.9820137900379085, 'generation': 455}","{'id': 35770, 'rank': 3, 'fitness': 0.9674086572706866, 'generation': 455}","{'id': 35868, 'rank': 4, 'fitness': 0.9645311967792429, 'generation': 455}","{'id': 35934, 'rank': 5, 'fitness': 0.9599378056264347, 'generation': 455}","{'id': 35872, 'rank': 6, 'fitness': 0.9594997797213218, 'generation': 455}","{'id': 35872, 'rank': 7, 'fitness': 0.9594997797213218, 'generation': 455}","{'id': 35900, 'rank': 8, 'fitness': 0.9550576182600232, 'generation': 455}","{'id': 35869, 'rank': 9, 'fitness': 0.9542718238211608, 'generation': 455}","{'id': 35922, 'rank': 10, 'fitness': 0.9483656023483641, 'generation': 455}","{'id': 35943, 'rank': 11, 'fitness': 0.9372727902451652, 'generation': 455}","{'id': 35692, 'rank': 12, 'fitness': 0.9321802317092801, 'generation': 455}","{'id': 35692, 'rank': 13, 'fitness': 0.9321802317092801, 'generation': 455}","{'id': 35919, 'rank': 14, 'fitness': 0.925619405625143, 'generation': 455}","{'id': 35933, 'rank': 15, 'fitness': 0.9168484331459247, 'generation': 455}","{'id': 35933, 'rank': 16, 'fitness': 0.9168484331459247, 'generation': 455}","{'id': 35933, 'rank': 17, 'fitness': 0.9168484331459247, 'generation': 455}","{'id': 35717, 'rank': 18, 'fitness': 0.9041846530431884, 'generation': 455}","{'id': 35896, 'rank': 19, 'fitness': 0.8988573758384527, 'generation': 455}","{'id': 35896, 'rank': 20, 'fitness': 0.8988573758384527, 'generation': 455}","{'id': 35896, 'rank': 21, 'fitness': 0.8988573758384527, 'generation': 455}","{'id': 35911, 'rank': 22, 'fitness': 0.8618970357506281, 'generation': 455}","{'id': 35937, 'rank': 23, 'fitness': 0.8363701393540727, 'generation': 455}","{'id': 35894, 'rank': 24, 'fitness': 0.7493982153308757, 'generation': 455}","{'id': 35866, 'rank': 25, 'fitness': 0.5096301251514286, 'generation': 455}","{'id': 35949, 'rank': 26, 'fitness': 0.35935452639971766, 'generation': 455}","{'id': 35910, 'rank': 27, 'fitness': 0.1525929657773023, 'generation': 455}","{'id': 35887, 'rank': 28, 'fitness': 0.11661722469614799, 'generation': 455}","{'id': 35880, 'rank': 29, 'fitness': 0.1022962481388735, 'generation': 455}","{'id': 35885, 'rank': 30, 'fitness': 0.01798620996209155, 'generation': 455}"
"{'id': 36019, 'rank': 1, 'fitness': 0.9820137900379085, 'generation': 456}","{'id': 35770, 'rank': 2, 'fitness': 0.980559808722472, 'generation': 456}","{'id': 35868, 'rank': 3, 'fitness': 0.9804193373838613, 'generation': 456}","{'id': 35868, 'rank': 4, 'fitness': 0.9804193373838613, 'generation': 456}","{'id': 35934, 'rank': 5, 'fitness': 0.9802146106083139, 'generation': 456}","{'id': 35869, 'rank': 6, 'fitness': 0.9799886443667984, 'generation': 456}","{'id': 35922, 'rank': 7, 'fitness': 0.9797776325923638, 'generation': 456}","{'id': 35896, 'rank': 8, 'fitness': 0.9785358339179616, 'generation': 456}","{'id': 35896, 'rank': 9, 'fitness': 0.9785358339179616, 'generation': 456}","{'id': 35894, 'rank': 10, 'fitness': 0.9765316861296229, 'generation': 456}","{'id': 36013, 'rank': 11, 'fitness': 0.9756899920558029, 'generation': 456}","{'id': 36013, 'rank': 12, 'fitness': 0.9756899920558029, 'generation': 456}","{'id': 36012, 'rank': 13, 'fitness': 0.9718910503436727, 'generation': 456}","{'id': 36027, 'rank': 14, 'fitness': 0.968126222291178, 'generation': 456}","{'id': 35885, 'rank': 15, 'fitness': 0.9644686417388058, 'generation': 456}","{'id': 35989, 'rank': 16, 'fitness': 0.9581545221383461, 'generation': 456}","{'id': 35989, 'rank': 17, 'fitness': 0.9581545221383461, 'generation': 456}","{'id': 35977, 'rank': 18, 'fitness': 0.9372759475977879, 'generation': 456}","{'id': 36011, 'rank': 19, 'fitness': 0.9293948561933623, 'generation': 456}","{'id': 35995, 'rank': 20, 'fitness': 0.9288943509458141, 'generation': 456}","{'id': 36004, 'rank': 21, 'fitness': 0.9081251163991527, 'generation': 456}","{'id': 35974, 'rank': 22, 'fitness': 0.8829734523028345, 'generation': 456}","{'id': 35975, 'rank': 23, 'fitness': 0.8708372694793785, 'generation': 456}","{'id': 35996, 'rank': 24, 'fitness': 0.8672191026411276, 'generation': 456}","{'id': 35985, 'rank': 25, 'fitness': 0.7430434759621591, 'generation': 456}","{'id': 35963, 'rank': 26, 'fitness': 0.7375549806697501, 'generation': 456}","{'id': 36018, 'rank': 27, 'fitness': 0.733499912389686, 'generation': 456}","{'id': 35971, 'rank': 28, 'fitness': 0.7100987176799842, 'generation': 456}","{'id': 35999, 'rank': 29, 'fitness': 0.3902282022749113, 'generation': 456}","{'id': 35955, 'rank': 30, 'fitness': 0.01798620996209155, 'generation': 456}"
"{'id': 35869, 'rank': 1, 'fitness': 0.9820137900379085, 'generation': 457}","{'id': 36037, 'rank': 2, 'fitness': 0.9819098974282552, 'generation': 457}","{'id': 36065, 'rank': 3, 'fitness': 0.9817384589804713, 'generation': 457}","{'id': 36073, 'rank': 4, 'fitness': 0.9815394552033335, 'generation': 457}","{'id': 36073, 'rank': 5, 'fitness': 0.9815394552033335, 'generation': 457}","{'id': 36108, 'rank': 6, 'fitness': 0.9814390708311158, 'generation': 457}","{'id': 35896, 'rank': 7, 'fitness': 0.9812337233316384, 'generation': 457}","{'id': 36074, 'rank': 8, 'fitness': 0.9803065984907162, 'generation': 457}","{'id': 36075, 'rank': 9, 'fitness': 0.9802963314719186, 'generation': 457}","{'id': 36032, 'rank': 10, 'fitness': 0.9802590958798454, 'generation': 457}","{'id': 35894, 'rank': 11, 'fitness': 0.9801900897736775, 'generation': 457}","{'id': 36045, 'rank': 12, 'fitness': 0.9785997698165374, 'generation': 457}","{'id': 36097, 'rank': 13, 'fitness': 0.9783489976141635, 'generation': 457}","{'id': 36012, 'rank': 14, 'fitness': 0.9778959551254518, 'generation': 457}","{'id': 36063, 'rank': 15, 'fitness': 0.977215519509418, 'generation': 457}","{'id': 36098, 'rank': 16, 'fitness': 0.9771792807741753, 'generation': 457}","{'id': 36100, 'rank': 17, 'fitness': 0.9768983519001625, 'generation': 457}","{'id': 36100, 'rank': 18, 'fitness': 0.9768983519001625, 'generation': 457}","{'id': 36048, 'rank': 19, 'fitness': 0.9760180139186272, 'generation': 457}","{'id': 36104, 'rank': 20, 'fitness': 0.9757318857799926, 'generation': 457}","{'id': 36099, 'rank': 21, 'fitness': 0.9738182329480527, 'generation': 457}","{'id': 36090, 'rank': 22, 'fitness': 0.9684104377042211, 'generation': 457}","{'id': 36068, 'rank': 23, 'fitness': 0.9655558279927958, 'generation': 457}","{'id': 36068, 'rank': 24, 'fitness': 0.9655558279927958, 'generation': 457}","{'id': 35995, 'rank': 25, 'fitness': 0.9608882347157346, 'generation': 457}","{'id': 35995, 'rank': 26, 'fitness': 0.9608882347157346, 'generation': 457}","{'id': 36041, 'rank': 27, 'fitness': 0.9575783603159445, 'generation': 457}","{'id': 36030, 'rank': 28, 'fitness': 0.860247127849225, 'generation': 457}","{'id': 36052, 'rank': 29, 'fitness': 0.6911731824132159, 'generation': 457}","{'id': 36089, 'rank': 30, 'fitness': 0.01798620996209155, 'generation': 457}"
"{'id': 35869, 'rank': 1, 'fitness': 0.9820137900379085, 'generation': 458}","{'id': 36163, 'rank': 2, 'fitness': 0.9803888768551346, 'generation': 458}","{'id': 36155, 'rank': 3, 'fitness': 0.9776710574959084, 'generation': 458}","{'id': 36115, 'rank': 4, 'fitness': 0.9768269826033315, 'generation': 458}","{'id': 36134, 'rank': 5, 'fitness': 0.9737219941094435, 'generation': 458}","{'id': 36200, 'rank': 6, 'fitness': 0.9723496496912071, 'generation': 458}","{'id': 36116, 'rank': 7, 'fitness': 0.970212968653607, 'generation': 458}","{'id': 36126, 'rank': 8, 'fitness': 0.9697163875597963, 'generation': 458}","{'id': 36154, 'rank': 9, 'fitness': 0.9674882467473649, 'generation': 458}","{'id': 36146, 'rank': 10, 'fitness': 0.9639160813052267, 'generation': 458}","{'id': 36148, 'rank': 11, 'fitness': 0.9602431900659553, 'generation': 458}","{'id': 36135, 'rank': 12, 'fitness': 0.9599747522131357, 'generation': 458}","{'id': 36127, 'rank': 13, 'fitness': 0.9483521191493517, 'generation': 458}","{'id': 36127, 'rank': 14, 'fitness': 0.9483521191493517, 'generation': 458}","{'id': 36097, 'rank': 15, 'fitness': 0.9475316312314374, 'generation': 458}","{'id': 36097, 'rank': 16, 'fitness': 0.9475316312314374, 'generation': 458}","{'id': 36136, 'rank': 17, 'fitness': 0.9470602457319951, 'generation': 458}","{'id': 36142, 'rank': 18, 'fitness': 0.9311317805052151, 'generation': 458}","{'id': 36063, 'rank': 19, 'fitness': 0.9301152566085988, 'generation': 458}","{'id': 36153, 'rank': 20, 'fitness': 0.9168910932171046, 'generation': 458}","{'id': 36153, 'rank': 21, 'fitness': 0.9168910932171046, 'generation': 458}","{'id': 36162, 'rank': 22, 'fitness': 0.8996292569468258, 'generation': 458}","{'id': 36141, 'rank': 23, 'fitness': 0.8818656753515248, 'generation': 458}","{'id': 36111, 'rank': 24, 'fitness': 0.8497527138034153, 'generation': 458}","{'id': 36189, 'rank': 25, 'fitness': 0.8408003541825668, 'generation': 458}","{'id': 36167, 'rank': 26, 'fitness': 0.7979144373669234, 'generation': 458}","{'id': 36166, 'rank': 27, 'fitness': 0.4392036106099013, 'generation': 458}","{'id': 36121, 'rank': 28, 'fitness': 0.1369459076932696, 'generation': 458}","{'id': 36172, 'rank': 29, 'fitness': 0.01994628975389029, 'generation': 458}","{'id': 36193, 'rank': 30, 'fitness': 0.01798620996209155, 'generation': 458}"
"{'id': 36163, 'rank': 1, 'fitness': 0.9820137900379085, 'generation': 459}","{'id': 36248, 'rank': 2, 'fitness': 0.9803292086292469, 'generation': 459}","{'id': 36248, 'rank': 3, 'fitness': 0.9803292086292469, 'generation': 459}","{'id': 36155, 'rank': 4, 'fitness': 0.9775482544234538, 'generation': 459}","{'id': 36264, 'rank': 5, 'fitness': 0.9720356508775865, 'generation': 459}","{'id': 36134, 'rank': 6, 'fitness': 0.9703657558031442, 'generation': 459}","{'id': 36266, 'rank': 7, 'fitness': 0.9697437473314968, 'generation': 459}","{'id': 36257, 'rank': 8, 'fitness': 0.9671559294671361, 'generation': 459}","{'id': 36225, 'rank': 9, 'fitness': 0.9591231264677345, 'generation': 459}","{'id': 36225, 'rank': 10, 'fitness': 0.9591231264677345, 'generation': 459}","{'id': 36225, 'rank': 11, 'fitness': 0.9591231264677345, 'generation': 459}","{'id': 36256, 'rank': 12, 'fitness': 0.9419852085620156, 'generation': 459}","{'id': 36220, 'rank': 13, 'fitness': 0.9357245080643815, 'generation': 459}","{'id': 36127, 'rank': 14, 'fitness': 0.9080486728877374, 'generation': 459}","{'id': 36127, 'rank': 15, 'fitness': 0.9080486728877374, 'generation': 459}","{'id': 36222, 'rank': 16, 'fitness': 0.8918654366571601, 'generation': 459}","{'id': 36222, 'rank': 17, 'fitness': 0.8918654366571601, 'generation': 459}","{'id': 36142, 'rank': 18, 'fitness': 0.8541456091488477, 'generation': 459}","{'id': 36153, 'rank': 19, 'fitness': 0.8053833315299836, 'generation': 459}","{'id': 36236, 'rank': 20, 'fitness': 0.7871405126078468, 'generation': 459}","{'id': 36162, 'rank': 21, 'fitness': 0.7437676191438171, 'generation': 459}","{'id': 36224, 'rank': 22, 'fitness': 0.5123147756343134, 'generation': 459}","{'id': 36212, 'rank': 23, 'fitness': 0.3101774445882614, 'generation': 459}","{'id': 36212, 'rank': 24, 'fitness': 0.3101774445882614, 'generation': 459}","{'id': 36242, 'rank': 25, 'fitness': 0.20411921979306463, 'generation': 459}","{'id': 36252, 'rank': 26, 'fitness': 0.051303514514873416, 'generation': 459}","{'id': 36219, 'rank': 27, 'fitness': 0.03912116572071095, 'generation': 459}","{'id': 36240, 'rank': 28, 'fitness': 0.021115941515955305, 'generation': 459}","{'id': 36240, 'rank': 29, 'fitness': 0.021115941515955305, 'generation': 459}","{'id': 36262, 'rank': 30, 'fitness': 0.01798620996209155, 'generation': 459}"
"{'id': 36163, 'rank': 1, 'fitness': 0.9820137900379085, 'generation': 460}","{'id': 36287, 'rank': 2, 'fitness': 0.9819906330865447, 'generation': 460}","{'id': 36155, 'rank': 3, 'fitness': 0.9816535351556778, 'generation': 460}","{'id': 36283, 'rank': 4, 'fitness': 0.9816215329943544, 'generation': 460}","{'id': 36264, 'rank': 5, 'fitness': 0.9812880104046975, 'generation': 460}","{'id': 36281, 'rank': 6, 'fitness': 0.9812679836530631, 'generation': 460}","{'id': 36134, 'rank': 7, 'fitness': 0.9811898939843805, 'generation': 460}","{'id': 36266, 'rank': 8, 'fitness': 0.9811545898735106, 'generation': 460}","{'id': 36257, 'rank': 9, 'fitness': 0.9810142408415148, 'generation': 460}","{'id': 36225, 'rank': 10, 'fitness': 0.9806329826604385, 'generation': 460}","{'id': 36225, 'rank': 11, 'fitness': 0.9806329826604385, 'generation': 460}","{'id': 36304, 'rank': 12, 'fitness': 0.9806155246670143, 'generation': 460}","{'id': 36256, 'rank': 13, 'fitness': 0.9799989994860137, 'generation': 460}","{'id': 36256, 'rank': 14, 'fitness': 0.9799989994860137, 'generation': 460}","{'id': 36127, 'rank': 15, 'fitness': 0.9791103565399801, 'generation': 460}","{'id': 36222, 'rank': 16, 'fitness': 0.9787790591526868, 'generation': 460}","{'id': 36286, 'rank': 17, 'fitness': 0.9777946103136761, 'generation': 460}","{'id': 36311, 'rank': 18, 'fitness': 0.9772502896898235, 'generation': 460}","{'id': 36311, 'rank': 19, 'fitness': 0.9772502896898235, 'generation': 460}","{'id': 36315, 'rank': 20, 'fitness': 0.977228357501096, 'generation': 460}","{'id': 36162, 'rank': 21, 'fitness': 0.976754349251286, 'generation': 460}","{'id': 36306, 'rank': 22, 'fitness': 0.9740048365268571, 'generation': 460}","{'id': 36212, 'rank': 23, 'fitness': 0.9726598244185414, 'generation': 460}","{'id': 36284, 'rank': 24, 'fitness': 0.9723890478428299, 'generation': 460}","{'id': 36242, 'rank': 25, 'fitness': 0.9712952779370796, 'generation': 460}","{'id': 36242, 'rank': 26, 'fitness': 0.9712952779370796, 'generation': 460}","{'id': 36312, 'rank': 27, 'fitness': 0.9693339515589974, 'generation': 460}","{'id': 36252, 'rank': 28, 'fitness': 0.967157824936564, 'generation': 460}","{'id': 36290, 'rank': 29, 'fitness': 0.9448261451939144, 'generation': 460}","{'id': 36318, 'rank': 30, 'fitness': 0.01798620996209155, 'generation': 460}"
"{'id': 36339, 'rank': 1, 'fitness': 0.9820137900379085, 'generation': 461}","{'id': 36287, 'rank': 2, 'fitness': 0.981306479316586, 'generation': 461}","{'id': 36134, 'rank': 3, 'fitness': 0.9643980920847448, 'generation': 461}","{'id': 36266, 'rank': 4, 'fitness': 0.9634054543761976, 'generation': 461}","{'id': 36257, 'rank': 5, 'fitness': 0.9592099973618851, 'generation': 461}","{'id': 36392, 'rank': 6, 'fitness': 0.9540457789764383, 'generation': 461}","{'id': 36360, 'rank': 7, 'fitness': 0.9508790415825187, 'generation': 461}","{'id': 36372, 'rank': 8, 'fitness': 0.9452418297343538, 'generation': 461}","{'id': 36358, 'rank': 9, 'fitness': 0.9397464235706955, 'generation': 461}","{'id': 36380, 'rank': 10, 'fitness': 0.9294315222123948, 'generation': 461}","{'id': 36380, 'rank': 11, 'fitness': 0.9294315222123948, 'generation': 461}","{'id': 36361, 'rank': 12, 'fitness': 0.917628779453465, 'generation': 461}","{'id': 36256, 'rank': 13, 'fitness': 0.9140831920550558, 'generation': 461}","{'id': 36256, 'rank': 14, 'fitness': 0.9140831920550558, 'generation': 461}","{'id': 36256, 'rank': 15, 'fitness': 0.9140831920550558, 'generation': 461}","{'id': 36343, 'rank': 16, 'fitness': 0.8961152400329941, 'generation': 461}","{'id': 36343, 'rank': 17, 'fitness': 0.8961152400329941, 'generation': 461}","{'id': 36353, 'rank': 18, 'fitness': 0.877547663590555, 'generation': 461}","{'id': 36336, 'rank': 19, 'fitness': 0.8350866670489592, 'generation': 461}","{'id': 36356, 'rank': 20, 'fitness': 0.834158155323, 'generation': 461}","{'id': 36222, 'rank': 21, 'fitness': 0.8118515132350653, 'generation': 461}","{'id': 36222, 'rank': 22, 'fitness': 0.8118515132350653, 'generation': 461}","{'id': 36359, 'rank': 23, 'fitness': 0.8095736037708642, 'generation': 461}","{'id': 36338, 'rank': 24, 'fitness': 0.8067078543943519, 'generation': 461}","{'id': 36396, 'rank': 25, 'fitness': 0.6329236776586058, 'generation': 461}","{'id': 36391, 'rank': 26, 'fitness': 0.6210583645837151, 'generation': 461}","{'id': 36391, 'rank': 27, 'fitness': 0.6210583645837151, 'generation': 461}","{'id': 36391, 'rank': 28, 'fitness': 0.6210583645837151, 'generation': 461}","{'id': 36371, 'rank': 29, 'fitness': 0.10772934140303919, 'generation': 461}","{'id': 36325, 'rank': 30, 'fitness': 0.01798620996209155, 'generation': 461}"
"{'id': 36339, 'rank': 1, 'fitness': 0.9820137900379085, 'generation': 462}","{'id': 36287, 'rank': 2, 'fitness': 0.9819571818442829, 'generation': 462}","{'id': 36266, 'rank': 3, 'fitness': 0.9809339242096621, 'generation': 462}","{'id': 36466, 'rank': 4, 'fitness': 0.9808405028706467, 'generation': 462}","{'id': 36360, 'rank': 5, 'fitness': 0.9804599061682806, 'generation': 462}","{'id': 36343, 'rank': 6, 'fitness': 0.9791580014640466, 'generation': 462}","{'id': 36343, 'rank': 7, 'fitness': 0.9791580014640466, 'generation': 462}","{'id': 36222, 'rank': 8, 'fitness': 0.9779750499322521, 'generation': 462}","{'id': 36222, 'rank': 9, 'fitness': 0.9779750499322521, 'generation': 462}","{'id': 36391, 'rank': 10, 'fitness': 0.9762113210046026, 'generation': 462}","{'id': 36391, 'rank': 11, 'fitness': 0.9762113210046026, 'generation': 462}","{'id': 36391, 'rank': 12, 'fitness': 0.9762113210046026, 'generation': 462}","{'id': 36459, 'rank': 13, 'fitness': 0.9759819847694176, 'generation': 462}","{'id': 36427, 'rank': 14, 'fitness': 0.9750226417070952, 'generation': 462}","{'id': 36451, 'rank': 15, 'fitness': 0.9729646854033065, 'generation': 462}","{'id': 36455, 'rank': 16, 'fitness': 0.9720240873174933, 'generation': 462}","{'id': 36428, 'rank': 17, 'fitness': 0.9710705751237034, 'generation': 462}","{'id': 36435, 'rank': 18, 'fitness': 0.964814748367514, 'generation': 462}","{'id': 36435, 'rank': 19, 'fitness': 0.964814748367514, 'generation': 462}","{'id': 36413, 'rank': 20, 'fitness': 0.959650594712983, 'generation': 462}","{'id': 36424, 'rank': 21, 'fitness': 0.9577555887555835, 'generation': 462}","{'id': 36421, 'rank': 22, 'fitness': 0.9458417108020154, 'generation': 462}","{'id': 36484, 'rank': 23, 'fitness': 0.9418417938262449, 'generation': 462}","{'id': 36484, 'rank': 24, 'fitness': 0.9418417938262449, 'generation': 462}","{'id': 36438, 'rank': 25, 'fitness': 0.924965326193872, 'generation': 462}","{'id': 36480, 'rank': 26, 'fitness': 0.910183659975484, 'generation': 462}","{'id': 36442, 'rank': 27, 'fitness': 0.7745627695716322, 'generation': 462}","{'id': 36442, 'rank': 28, 'fitness': 0.7745627695716322, 'generation': 462}","{'id': 36460, 'rank': 29, 'fitness': 0.5701539267775538, 'generation': 462}","{'id': 36498, 'rank': 30, 'fitness': 0.01798620996209155, 'generation': 462}"
"{'id': 36287, 'rank': 1, 'fitness': 0.9820137900379085, 'generation': 463}","{'id': 36514, 'rank': 2, 'fitness': 0.9813898263679035, 'generation': 463}","{'id': 36513, 'rank': 3, 'fitness': 0.9789764878081965, 'generation': 463}","{'id': 36266, 'rank': 4, 'fitness': 0.9788132155956543, 'generation': 463}","{'id': 36466, 'rank': 5, 'fitness': 0.9785039123178214, 'generation': 463}","{'id': 36360, 'rank': 6, 'fitness': 0.9772136471205548, 'generation': 463}","{'id': 36515, 'rank': 7, 'fitness': 0.9739192480463977, 'generation': 463}","{'id': 36560, 'rank': 8, 'fitness': 0.9730569864322292, 'generation': 463}","{'id': 36556, 'rank': 9, 'fitness': 0.9665111589194473, 'generation': 463}","{'id': 36559, 'rank': 10, 'fitness': 0.9660338287566007, 'generation': 463}","{'id': 36578, 'rank': 11, 'fitness': 0.963934438657116, 'generation': 463}","{'id': 36391, 'rank': 12, 'fitness': 0.9593377547408259, 'generation': 463}","{'id': 36459, 'rank': 13, 'fitness': 0.9581828236130374, 'generation': 463}","{'id': 36459, 'rank': 14, 'fitness': 0.9581828236130374, 'generation': 463}","{'id': 36509, 'rank': 15, 'fitness': 0.9497483762572874, 'generation': 463}","{'id': 36525, 'rank': 16, 'fitness': 0.9363325780967, 'generation': 463}","{'id': 36538, 'rank': 17, 'fitness': 0.9328117564737257, 'generation': 463}","{'id': 36527, 'rank': 18, 'fitness': 0.9290873217333551, 'generation': 463}","{'id': 36517, 'rank': 19, 'fitness': 0.9290682147046718, 'generation': 463}","{'id': 36573, 'rank': 20, 'fitness': 0.9155761250070309, 'generation': 463}","{'id': 36534, 'rank': 21, 'fitness': 0.8926634106775351, 'generation': 463}","{'id': 36519, 'rank': 22, 'fitness': 0.8721464176568793, 'generation': 463}","{'id': 36535, 'rank': 23, 'fitness': 0.6967639185337723, 'generation': 463}","{'id': 36484, 'rank': 24, 'fitness': 0.598130014758246, 'generation': 463}","{'id': 36484, 'rank': 25, 'fitness': 0.598130014758246, 'generation': 463}","{'id': 36545, 'rank': 26, 'fitness': 0.557361994439328, 'generation': 463}","{'id': 36507, 'rank': 27, 'fitness': 0.45286847498776395, 'generation': 463}","{'id': 36520, 'rank': 28, 'fitness': 0.4084696081958612, 'generation': 463}","{'id': 36574, 'rank': 29, 'fitness': 0.13421930138428884, 'generation': 463}","{'id': 36530, 'rank': 30, 'fitness': 0.01798620996209155, 'generation': 463}"
"{'id': 36626, 'rank': 1, 'fitness': 0.9820137900379085, 'generation': 464}","{'id': 36633, 'rank': 2, 'fitness': 0.981740021924256, 'generation': 464}","{'id': 36641, 'rank': 3, 'fitness': 0.9815721517215965, 'generation': 464}","{'id': 36641, 'rank': 4, 'fitness': 0.9815721517215965, 'generation': 464}","{'id': 36624, 'rank': 5, 'fitness': 0.9814403309452104, 'generation': 464}","{'id': 36624, 'rank': 6, 'fitness': 0.9814403309452104, 'generation': 464}","{'id': 36513, 'rank': 7, 'fitness': 0.9814255712781552, 'generation': 464}","{'id': 36266, 'rank': 8, 'fitness': 0.9814090163857283, 'generation': 464}","{'id': 36466, 'rank': 9, 'fitness': 0.9813779551311546, 'generation': 464}","{'id': 36629, 'rank': 10, 'fitness': 0.9813309923747708, 'generation': 464}","{'id': 36640, 'rank': 11, 'fitness': 0.9813026437269641, 'generation': 464}","{'id': 36515, 'rank': 12, 'fitness': 0.9809576976015206, 'generation': 464}","{'id': 36560, 'rank': 13, 'fitness': 0.9808858767672101, 'generation': 464}","{'id': 36642, 'rank': 14, 'fitness': 0.9808682305137614, 'generation': 464}","{'id': 36602, 'rank': 15, 'fitness': 0.9804325121804077, 'generation': 464}","{'id': 36556, 'rank': 16, 'fitness': 0.9803969494021976, 'generation': 464}","{'id': 36559, 'rank': 17, 'fitness': 0.9803645905982019, 'generation': 464}","{'id': 36578, 'rank': 18, 'fitness': 0.9802267030687319, 'generation': 464}","{'id': 36639, 'rank': 19, 'fitness': 0.9800670749412437, 'generation': 464}","{'id': 36586, 'rank': 20, 'fitness': 0.9798470173360414, 'generation': 464}","{'id': 36509, 'rank': 21, 'fitness': 0.9794403017438238, 'generation': 464}","{'id': 36584, 'rank': 22, 'fitness': 0.9793380450099185, 'generation': 464}","{'id': 36527, 'rank': 23, 'fitness': 0.9785755091976749, 'generation': 464}","{'id': 36636, 'rank': 24, 'fitness': 0.9781955538906102, 'generation': 464}","{'id': 36573, 'rank': 25, 'fitness': 0.9781154905837541, 'generation': 464}","{'id': 36651, 'rank': 26, 'fitness': 0.977504955877234, 'generation': 464}","{'id': 36519, 'rank': 27, 'fitness': 0.9769460735484723, 'generation': 464}","{'id': 36598, 'rank': 28, 'fitness': 0.9732122941385415, 'generation': 464}","{'id': 36617, 'rank': 29, 'fitness': 0.9715864322388243, 'generation': 464}","{'id': 36615, 'rank': 30, 'fitness': 0.01798620996209155, 'generation': 464}"
"{'id': 36626, 'rank': 1, 'fitness': 0.9820137900379085, 'generation': 465}","{'id': 36740, 'rank': 2, 'fitness': 0.9765895201589938, 'generation': 465}","{'id': 36633, 'rank': 3, 'fitness': 0.9750606576675083, 'generation': 465}","{'id': 36695, 'rank': 4, 'fitness': 0.9736349023016364, 'generation': 465}","{'id': 36641, 'rank': 5, 'fitness': 0.9696372090901599, 'generation': 465}","{'id': 36717, 'rank': 6, 'fitness': 0.9636173181196173, 'generation': 465}","{'id': 36266, 'rank': 7, 'fitness': 0.9633423950996005, 'generation': 465}","{'id': 36743, 'rank': 8, 'fitness': 0.9603451470148632, 'generation': 465}","{'id': 36640, 'rank': 9, 'fitness': 0.958615925350611, 'generation': 465}","{'id': 36705, 'rank': 10, 'fitness': 0.9566737405496895, 'generation': 465}","{'id': 36705, 'rank': 11, 'fitness': 0.9566737405496895, 'generation': 465}","{'id': 36705, 'rank': 12, 'fitness': 0.9566737405496895, 'generation': 465}","{'id': 36705, 'rank': 13, 'fitness': 0.9566737405496895, 'generation': 465}","{'id': 36697, 'rank': 14, 'fitness': 0.9493605172438189, 'generation': 465}","{'id': 36718, 'rank': 15, 'fitness': 0.9349957179499581, 'generation': 465}","{'id': 36660, 'rank': 16, 'fitness': 0.9289430938852394, 'generation': 465}","{'id': 36678, 'rank': 17, 'fitness': 0.9231921581498421, 'generation': 465}","{'id': 36678, 'rank': 18, 'fitness': 0.9231921581498421, 'generation': 465}","{'id': 36678, 'rank': 19, 'fitness': 0.9231921581498421, 'generation': 465}","{'id': 36669, 'rank': 20, 'fitness': 0.8956412385877517, 'generation': 465}","{'id': 36559, 'rank': 21, 'fitness': 0.8868823824644427, 'generation': 465}","{'id': 36639, 'rank': 22, 'fitness': 0.8489355375470726, 'generation': 465}","{'id': 36639, 'rank': 23, 'fitness': 0.8489355375470726, 'generation': 465}","{'id': 36703, 'rank': 24, 'fitness': 0.723641564967338, 'generation': 465}","{'id': 36703, 'rank': 25, 'fitness': 0.723641564967338, 'generation': 465}","{'id': 36666, 'rank': 26, 'fitness': 0.7219492156463564, 'generation': 465}","{'id': 36665, 'rank': 27, 'fitness': 0.6997240838360786, 'generation': 465}","{'id': 36734, 'rank': 28, 'fitness': 0.40438270058883047, 'generation': 465}","{'id': 36668, 'rank': 29, 'fitness': 0.10914023921566252, 'generation': 465}","{'id': 36722, 'rank': 30, 'fitness': 0.01798620996209155, 'generation': 465}"
"{'id': 36626, 'rank': 1, 'fitness': 0.9820137900379085, 'generation': 466}","{'id': 36796, 'rank': 2, 'fitness': 0.9797949703668739, 'generation': 466}","{'id': 36773, 'rank': 3, 'fitness': 0.9782887347508423, 'generation': 466}","{'id': 36633, 'rank': 4, 'fitness': 0.9777824084838322, 'generation': 466}","{'id': 36695, 'rank': 5, 'fitness': 0.9769679262287204, 'generation': 466}","{'id': 36695, 'rank': 6, 'fitness': 0.9769679262287204, 'generation': 466}","{'id': 36777, 'rank': 7, 'fitness': 0.9732402222140899, 'generation': 466}","{'id': 36705, 'rank': 8, 'fitness': 0.968186609488467, 'generation': 466}","{'id': 36825, 'rank': 9, 'fitness': 0.9658605720589735, 'generation': 466}","{'id': 36788, 'rank': 10, 'fitness': 0.9651705867223164, 'generation': 466}","{'id': 36794, 'rank': 11, 'fitness': 0.9640148462308147, 'generation': 466}","{'id': 36778, 'rank': 12, 'fitness': 0.9610920919490256, 'generation': 466}","{'id': 36778, 'rank': 13, 'fitness': 0.9610920919490256, 'generation': 466}","{'id': 36817, 'rank': 14, 'fitness': 0.9562102035504833, 'generation': 466}","{'id': 36678, 'rank': 15, 'fitness': 0.9535979778393482, 'generation': 466}","{'id': 36678, 'rank': 16, 'fitness': 0.9535979778393482, 'generation': 466}","{'id': 36776, 'rank': 17, 'fitness': 0.953284785481896, 'generation': 466}","{'id': 36559, 'rank': 18, 'fitness': 0.9397475146220593, 'generation': 466}","{'id': 36824, 'rank': 19, 'fitness': 0.9373603085818317, 'generation': 466}","{'id': 36761, 'rank': 20, 'fitness': 0.9365987681601009, 'generation': 466}","{'id': 36762, 'rank': 21, 'fitness': 0.9163017468914924, 'generation': 466}","{'id': 36752, 'rank': 22, 'fitness': 0.9127487375258972, 'generation': 466}","{'id': 36703, 'rank': 23, 'fitness': 0.8848357630356495, 'generation': 466}","{'id': 36749, 'rank': 24, 'fitness': 0.8624709840326861, 'generation': 466}","{'id': 36814, 'rank': 25, 'fitness': 0.8608941854846321, 'generation': 466}","{'id': 36814, 'rank': 26, 'fitness': 0.8608941854846321, 'generation': 466}","{'id': 36758, 'rank': 27, 'fitness': 0.8477601024746735, 'generation': 466}","{'id': 36734, 'rank': 28, 'fitness': 0.7627082822255801, 'generation': 466}","{'id': 36722, 'rank': 29, 'fitness': 0.23779134951579217, 'generation': 466}","{'id': 36768, 'rank': 30, 'fitness': 0.01798620996209155, 'generation': 466}"
"{'id': 36878, 'rank': 1, 'fitness': 0.9820137900379085, 'generation': 467}","{'id': 36773, 'rank': 2, 'fitness': 0.98071742338393, 'generation': 467}","{'id': 36773, 'rank': 3, 'fitness': 0.98071742338393, 'generation': 467}","{'id': 36705, 'rank': 4, 'fitness': 0.9733952884255884, 'generation': 467}","{'id': 36901, 'rank': 5, 'fitness': 0.9711888518608796, 'generation': 467}","{'id': 36884, 'rank': 6, 'fitness': 0.9699445804794331, 'generation': 467}","{'id': 36778, 'rank': 7, 'fitness': 0.9684634869354232, 'generation': 467}","{'id': 36778, 'rank': 8, 'fitness': 0.9684634869354232, 'generation': 467}","{'id': 36883, 'rank': 9, 'fitness': 0.9666285367288477, 'generation': 467}","{'id': 36902, 'rank': 10, 'fitness': 0.965426202891352, 'generation': 467}","{'id': 36817, 'rank': 11, 'fitness': 0.9651449345063046, 'generation': 467}","{'id': 36678, 'rank': 12, 'fitness': 0.9633905169047099, 'generation': 467}","{'id': 36881, 'rank': 13, 'fitness': 0.9623415958899818, 'generation': 467}","{'id': 36882, 'rank': 14, 'fitness': 0.9606425267492412, 'generation': 467}","{'id': 36559, 'rank': 15, 'fitness': 0.9542895276002662, 'generation': 467}","{'id': 36559, 'rank': 16, 'fitness': 0.9542895276002662, 'generation': 467}","{'id': 36869, 'rank': 17, 'fitness': 0.9531039974137251, 'generation': 467}","{'id': 36869, 'rank': 18, 'fitness': 0.9531039974137251, 'generation': 467}","{'id': 36824, 'rank': 19, 'fitness': 0.9527496779014621, 'generation': 467}","{'id': 36762, 'rank': 20, 'fitness': 0.9394354825447688, 'generation': 467}","{'id': 36762, 'rank': 21, 'fitness': 0.9394354825447688, 'generation': 467}","{'id': 36752, 'rank': 22, 'fitness': 0.9372278638927801, 'generation': 467}","{'id': 36752, 'rank': 23, 'fitness': 0.9372278638927801, 'generation': 467}","{'id': 36749, 'rank': 24, 'fitness': 0.9066949621044452, 'generation': 467}","{'id': 36848, 'rank': 25, 'fitness': 0.8678090547121966, 'generation': 467}","{'id': 36875, 'rank': 26, 'fitness': 0.8585603476359188, 'generation': 467}","{'id': 36828, 'rank': 27, 'fitness': 0.7987572758167081, 'generation': 467}","{'id': 36855, 'rank': 28, 'fitness': 0.762946075375477, 'generation': 467}","{'id': 36855, 'rank': 29, 'fitness': 0.762946075375477, 'generation': 467}","{'id': 36838, 'rank': 30, 'fitness': 0.01798620996209155, 'generation': 467}"
"{'id': 36878, 'rank': 1, 'fitness': 0.9820137900379085, 'generation': 468}","{'id': 36924, 'rank': 2, 'fitness': 0.9808223705767172, 'generation': 468}","{'id': 36933, 'rank': 3, 'fitness': 0.9737139827149051, 'generation': 468}","{'id': 36933, 'rank': 4, 'fitness': 0.9737139827149051, 'generation': 468}","{'id': 36985, 'rank': 5, 'fitness': 0.9734907671396116, 'generation': 468}","{'id': 36964, 'rank': 6, 'fitness': 0.9716766429442618, 'generation': 468}","{'id': 36964, 'rank': 7, 'fitness': 0.9716766429442618, 'generation': 468}","{'id': 36963, 'rank': 8, 'fitness': 0.9627156109061117, 'generation': 468}","{'id': 36942, 'rank': 9, 'fitness': 0.9556233905423914, 'generation': 468}","{'id': 36778, 'rank': 10, 'fitness': 0.9550859625634867, 'generation': 468}","{'id': 36817, 'rank': 11, 'fitness': 0.9472237053448553, 'generation': 468}","{'id': 36678, 'rank': 12, 'fitness': 0.9428925905054608, 'generation': 468}","{'id': 36881, 'rank': 13, 'fitness': 0.9402481021415716, 'generation': 468}","{'id': 36881, 'rank': 14, 'fitness': 0.9402481021415716, 'generation': 468}","{'id': 36824, 'rank': 15, 'fitness': 0.9143314929106457, 'generation': 468}","{'id': 36960, 'rank': 16, 'fitness': 0.9076940438745568, 'generation': 468}","{'id': 36960, 'rank': 17, 'fitness': 0.9076940438745568, 'generation': 468}","{'id': 36973, 'rank': 18, 'fitness': 0.8960000162753128, 'generation': 468}","{'id': 36945, 'rank': 19, 'fitness': 0.8817579716634003, 'generation': 468}","{'id': 36762, 'rank': 20, 'fitness': 0.8741154415123309, 'generation': 468}","{'id': 36762, 'rank': 21, 'fitness': 0.8741154415123309, 'generation': 468}","{'id': 36752, 'rank': 22, 'fitness': 0.8670731100574162, 'generation': 468}","{'id': 36947, 'rank': 23, 'fitness': 0.8218209028018666, 'generation': 468}","{'id': 36988, 'rank': 24, 'fitness': 0.7895348654277622, 'generation': 468}","{'id': 36946, 'rank': 25, 'fitness': 0.7316917752127474, 'generation': 468}","{'id': 36977, 'rank': 26, 'fitness': 0.6659670765108637, 'generation': 468}","{'id': 36980, 'rank': 27, 'fitness': 0.638792933986458, 'generation': 468}","{'id': 36910, 'rank': 28, 'fitness': 0.06456648034326573, 'generation': 468}","{'id': 36910, 'rank': 29, 'fitness': 0.06456648034326573, 'generation': 468}","{'id': 36966, 'rank': 30, 'fitness': 0.01798620996209155, 'generation': 468}"
"{'id': 37024, 'rank': 1, 'fitness': 0.9820137900379085, 'generation': 469}","{'id': 37024, 'rank': 2, 'fitness': 0.9820137900379085, 'generation': 469}","{'id': 36933, 'rank': 3, 'fitness': 0.9783071350456356, 'generation': 469}","{'id': 36933, 'rank': 4, 'fitness': 0.9783071350456356, 'generation': 469}","{'id': 36985, 'rank': 5, 'fitness': 0.9782555029577047, 'generation': 469}","{'id': 36964, 'rank': 6, 'fitness': 0.9778467232043369, 'generation': 469}","{'id': 37033, 'rank': 7, 'fitness': 0.9767274314662374, 'generation': 469}","{'id': 37026, 'rank': 8, 'fitness': 0.9755306581109513, 'generation': 469}","{'id': 37052, 'rank': 9, 'fitness': 0.9754084723916754, 'generation': 469}","{'id': 37027, 'rank': 10, 'fitness': 0.9748868373516603, 'generation': 469}","{'id': 37027, 'rank': 11, 'fitness': 0.9748868373516603, 'generation': 469}","{'id': 36817, 'rank': 12, 'fitness': 0.973560419406073, 'generation': 469}","{'id': 37047, 'rank': 13, 'fitness': 0.9730708780683586, 'generation': 469}","{'id': 36678, 'rank': 14, 'fitness': 0.9729526772571555, 'generation': 469}","{'id': 36881, 'rank': 15, 'fitness': 0.9725964323021705, 'generation': 469}","{'id': 36824, 'rank': 16, 'fitness': 0.9695477333596187, 'generation': 469}","{'id': 36960, 'rank': 17, 'fitness': 0.9688637535212092, 'generation': 469}","{'id': 36762, 'rank': 18, 'fitness': 0.9657889216796167, 'generation': 469}","{'id': 37035, 'rank': 19, 'fitness': 0.9575851878359978, 'generation': 469}","{'id': 37062, 'rank': 20, 'fitness': 0.9411598818559688, 'generation': 469}","{'id': 37006, 'rank': 21, 'fitness': 0.9408755334796977, 'generation': 469}","{'id': 37006, 'rank': 22, 'fitness': 0.9408755334796977, 'generation': 469}","{'id': 37006, 'rank': 23, 'fitness': 0.9408755334796977, 'generation': 469}","{'id': 37034, 'rank': 24, 'fitness': 0.9028064648448014, 'generation': 469}","{'id': 37064, 'rank': 25, 'fitness': 0.8958554202578342, 'generation': 469}","{'id': 36966, 'rank': 26, 'fitness': 0.8427730534539504, 'generation': 469}","{'id': 36966, 'rank': 27, 'fitness': 0.8427730534539504, 'generation': 469}","{'id': 37056, 'rank': 28, 'fitness': 0.17091909777130782, 'generation': 469}","{'id': 37054, 'rank': 29, 'fitness': 0.053020480006916226, 'generation': 469}","{'id': 37022, 'rank': 30, 'fitness': 0.01798620996209155, 'generation': 469}"
"{'id': 37024, 'rank': 1, 'fitness': 0.9820137900379085, 'generation': 470}","{'id': 37024, 'rank': 2, 'fitness': 0.9820137900379085, 'generation': 470}","{'id': 37107, 'rank': 3, 'fitness': 0.9761854273995515, 'generation': 470}","{'id': 37107, 'rank': 4, 'fitness': 0.9761854273995515, 'generation': 470}","{'id': 37135, 'rank': 5, 'fitness': 0.9721619083000788, 'generation': 470}","{'id': 37135, 'rank': 6, 'fitness': 0.9721619083000788, 'generation': 470}","{'id': 36933, 'rank': 7, 'fitness': 0.9710887024593327, 'generation': 470}","{'id': 37089, 'rank': 8, 'fitness': 0.9706038425547634, 'generation': 470}","{'id': 37080, 'rank': 9, 'fitness': 0.9702006321274519, 'generation': 470}","{'id': 37141, 'rank': 10, 'fitness': 0.9634184091143037, 'generation': 470}","{'id': 37138, 'rank': 11, 'fitness': 0.9621037712347414, 'generation': 470}","{'id': 37026, 'rank': 12, 'fitness': 0.9608674415245546, 'generation': 470}","{'id': 37052, 'rank': 13, 'fitness': 0.9603765593209888, 'generation': 470}","{'id': 37052, 'rank': 14, 'fitness': 0.9603765593209888, 'generation': 470}","{'id': 37052, 'rank': 15, 'fitness': 0.9603765593209888, 'generation': 470}","{'id': 37027, 'rank': 16, 'fitness': 0.9582416526417707, 'generation': 470}","{'id': 37027, 'rank': 17, 'fitness': 0.9582416526417707, 'generation': 470}","{'id': 37047, 'rank': 18, 'fitness': 0.95031219016115, 'generation': 470}","{'id': 37105, 'rank': 19, 'fitness': 0.946183337806562, 'generation': 470}","{'id': 37105, 'rank': 20, 'fitness': 0.946183337806562, 'generation': 470}","{'id': 37128, 'rank': 21, 'fitness': 0.9355424457468225, 'generation': 470}","{'id': 37087, 'rank': 22, 'fitness': 0.9299938813730904, 'generation': 470}","{'id': 36960, 'rank': 23, 'fitness': 0.9289781489480666, 'generation': 470}","{'id': 37140, 'rank': 24, 'fitness': 0.9224527343675576, 'generation': 470}","{'id': 36762, 'rank': 25, 'fitness': 0.9108191057374058, 'generation': 470}","{'id': 37114, 'rank': 26, 'fitness': 0.8898166920203339, 'generation': 470}","{'id': 37114, 'rank': 27, 'fitness': 0.8898166920203339, 'generation': 470}","{'id': 37006, 'rank': 28, 'fitness': 0.7040934961271179, 'generation': 470}","{'id': 37146, 'rank': 29, 'fitness': 0.047784379799613586, 'generation': 470}","{'id': 37072, 'rank': 30, 'fitness': 0.01798620996209155, 'generation': 470}"
"{'id': 37208, 'rank': 1, 'fitness': 0.9820137900379085, 'generation': 471}","{'id': 37107, 'rank': 2, 'fitness': 0.9746542639205016, 'generation': 471}","{'id': 37107, 'rank': 3, 'fitness': 0.9746542639205016, 'generation': 471}","{'id': 37135, 'rank': 4, 'fitness': 0.9672392046512025, 'generation': 471}","{'id': 37135, 'rank': 5, 'fitness': 0.9672392046512025, 'generation': 471}","{'id': 37135, 'rank': 6, 'fitness': 0.9672392046512025, 'generation': 471}","{'id': 37161, 'rank': 7, 'fitness': 0.9630191928614514, 'generation': 471}","{'id': 37209, 'rank': 8, 'fitness': 0.9605023552158012, 'generation': 471}","{'id': 37027, 'rank': 9, 'fitness': 0.9365945487955649, 'generation': 471}","{'id': 37027, 'rank': 10, 'fitness': 0.9365945487955649, 'generation': 471}","{'id': 37200, 'rank': 11, 'fitness': 0.9327501323360672, 'generation': 471}","{'id': 37193, 'rank': 12, 'fitness': 0.8989946810930864, 'generation': 471}","{'id': 37152, 'rank': 13, 'fitness': 0.8713342758553919, 'generation': 471}","{'id': 37213, 'rank': 14, 'fitness': 0.858305118781278, 'generation': 471}","{'id': 37087, 'rank': 15, 'fitness': 0.857081303728086, 'generation': 471}","{'id': 36960, 'rank': 16, 'fitness': 0.8539219229791049, 'generation': 471}","{'id': 37194, 'rank': 17, 'fitness': 0.8240886542076712, 'generation': 471}","{'id': 37203, 'rank': 18, 'fitness': 0.798376172292157, 'generation': 471}","{'id': 37203, 'rank': 19, 'fitness': 0.798376172292157, 'generation': 471}","{'id': 36762, 'rank': 20, 'fitness': 0.7953793180271821, 'generation': 471}","{'id': 37169, 'rank': 21, 'fitness': 0.7701463390774166, 'generation': 471}","{'id': 37114, 'rank': 22, 'fitness': 0.7252040766073025, 'generation': 471}","{'id': 37114, 'rank': 23, 'fitness': 0.7252040766073025, 'generation': 471}","{'id': 37114, 'rank': 24, 'fitness': 0.7252040766073025, 'generation': 471}","{'id': 37154, 'rank': 25, 'fitness': 0.7212890339761149, 'generation': 471}","{'id': 37167, 'rank': 26, 'fitness': 0.5711368911538444, 'generation': 471}","{'id': 37163, 'rank': 27, 'fitness': 0.4759802076510038, 'generation': 471}","{'id': 37205, 'rank': 28, 'fitness': 0.4117127847096068, 'generation': 471}","{'id': 37180, 'rank': 29, 'fitness': 0.02272878087867708, 'generation': 471}","{'id': 37219, 'rank': 30, 'fitness': 0.01798620996209155, 'generation': 471}"
"{'id': 37107, 'rank': 1, 'fitness': 0.9820137900379085, 'generation': 472}","{'id': 37107, 'rank': 2, 'fitness': 0.9820137900379085, 'generation': 472}","{'id': 37107, 'rank': 3, 'fitness': 0.9820137900379085, 'generation': 472}","{'id': 37107, 'rank': 4, 'fitness': 0.9820137900379085, 'generation': 472}","{'id': 37274, 'rank': 5, 'fitness': 0.981543347468181, 'generation': 472}","{'id': 37135, 'rank': 6, 'fitness': 0.9809766212513394, 'generation': 472}","{'id': 37135, 'rank': 7, 'fitness': 0.9809766212513394, 'generation': 472}","{'id': 37135, 'rank': 8, 'fitness': 0.9809766212513394, 'generation': 472}","{'id': 37135, 'rank': 9, 'fitness': 0.9809766212513394, 'generation': 472}","{'id': 37270, 'rank': 10, 'fitness': 0.9809489106336694, 'generation': 472}","{'id': 37239, 'rank': 11, 'fitness': 0.9805746379788264, 'generation': 472}","{'id': 37230, 'rank': 12, 'fitness': 0.9800622647621144, 'generation': 472}","{'id': 37275, 'rank': 13, 'fitness': 0.9799111033535977, 'generation': 472}","{'id': 37275, 'rank': 14, 'fitness': 0.9799111033535977, 'generation': 472}","{'id': 37027, 'rank': 15, 'fitness': 0.9779725477152377, 'generation': 472}","{'id': 37250, 'rank': 16, 'fitness': 0.9777789234469114, 'generation': 472}","{'id': 37200, 'rank': 17, 'fitness': 0.9776773797666283, 'generation': 472}","{'id': 37240, 'rank': 18, 'fitness': 0.9774699345977436, 'generation': 472}","{'id': 37229, 'rank': 19, 'fitness': 0.9743236050265169, 'generation': 472}","{'id': 37213, 'rank': 20, 'fitness': 0.9734162253208478, 'generation': 472}","{'id': 37228, 'rank': 21, 'fitness': 0.9716346576761096, 'generation': 472}","{'id': 37251, 'rank': 22, 'fitness': 0.9708549638688129, 'generation': 472}","{'id': 37251, 'rank': 23, 'fitness': 0.9708549638688129, 'generation': 472}","{'id': 37256, 'rank': 24, 'fitness': 0.9530155078118768, 'generation': 472}","{'id': 37180, 'rank': 25, 'fitness': 0.9166887626390552, 'generation': 472}","{'id': 37219, 'rank': 26, 'fitness': 0.9126598405963976, 'generation': 472}","{'id': 37292, 'rank': 27, 'fitness': 0.7289110559920096, 'generation': 472}","{'id': 37267, 'rank': 28, 'fitness': 0.4359637993866128, 'generation': 472}","{'id': 37241, 'rank': 29, 'fitness': 0.33406786645326836, 'generation': 472}","{'id': 37261, 'rank': 30, 'fitness': 0.01798620996209155, 'generation': 472}"
"{'id': 37313, 'rank': 1, 'fitness': 0.9820137900379085, 'generation': 473}","{'id': 37373, 'rank': 2, 'fitness': 0.9798293121493713, 'generation': 473}","{'id': 37107, 'rank': 3, 'fitness': 0.9787586223708167, 'generation': 473}","{'id': 37107, 'rank': 4, 'fitness': 0.9787586223708167, 'generation': 473}","{'id': 37107, 'rank': 5, 'fitness': 0.9787586223708167, 'generation': 473}","{'id': 37135, 'rank': 6, 'fitness': 0.9764611119764088, 'generation': 473}","{'id': 37270, 'rank': 7, 'fitness': 0.9763983039430278, 'generation': 473}","{'id': 37367, 'rank': 8, 'fitness': 0.9762162377495103, 'generation': 473}","{'id': 37345, 'rank': 9, 'fitness': 0.9749313736753141, 'generation': 473}","{'id': 37303, 'rank': 10, 'fitness': 0.972690262305113, 'generation': 473}","{'id': 37309, 'rank': 11, 'fitness': 0.9714154899137091, 'generation': 473}","{'id': 37333, 'rank': 12, 'fitness': 0.9713650651154713, 'generation': 473}","{'id': 37333, 'rank': 13, 'fitness': 0.9713650651154713, 'generation': 473}","{'id': 37027, 'rank': 14, 'fitness': 0.9692305771660705, 'generation': 473}","{'id': 37240, 'rank': 15, 'fitness': 0.9679394143558268, 'generation': 473}","{'id': 37336, 'rank': 16, 'fitness': 0.9658857743317579, 'generation': 473}","{'id': 37336, 'rank': 17, 'fitness': 0.9658857743317579, 'generation': 473}","{'id': 37311, 'rank': 18, 'fitness': 0.9630906492364752, 'generation': 473}","{'id': 37311, 'rank': 19, 'fitness': 0.9630906492364752, 'generation': 473}","{'id': 37305, 'rank': 20, 'fitness': 0.9615263211207565, 'generation': 473}","{'id': 37338, 'rank': 21, 'fitness': 0.9590806278291284, 'generation': 473}","{'id': 37351, 'rank': 22, 'fitness': 0.9585562781136058, 'generation': 473}","{'id': 37213, 'rank': 23, 'fitness': 0.9567112630855501, 'generation': 473}","{'id': 37213, 'rank': 24, 'fitness': 0.9567112630855501, 'generation': 473}","{'id': 37348, 'rank': 25, 'fitness': 0.9507109501721205, 'generation': 473}","{'id': 37375, 'rank': 26, 'fitness': 0.9497771095176113, 'generation': 473}","{'id': 37357, 'rank': 27, 'fitness': 0.9436705859602006, 'generation': 473}","{'id': 37374, 'rank': 28, 'fitness': 0.9407105521732773, 'generation': 473}","{'id': 37329, 'rank': 29, 'fitness': 0.9385977131896506, 'generation': 473}","{'id': 37267, 'rank': 30, 'fitness': 0.01798620996209155, 'generation': 473}"
"{'id': 37462, 'rank': 1, 'fitness': 0.9820137900379085, 'generation': 474}","{'id': 37313, 'rank': 2, 'fitness': 0.9812373742547327, 'generation': 474}","{'id': 37439, 'rank': 3, 'fitness': 0.9716292912130171, 'generation': 474}","{'id': 37107, 'rank': 4, 'fitness': 0.9661083130079691, 'generation': 474}","{'id': 37460, 'rank': 5, 'fitness': 0.9562035632010635, 'generation': 474}","{'id': 37460, 'rank': 6, 'fitness': 0.9562035632010635, 'generation': 474}","{'id': 37135, 'rank': 7, 'fitness': 0.9514025052393482, 'generation': 474}","{'id': 37367, 'rank': 8, 'fitness': 0.9496192655051596, 'generation': 474}","{'id': 37345, 'rank': 9, 'fitness': 0.9395484985497169, 'generation': 474}","{'id': 37413, 'rank': 10, 'fitness': 0.9226296139733172, 'generation': 474}","{'id': 37303, 'rank': 11, 'fitness': 0.9190172685856042, 'generation': 474}","{'id': 37385, 'rank': 12, 'fitness': 0.8855471436317526, 'generation': 474}","{'id': 37459, 'rank': 13, 'fitness': 0.843703460694511, 'generation': 474}","{'id': 37336, 'rank': 14, 'fitness': 0.8331685201042823, 'generation': 474}","{'id': 37428, 'rank': 15, 'fitness': 0.7380514990953634, 'generation': 474}","{'id': 37338, 'rank': 16, 'fitness': 0.7175626437715514, 'generation': 474}","{'id': 37351, 'rank': 17, 'fitness': 0.7078378903671267, 'generation': 474}","{'id': 37213, 'rank': 18, 'fitness': 0.6730976847057996, 'generation': 474}","{'id': 37348, 'rank': 19, 'fitness': 0.5585893586446041, 'generation': 474}","{'id': 37438, 'rank': 20, 'fitness': 0.5429006073499213, 'generation': 474}","{'id': 37426, 'rank': 21, 'fitness': 0.5285738031058337, 'generation': 474}","{'id': 37426, 'rank': 22, 'fitness': 0.5285738031058337, 'generation': 474}","{'id': 37427, 'rank': 23, 'fitness': 0.5274663025218793, 'generation': 474}","{'id': 37393, 'rank': 24, 'fitness': 0.5202924766047051, 'generation': 474}","{'id': 37383, 'rank': 25, 'fitness': 0.4506954035933171, 'generation': 474}","{'id': 37357, 'rank': 26, 'fitness': 0.43322957043275345, 'generation': 474}","{'id': 37457, 'rank': 27, 'fitness': 0.3899028988423596, 'generation': 474}","{'id': 37457, 'rank': 28, 'fitness': 0.3899028988423596, 'generation': 474}","{'id': 37391, 'rank': 29, 'fitness': 0.16595915766254676, 'generation': 474}","{'id': 37405, 'rank': 30, 'fitness': 0.01798620996209155, 'generation': 474}"
"{'id': 37462, 'rank': 1, 'fitness': 0.9820137900379085, 'generation': 475}","{'id': 37313, 'rank': 2, 'fitness': 0.9820065261532087, 'generation': 475}","{'id': 37510, 'rank': 3, 'fitness': 0.9818751776705946, 'generation': 475}","{'id': 37510, 'rank': 4, 'fitness': 0.9818751776705946, 'generation': 475}","{'id': 37460, 'rank': 5, 'fitness': 0.9818585194275329, 'generation': 475}","{'id': 37505, 'rank': 6, 'fitness': 0.9818176002393673, 'generation': 475}","{'id': 37505, 'rank': 7, 'fitness': 0.9818176002393673, 'generation': 475}","{'id': 37503, 'rank': 8, 'fitness': 0.9817740149371188, 'generation': 475}","{'id': 37413, 'rank': 9, 'fitness': 0.9817553464305293, 'generation': 475}","{'id': 37303, 'rank': 10, 'fitness': 0.981746867308116, 'generation': 475}","{'id': 37504, 'rank': 11, 'fitness': 0.9817129330329264, 'generation': 475}","{'id': 37539, 'rank': 12, 'fitness': 0.9817039930735378, 'generation': 475}","{'id': 37540, 'rank': 13, 'fitness': 0.9816470880565538, 'generation': 475}","{'id': 37506, 'rank': 14, 'fitness': 0.9815982154688911, 'generation': 475}","{'id': 37428, 'rank': 15, 'fitness': 0.98150689282749, 'generation': 475}","{'id': 37213, 'rank': 16, 'fitness': 0.981452444595796, 'generation': 475}","{'id': 37213, 'rank': 17, 'fitness': 0.981452444595796, 'generation': 475}","{'id': 37438, 'rank': 18, 'fitness': 0.9813565474215187, 'generation': 475}","{'id': 37426, 'rank': 19, 'fitness': 0.9813464790419337, 'generation': 475}","{'id': 37427, 'rank': 20, 'fitness': 0.98134570209829, 'generation': 475}","{'id': 37537, 'rank': 21, 'fitness': 0.9812498509777899, 'generation': 475}","{'id': 37511, 'rank': 22, 'fitness': 0.9810520865578818, 'generation': 475}","{'id': 37391, 'rank': 23, 'fitness': 0.9810417939117746, 'generation': 475}","{'id': 37518, 'rank': 24, 'fitness': 0.9807484707485743, 'generation': 475}","{'id': 37527, 'rank': 25, 'fitness': 0.9806250899651774, 'generation': 475}","{'id': 37521, 'rank': 26, 'fitness': 0.9806120818668336, 'generation': 475}","{'id': 37490, 'rank': 27, 'fitness': 0.6933335087921433, 'generation': 475}","{'id': 37490, 'rank': 28, 'fitness': 0.6933335087921433, 'generation': 475}","{'id': 37494, 'rank': 29, 'fitness': 0.04935069187492358, 'generation': 475}","{'id': 37482, 'rank': 30, 'fitness': 0.01798620996209155, 'generation': 475}"
"{'id': 37462, 'rank': 1, 'fitness': 0.9820137900379085, 'generation': 476}","{'id': 37313, 'rank': 2, 'fitness': 0.9811205039981057, 'generation': 476}","{'id': 37591, 'rank': 3, 'fitness': 0.9739534612589725, 'generation': 476}","{'id': 37569, 'rank': 4, 'fitness': 0.9623376409889229, 'generation': 476}","{'id': 37510, 'rank': 5, 'fitness': 0.9552571436357349, 'generation': 476}","{'id': 37510, 'rank': 6, 'fitness': 0.9552571436357349, 'generation': 476}","{'id': 37571, 'rank': 7, 'fitness': 0.9522472366187646, 'generation': 476}","{'id': 37594, 'rank': 8, 'fitness': 0.9456640954648529, 'generation': 476}","{'id': 37505, 'rank': 9, 'fitness': 0.9354201474852005, 'generation': 476}","{'id': 37553, 'rank': 10, 'fitness': 0.9194707794314253, 'generation': 476}","{'id': 37539, 'rank': 11, 'fitness': 0.8711465756758192, 'generation': 476}","{'id': 37620, 'rank': 12, 'fitness': 0.8683094430016898, 'generation': 476}","{'id': 37622, 'rank': 13, 'fitness': 0.8631965572610584, 'generation': 476}","{'id': 37624, 'rank': 14, 'fitness': 0.8595472177236969, 'generation': 476}","{'id': 37583, 'rank': 15, 'fitness': 0.7859405059295795, 'generation': 476}","{'id': 37546, 'rank': 16, 'fitness': 0.7308173200499478, 'generation': 476}","{'id': 37581, 'rank': 17, 'fitness': 0.7080618090264904, 'generation': 476}","{'id': 37572, 'rank': 18, 'fitness': 0.6657733237374719, 'generation': 476}","{'id': 37572, 'rank': 19, 'fitness': 0.6657733237374719, 'generation': 476}","{'id': 37575, 'rank': 20, 'fitness': 0.6115881362729153, 'generation': 476}","{'id': 37575, 'rank': 21, 'fitness': 0.6115881362729153, 'generation': 476}","{'id': 37582, 'rank': 22, 'fitness': 0.5929409012595197, 'generation': 476}","{'id': 37586, 'rank': 23, 'fitness': 0.3950021304081251, 'generation': 476}","{'id': 37586, 'rank': 24, 'fitness': 0.3950021304081251, 'generation': 476}","{'id': 37621, 'rank': 25, 'fitness': 0.37708196171070857, 'generation': 476}","{'id': 37621, 'rank': 26, 'fitness': 0.37708196171070857, 'generation': 476}","{'id': 37559, 'rank': 27, 'fitness': 0.21265106920969, 'generation': 476}","{'id': 37576, 'rank': 28, 'fitness': 0.198811262380033, 'generation': 476}","{'id': 37560, 'rank': 29, 'fitness': 0.0780241724456544, 'generation': 476}","{'id': 37618, 'rank': 30, 'fitness': 0.01798620996209155, 'generation': 476}"
"{'id': 37660, 'rank': 1, 'fitness': 0.9820137900379085, 'generation': 477}","{'id': 37462, 'rank': 2, 'fitness': 0.9819952777019781, 'generation': 477}","{'id': 37462, 'rank': 3, 'fitness': 0.9819952777019781, 'generation': 477}","{'id': 37510, 'rank': 4, 'fitness': 0.9816988863093348, 'generation': 477}","{'id': 37571, 'rank': 5, 'fitness': 0.9816771531368049, 'generation': 477}","{'id': 37635, 'rank': 6, 'fitness': 0.9815634086162234, 'generation': 477}","{'id': 37651, 'rank': 7, 'fitness': 0.9815154516870546, 'generation': 477}","{'id': 37539, 'rank': 8, 'fitness': 0.9813293736208263, 'generation': 477}","{'id': 37622, 'rank': 9, 'fitness': 0.9813069577323652, 'generation': 477}","{'id': 37583, 'rank': 10, 'fitness': 0.9811302290747675, 'generation': 477}","{'id': 37650, 'rank': 11, 'fitness': 0.9810019672018699, 'generation': 477}","{'id': 37572, 'rank': 12, 'fitness': 0.9809286737914944, 'generation': 477}","{'id': 37575, 'rank': 13, 'fitness': 0.9808506097314506, 'generation': 477}","{'id': 37575, 'rank': 14, 'fitness': 0.9808506097314506, 'generation': 477}","{'id': 37575, 'rank': 15, 'fitness': 0.9808506097314506, 'generation': 477}","{'id': 37575, 'rank': 16, 'fitness': 0.9808506097314506, 'generation': 477}","{'id': 37656, 'rank': 17, 'fitness': 0.9807355220397302, 'generation': 477}","{'id': 37559, 'rank': 18, 'fitness': 0.9802552369033959, 'generation': 477}","{'id': 37576, 'rank': 19, 'fitness': 0.9802261738893596, 'generation': 477}","{'id': 37649, 'rank': 20, 'fitness': 0.9801964796042925, 'generation': 477}","{'id': 37658, 'rank': 21, 'fitness': 0.9798395590278428, 'generation': 477}","{'id': 37678, 'rank': 22, 'fitness': 0.978422854294219, 'generation': 477}","{'id': 37680, 'rank': 23, 'fitness': 0.9783492836971341, 'generation': 477}","{'id': 37648, 'rank': 24, 'fitness': 0.9758609453938845, 'generation': 477}","{'id': 37672, 'rank': 25, 'fitness': 0.9657001059672147, 'generation': 477}","{'id': 37639, 'rank': 26, 'fitness': 0.9575564840741662, 'generation': 477}","{'id': 37667, 'rank': 27, 'fitness': 0.954277782479094, 'generation': 477}","{'id': 37674, 'rank': 28, 'fitness': 0.4659030860786444, 'generation': 477}","{'id': 37703, 'rank': 29, 'fitness': 0.044978337339197205, 'generation': 477}","{'id': 37705, 'rank': 30, 'fitness': 0.01798620996209155, 'generation': 477}"
"{'id': 37462, 'rank': 1, 'fitness': 0.9820137900379085, 'generation': 478}","{'id': 37462, 'rank': 2, 'fitness': 0.9820137900379085, 'generation': 478}","{'id': 37717, 'rank': 3, 'fitness': 0.9817358039913566, 'generation': 478}","{'id': 37719, 'rank': 4, 'fitness': 0.9811474569871896, 'generation': 478}","{'id': 37510, 'rank': 5, 'fitness': 0.9796676523753038, 'generation': 478}","{'id': 37731, 'rank': 6, 'fitness': 0.9783234454403842, 'generation': 478}","{'id': 37772, 'rank': 7, 'fitness': 0.9776340600874444, 'generation': 478}","{'id': 37622, 'rank': 8, 'fitness': 0.9761707799841188, 'generation': 478}","{'id': 37769, 'rank': 9, 'fitness': 0.9757235973639156, 'generation': 478}","{'id': 37722, 'rank': 10, 'fitness': 0.9749777147219867, 'generation': 478}","{'id': 37727, 'rank': 11, 'fitness': 0.9744789075641397, 'generation': 478}","{'id': 37575, 'rank': 12, 'fitness': 0.9714721245391482, 'generation': 478}","{'id': 37575, 'rank': 13, 'fitness': 0.9714721245391482, 'generation': 478}","{'id': 37575, 'rank': 14, 'fitness': 0.9714721245391482, 'generation': 478}","{'id': 37774, 'rank': 15, 'fitness': 0.9683249855163761, 'generation': 478}","{'id': 37763, 'rank': 16, 'fitness': 0.966017875467861, 'generation': 478}","{'id': 37707, 'rank': 17, 'fitness': 0.9650976677374726, 'generation': 478}","{'id': 37707, 'rank': 18, 'fitness': 0.9650976677374726, 'generation': 478}","{'id': 37755, 'rank': 19, 'fitness': 0.9646502352583757, 'generation': 478}","{'id': 37755, 'rank': 20, 'fitness': 0.9646502352583757, 'generation': 478}","{'id': 37750, 'rank': 21, 'fitness': 0.964306097784537, 'generation': 478}","{'id': 37559, 'rank': 22, 'fitness': 0.9641957079863386, 'generation': 478}","{'id': 37649, 'rank': 23, 'fitness': 0.9634007175585588, 'generation': 478}","{'id': 37762, 'rank': 24, 'fitness': 0.9615634888560223, 'generation': 478}","{'id': 37715, 'rank': 25, 'fitness': 0.952134340085073, 'generation': 478}","{'id': 37752, 'rank': 26, 'fitness': 0.9485237542255422, 'generation': 478}","{'id': 37710, 'rank': 27, 'fitness': 0.8927500588031462, 'generation': 478}","{'id': 37740, 'rank': 28, 'fitness': 0.04578323179037186, 'generation': 478}","{'id': 37737, 'rank': 29, 'fitness': 0.031782519099116335, 'generation': 478}","{'id': 37739, 'rank': 30, 'fitness': 0.01798620996209155, 'generation': 478}"
"{'id': 37462, 'rank': 1, 'fitness': 0.9820137900379085, 'generation': 479}","{'id': 37719, 'rank': 2, 'fitness': 0.9771368569512411, 'generation': 479}","{'id': 37865, 'rank': 3, 'fitness': 0.965421567364481, 'generation': 479}","{'id': 37865, 'rank': 4, 'fitness': 0.965421567364481, 'generation': 479}","{'id': 37860, 'rank': 5, 'fitness': 0.9540910516444585, 'generation': 479}","{'id': 37772, 'rank': 6, 'fitness': 0.946012602078592, 'generation': 479}","{'id': 37859, 'rank': 7, 'fitness': 0.9317186900368153, 'generation': 479}","{'id': 37859, 'rank': 8, 'fitness': 0.9317186900368153, 'generation': 479}","{'id': 37801, 'rank': 9, 'fitness': 0.9261762067495347, 'generation': 479}","{'id': 37808, 'rank': 10, 'fitness': 0.912977730551716, 'generation': 479}","{'id': 37820, 'rank': 11, 'fitness': 0.8534594602092651, 'generation': 479}","{'id': 37807, 'rank': 12, 'fitness': 0.850199579784796, 'generation': 479}","{'id': 37806, 'rank': 13, 'fitness': 0.8464346405855275, 'generation': 479}","{'id': 37806, 'rank': 14, 'fitness': 0.8464346405855275, 'generation': 479}","{'id': 37867, 'rank': 15, 'fitness': 0.8202782632854833, 'generation': 479}","{'id': 37800, 'rank': 16, 'fitness': 0.7942022810608195, 'generation': 479}","{'id': 37800, 'rank': 17, 'fitness': 0.7942022810608195, 'generation': 479}","{'id': 37857, 'rank': 18, 'fitness': 0.7744783832484375, 'generation': 479}","{'id': 37774, 'rank': 19, 'fitness': 0.7381495902714742, 'generation': 479}","{'id': 37755, 'rank': 20, 'fitness': 0.6120758878500683, 'generation': 479}","{'id': 37868, 'rank': 21, 'fitness': 0.5736686045670321, 'generation': 479}","{'id': 37868, 'rank': 22, 'fitness': 0.5736686045670321, 'generation': 479}","{'id': 37649, 'rank': 23, 'fitness': 0.5675631898280944, 'generation': 479}","{'id': 37649, 'rank': 24, 'fitness': 0.5675631898280944, 'generation': 479}","{'id': 37762, 'rank': 25, 'fitness': 0.5029688387156448, 'generation': 479}","{'id': 37850, 'rank': 26, 'fitness': 0.07551094948569509, 'generation': 479}","{'id': 37831, 'rank': 27, 'fitness': 0.07449394454113928, 'generation': 479}","{'id': 37809, 'rank': 28, 'fitness': 0.03588780218194576, 'generation': 479}","{'id': 37793, 'rank': 29, 'fitness': 0.027846547895827745, 'generation': 479}","{'id': 37849, 'rank': 30, 'fitness': 0.01798620996209155, 'generation': 479}"
"{'id': 37719, 'rank': 1, 'fitness': 0.9820137900379085, 'generation': 480}","{'id': 37719, 'rank': 2, 'fitness': 0.9820137900379085, 'generation': 480}","{'id': 37865, 'rank': 3, 'fitness': 0.9818465752391908, 'generation': 480}","{'id': 37860, 'rank': 4, 'fitness': 0.981729729826998, 'generation': 480}","{'id': 37920, 'rank': 5, 'fitness': 0.9816649108467852, 'generation': 480}","{'id': 37801, 'rank': 6, 'fitness': 0.9815282668550639, 'generation': 480}","{'id': 37820, 'rank': 7, 'fitness': 0.9812177723245084, 'generation': 480}","{'id': 37820, 'rank': 8, 'fitness': 0.9812177723245084, 'generation': 480}","{'id': 37806, 'rank': 9, 'fitness': 0.9811952866211777, 'generation': 480}","{'id': 37806, 'rank': 10, 'fitness': 0.9811952866211777, 'generation': 480}","{'id': 37884, 'rank': 11, 'fitness': 0.9811815758169595, 'generation': 480}","{'id': 37800, 'rank': 12, 'fitness': 0.9810491503451303, 'generation': 480}","{'id': 37800, 'rank': 13, 'fitness': 0.9810491503451303, 'generation': 480}","{'id': 37774, 'rank': 14, 'fitness': 0.9809194702473836, 'generation': 480}","{'id': 37868, 'rank': 15, 'fitness': 0.980610668599259, 'generation': 480}","{'id': 37928, 'rank': 16, 'fitness': 0.9803333117093527, 'generation': 480}","{'id': 37915, 'rank': 17, 'fitness': 0.9797688898994064, 'generation': 480}","{'id': 37914, 'rank': 18, 'fitness': 0.9793086764846077, 'generation': 480}","{'id': 37793, 'rank': 19, 'fitness': 0.9789224126244382, 'generation': 480}","{'id': 37902, 'rank': 20, 'fitness': 0.9788253880554199, 'generation': 480}","{'id': 37902, 'rank': 21, 'fitness': 0.9788253880554199, 'generation': 480}","{'id': 37849, 'rank': 22, 'fitness': 0.9787172023353431, 'generation': 480}","{'id': 37875, 'rank': 23, 'fitness': 0.9774809443835608, 'generation': 480}","{'id': 37903, 'rank': 24, 'fitness': 0.9755147639188335, 'generation': 480}","{'id': 37904, 'rank': 25, 'fitness': 0.9751271886495654, 'generation': 480}","{'id': 37910, 'rank': 26, 'fitness': 0.9744489254340887, 'generation': 480}","{'id': 37890, 'rank': 27, 'fitness': 0.9696777174537606, 'generation': 480}","{'id': 37870, 'rank': 28, 'fitness': 0.927190817673075, 'generation': 480}","{'id': 37899, 'rank': 29, 'fitness': 0.7971762469949979, 'generation': 480}","{'id': 37887, 'rank': 30, 'fitness': 0.01798620996209155, 'generation': 480}"
"{'id': 38025, 'rank': 1, 'fitness': 0.9820137900379085, 'generation': 481}","{'id': 37920, 'rank': 2, 'fitness': 0.9787398301636936, 'generation': 481}","{'id': 37977, 'rank': 3, 'fitness': 0.976734753651052, 'generation': 481}","{'id': 37801, 'rank': 4, 'fitness': 0.9762616370698498, 'generation': 481}","{'id': 37982, 'rank': 5, 'fitness': 0.9741745677585736, 'generation': 481}","{'id': 38004, 'rank': 6, 'fitness': 0.9741631704427605, 'generation': 481}","{'id': 37820, 'rank': 7, 'fitness': 0.9696269426872255, 'generation': 481}","{'id': 37820, 'rank': 8, 'fitness': 0.9696269426872255, 'generation': 481}","{'id': 38002, 'rank': 9, 'fitness': 0.9693757650072564, 'generation': 481}","{'id': 38002, 'rank': 10, 'fitness': 0.9693757650072564, 'generation': 481}","{'id': 37806, 'rank': 11, 'fitness': 0.9690868566455577, 'generation': 481}","{'id': 37806, 'rank': 12, 'fitness': 0.9690868566455577, 'generation': 481}","{'id': 37981, 'rank': 13, 'fitness': 0.9672788811733176, 'generation': 481}","{'id': 37981, 'rank': 14, 'fitness': 0.9672788811733176, 'generation': 481}","{'id': 38011, 'rank': 15, 'fitness': 0.9668615561882041, 'generation': 481}","{'id': 38011, 'rank': 16, 'fitness': 0.9668615561882041, 'generation': 481}","{'id': 38016, 'rank': 17, 'fitness': 0.9633379363404843, 'generation': 481}","{'id': 37774, 'rank': 18, 'fitness': 0.9617222725028625, 'generation': 481}","{'id': 38006, 'rank': 19, 'fitness': 0.9555102280190133, 'generation': 481}","{'id': 37950, 'rank': 20, 'fitness': 0.9527836333572175, 'generation': 481}","{'id': 37961, 'rank': 21, 'fitness': 0.9238512811119501, 'generation': 481}","{'id': 37941, 'rank': 22, 'fitness': 0.9015042198131695, 'generation': 481}","{'id': 37964, 'rank': 23, 'fitness': 0.8243133453317735, 'generation': 481}","{'id': 37942, 'rank': 24, 'fitness': 0.7537645870999787, 'generation': 481}","{'id': 38005, 'rank': 25, 'fitness': 0.7483146312558621, 'generation': 481}","{'id': 37975, 'rank': 26, 'fitness': 0.5118448663969978, 'generation': 481}","{'id': 37903, 'rank': 27, 'fitness': 0.3595173215673942, 'generation': 481}","{'id': 37903, 'rank': 28, 'fitness': 0.3595173215673942, 'generation': 481}","{'id': 37910, 'rank': 29, 'fitness': 0.22633529370278105, 'generation': 481}","{'id': 38000, 'rank': 30, 'fitness': 0.01798620996209155, 'generation': 481}"
"{'id': 38025, 'rank': 1, 'fitness': 0.9820137900379085, 'generation': 482}","{'id': 38088, 'rank': 2, 'fitness': 0.9790205535059899, 'generation': 482}","{'id': 38051, 'rank': 3, 'fitness': 0.9783412090165036, 'generation': 482}","{'id': 38112, 'rank': 4, 'fitness': 0.9777123049021066, 'generation': 482}","{'id': 38004, 'rank': 5, 'fitness': 0.9762418488996776, 'generation': 482}","{'id': 38087, 'rank': 6, 'fitness': 0.9753572697273836, 'generation': 482}","{'id': 37806, 'rank': 7, 'fitness': 0.9727232652092748, 'generation': 482}","{'id': 38062, 'rank': 8, 'fitness': 0.9721630716409231, 'generation': 482}","{'id': 38076, 'rank': 9, 'fitness': 0.9718424722762888, 'generation': 482}","{'id': 37981, 'rank': 10, 'fitness': 0.9715016580915518, 'generation': 482}","{'id': 37981, 'rank': 11, 'fitness': 0.9715016580915518, 'generation': 482}","{'id': 38011, 'rank': 12, 'fitness': 0.9712217968996801, 'generation': 482}","{'id': 38011, 'rank': 13, 'fitness': 0.9712217968996801, 'generation': 482}","{'id': 38011, 'rank': 14, 'fitness': 0.9712217968996801, 'generation': 482}","{'id': 38011, 'rank': 15, 'fitness': 0.9712217968996801, 'generation': 482}","{'id': 38038, 'rank': 16, 'fitness': 0.9696045975590102, 'generation': 482}","{'id': 38103, 'rank': 17, 'fitness': 0.9677394802163988, 'generation': 482}","{'id': 38065, 'rank': 18, 'fitness': 0.966077905311421, 'generation': 482}","{'id': 38063, 'rank': 19, 'fitness': 0.9652827140173874, 'generation': 482}","{'id': 38081, 'rank': 20, 'fitness': 0.9646137881811248, 'generation': 482}","{'id': 38059, 'rank': 21, 'fitness': 0.96092853036047, 'generation': 482}","{'id': 37961, 'rank': 22, 'fitness': 0.9450747622488984, 'generation': 482}","{'id': 38109, 'rank': 23, 'fitness': 0.929749689140577, 'generation': 482}","{'id': 38044, 'rank': 24, 'fitness': 0.9182005794760358, 'generation': 482}","{'id': 38082, 'rank': 25, 'fitness': 0.9157175451178539, 'generation': 482}","{'id': 38100, 'rank': 26, 'fitness': 0.8786638133285245, 'generation': 482}","{'id': 38114, 'rank': 27, 'fitness': 0.7470403534259642, 'generation': 482}","{'id': 38045, 'rank': 28, 'fitness': 0.6466179124745763, 'generation': 482}","{'id': 37910, 'rank': 29, 'fitness': 0.4964159286186828, 'generation': 482}","{'id': 38057, 'rank': 30, 'fitness': 0.01798620996209155, 'generation': 482}"
"{'id': 38149, 'rank': 1, 'fitness': 0.9820137900379085, 'generation': 483}","{'id': 38146, 'rank': 2, 'fitness': 0.9805349908443598, 'generation': 483}","{'id': 38088, 'rank': 3, 'fitness': 0.9753159343501338, 'generation': 483}","{'id': 38051, 'rank': 4, 'fitness': 0.972464075257755, 'generation': 483}","{'id': 38148, 'rank': 5, 'fitness': 0.9713518406433379, 'generation': 483}","{'id': 38148, 'rank': 6, 'fitness': 0.9713518406433379, 'generation': 483}","{'id': 38112, 'rank': 7, 'fitness': 0.9696295205868466, 'generation': 483}","{'id': 38004, 'rank': 8, 'fitness': 0.9622389134260951, 'generation': 483}","{'id': 38087, 'rank': 9, 'fitness': 0.9572553857569591, 'generation': 483}","{'id': 38182, 'rank': 10, 'fitness': 0.9558173429129836, 'generation': 483}","{'id': 38182, 'rank': 11, 'fitness': 0.9558173429129836, 'generation': 483}","{'id': 38140, 'rank': 12, 'fitness': 0.9312397612363927, 'generation': 483}","{'id': 38186, 'rank': 13, 'fitness': 0.9244363700794024, 'generation': 483}","{'id': 38131, 'rank': 14, 'fitness': 0.9196288495201823, 'generation': 483}","{'id': 38135, 'rank': 15, 'fitness': 0.9081401440664986, 'generation': 483}","{'id': 38176, 'rank': 16, 'fitness': 0.9081195905827958, 'generation': 483}","{'id': 38153, 'rank': 17, 'fitness': 0.9066948001659376, 'generation': 483}","{'id': 38153, 'rank': 18, 'fitness': 0.9066948001659376, 'generation': 483}","{'id': 38133, 'rank': 19, 'fitness': 0.9062924361037166, 'generation': 483}","{'id': 38130, 'rank': 20, 'fitness': 0.9048545007786113, 'generation': 483}","{'id': 38137, 'rank': 21, 'fitness': 0.8849015591207554, 'generation': 483}","{'id': 38184, 'rank': 22, 'fitness': 0.8618250185576535, 'generation': 483}","{'id': 38081, 'rank': 23, 'fitness': 0.8609449938724506, 'generation': 483}","{'id': 38192, 'rank': 24, 'fitness': 0.7365374323650078, 'generation': 483}","{'id': 38118, 'rank': 25, 'fitness': 0.7125567963921323, 'generation': 483}","{'id': 38134, 'rank': 26, 'fitness': 0.5489831110086324, 'generation': 483}","{'id': 38119, 'rank': 27, 'fitness': 0.4897905053227514, 'generation': 483}","{'id': 38117, 'rank': 28, 'fitness': 0.3681208963408798, 'generation': 483}","{'id': 38194, 'rank': 29, 'fitness': 0.31912186989070535, 'generation': 483}","{'id': 38143, 'rank': 30, 'fitness': 0.01798620996209155, 'generation': 483}"
"{'id': 38272, 'rank': 1, 'fitness': 0.9820137900379085, 'generation': 484}","{'id': 38146, 'rank': 2, 'fitness': 0.9800946824254335, 'generation': 484}","{'id': 38051, 'rank': 3, 'fitness': 0.9786846073601982, 'generation': 484}","{'id': 38051, 'rank': 4, 'fitness': 0.9786846073601982, 'generation': 484}","{'id': 38148, 'rank': 5, 'fitness': 0.9785167205699479, 'generation': 484}","{'id': 38260, 'rank': 6, 'fitness': 0.9783817502150336, 'generation': 484}","{'id': 38232, 'rank': 7, 'fitness': 0.9781564842299284, 'generation': 484}","{'id': 38087, 'rank': 8, 'fitness': 0.9767322913611522, 'generation': 484}","{'id': 38223, 'rank': 9, 'fitness': 0.97479217061918, 'generation': 484}","{'id': 38140, 'rank': 10, 'fitness': 0.9743738293738866, 'generation': 484}","{'id': 38186, 'rank': 11, 'fitness': 0.9738694581719678, 'generation': 484}","{'id': 38268, 'rank': 12, 'fitness': 0.9733750234151655, 'generation': 484}","{'id': 38176, 'rank': 13, 'fitness': 0.9727797429218101, 'generation': 484}","{'id': 38153, 'rank': 14, 'fitness': 0.9726912433551761, 'generation': 484}","{'id': 38130, 'rank': 15, 'fitness': 0.9725783076980137, 'generation': 484}","{'id': 38130, 'rank': 16, 'fitness': 0.9725783076980137, 'generation': 484}","{'id': 38229, 'rank': 17, 'fitness': 0.9695689042613984, 'generation': 484}","{'id': 38250, 'rank': 18, 'fitness': 0.967189126851044, 'generation': 484}","{'id': 38192, 'rank': 19, 'fitness': 0.9653669907832281, 'generation': 484}","{'id': 38269, 'rank': 20, 'fitness': 0.9624987436814854, 'generation': 484}","{'id': 38230, 'rank': 21, 'fitness': 0.9608222575643501, 'generation': 484}","{'id': 38231, 'rank': 22, 'fitness': 0.9599272298761692, 'generation': 484}","{'id': 38253, 'rank': 23, 'fitness': 0.959712684113479, 'generation': 484}","{'id': 38202, 'rank': 24, 'fitness': 0.948044780887749, 'generation': 484}","{'id': 38255, 'rank': 25, 'fitness': 0.9431650914050661, 'generation': 484}","{'id': 38240, 'rank': 26, 'fitness': 0.8881644663062032, 'generation': 484}","{'id': 38261, 'rank': 27, 'fitness': 0.8531705790881748, 'generation': 484}","{'id': 38266, 'rank': 28, 'fitness': 0.024611441559629854, 'generation': 484}","{'id': 38266, 'rank': 29, 'fitness': 0.024611441559629854, 'generation': 484}","{'id': 38209, 'rank': 30, 'fitness': 0.01798620996209155, 'generation': 484}"
"{'id': 38272, 'rank': 1, 'fitness': 0.9820137900379085, 'generation': 485}","{'id': 38146, 'rank': 2, 'fitness': 0.9643910366167863, 'generation': 485}","{'id': 38278, 'rank': 3, 'fitness': 0.9583351638865847, 'generation': 485}","{'id': 38051, 'rank': 4, 'fitness': 0.9440002432650731, 'generation': 485}","{'id': 38051, 'rank': 5, 'fitness': 0.9440002432650731, 'generation': 485}","{'id': 38260, 'rank': 6, 'fitness': 0.9385988800381336, 'generation': 485}","{'id': 38260, 'rank': 7, 'fitness': 0.9385988800381336, 'generation': 485}","{'id': 38359, 'rank': 8, 'fitness': 0.9161841633229981, 'generation': 485}","{'id': 38087, 'rank': 9, 'fitness': 0.9017350363836089, 'generation': 485}","{'id': 38223, 'rank': 10, 'fitness': 0.8402112883107054, 'generation': 485}","{'id': 38345, 'rank': 11, 'fitness': 0.8389612722773916, 'generation': 485}","{'id': 38358, 'rank': 12, 'fitness': 0.7945238717959564, 'generation': 485}","{'id': 38268, 'rank': 13, 'fitness': 0.782253700590364, 'generation': 485}","{'id': 38329, 'rank': 14, 'fitness': 0.7576306147013108, 'generation': 485}","{'id': 38176, 'rank': 15, 'fitness': 0.7548557774524036, 'generation': 485}","{'id': 38286, 'rank': 16, 'fitness': 0.618090176301409, 'generation': 485}","{'id': 38338, 'rank': 17, 'fitness': 0.5602579721730708, 'generation': 485}","{'id': 38341, 'rank': 18, 'fitness': 0.5564491870553487, 'generation': 485}","{'id': 38341, 'rank': 19, 'fitness': 0.5564491870553487, 'generation': 485}","{'id': 38342, 'rank': 20, 'fitness': 0.5255524942493954, 'generation': 485}","{'id': 38250, 'rank': 21, 'fitness': 0.454682573313745, 'generation': 485}","{'id': 38349, 'rank': 22, 'fitness': 0.44869430950073536, 'generation': 485}","{'id': 38293, 'rank': 23, 'fitness': 0.42715365137524525, 'generation': 485}","{'id': 38291, 'rank': 24, 'fitness': 0.35507021078351286, 'generation': 485}","{'id': 38336, 'rank': 25, 'fitness': 0.344017321903989, 'generation': 485}","{'id': 38295, 'rank': 26, 'fitness': 0.31502511714120474, 'generation': 485}","{'id': 38230, 'rank': 27, 'fitness': 0.19312815106115555, 'generation': 485}","{'id': 38326, 'rank': 28, 'fitness': 0.13493201028256818, 'generation': 485}","{'id': 38202, 'rank': 29, 'fitness': 0.03119698474353849, 'generation': 485}","{'id': 38307, 'rank': 30, 'fitness': 0.01798620996209155, 'generation': 485}"
"{'id': 38146, 'rank': 1, 'fitness': 0.9820137900379085, 'generation': 486}","{'id': 38278, 'rank': 2, 'fitness': 0.9818733122727392, 'generation': 486}","{'id': 38051, 'rank': 3, 'fitness': 0.9816031003137136, 'generation': 486}","{'id': 38260, 'rank': 4, 'fitness': 0.9815172300340113, 'generation': 486}","{'id': 38260, 'rank': 5, 'fitness': 0.9815172300340113, 'generation': 486}","{'id': 38223, 'rank': 6, 'fitness': 0.9805545050181569, 'generation': 486}","{'id': 38358, 'rank': 7, 'fitness': 0.9802681935922903, 'generation': 486}","{'id': 38398, 'rank': 8, 'fitness': 0.979893620948997, 'generation': 486}","{'id': 38398, 'rank': 9, 'fitness': 0.979893620948997, 'generation': 486}","{'id': 38338, 'rank': 10, 'fitness': 0.9791993051900382, 'generation': 486}","{'id': 38341, 'rank': 11, 'fitness': 0.9791840416144977, 'generation': 486}","{'id': 38349, 'rank': 12, 'fitness': 0.9787519468469852, 'generation': 486}","{'id': 38291, 'rank': 13, 'fitness': 0.9783540901831793, 'generation': 486}","{'id': 38291, 'rank': 14, 'fitness': 0.9783540901831793, 'generation': 486}","{'id': 38291, 'rank': 15, 'fitness': 0.9783540901831793, 'generation': 486}","{'id': 38336, 'rank': 16, 'fitness': 0.9783040991716183, 'generation': 486}","{'id': 38230, 'rank': 17, 'fitness': 0.9774817803751371, 'generation': 486}","{'id': 38381, 'rank': 18, 'fitness': 0.9768113918699559, 'generation': 486}","{'id': 38371, 'rank': 19, 'fitness': 0.9759876212288625, 'generation': 486}","{'id': 38371, 'rank': 20, 'fitness': 0.9759876212288625, 'generation': 486}","{'id': 38202, 'rank': 21, 'fitness': 0.9752378771452807, 'generation': 486}","{'id': 38361, 'rank': 22, 'fitness': 0.9738559505996782, 'generation': 486}","{'id': 38360, 'rank': 23, 'fitness': 0.9729016183758422, 'generation': 486}","{'id': 38360, 'rank': 24, 'fitness': 0.9729016183758422, 'generation': 486}","{'id': 38382, 'rank': 25, 'fitness': 0.7406977539516681, 'generation': 486}","{'id': 38390, 'rank': 26, 'fitness': 0.5609327738402752, 'generation': 486}","{'id': 38401, 'rank': 27, 'fitness': 0.5141395779771664, 'generation': 486}","{'id': 38392, 'rank': 28, 'fitness': 0.47077894810418075, 'generation': 486}","{'id': 38405, 'rank': 29, 'fitness': 0.27830784876721265, 'generation': 486}","{'id': 38406, 'rank': 30, 'fitness': 0.01798620996209155, 'generation': 486}"
"{'id': 38444, 'rank': 1, 'fitness': 0.9820137900379085, 'generation': 487}","{'id': 38453, 'rank': 2, 'fitness': 0.9813375977041026, 'generation': 487}","{'id': 38453, 'rank': 3, 'fitness': 0.9813375977041026, 'generation': 487}","{'id': 38450, 'rank': 4, 'fitness': 0.9811537233058328, 'generation': 487}","{'id': 38450, 'rank': 5, 'fitness': 0.9811537233058328, 'generation': 487}","{'id': 38422, 'rank': 6, 'fitness': 0.980308059550043, 'generation': 487}","{'id': 38422, 'rank': 7, 'fitness': 0.980308059550043, 'generation': 487}","{'id': 38223, 'rank': 8, 'fitness': 0.9803004846201329, 'generation': 487}","{'id': 38398, 'rank': 9, 'fitness': 0.9797367077914187, 'generation': 487}","{'id': 38447, 'rank': 10, 'fitness': 0.9789640231066721, 'generation': 487}","{'id': 38476, 'rank': 11, 'fitness': 0.978876164311209, 'generation': 487}","{'id': 38432, 'rank': 12, 'fitness': 0.9788137498416997, 'generation': 487}","{'id': 38446, 'rank': 13, 'fitness': 0.97879945131005, 'generation': 487}","{'id': 38291, 'rank': 14, 'fitness': 0.9784341469174505, 'generation': 487}","{'id': 38475, 'rank': 15, 'fitness': 0.9780301556053996, 'generation': 487}","{'id': 38456, 'rank': 16, 'fitness': 0.9780062501766424, 'generation': 487}","{'id': 38483, 'rank': 17, 'fitness': 0.9779952240157288, 'generation': 487}","{'id': 38494, 'rank': 18, 'fitness': 0.977011600489573, 'generation': 487}","{'id': 38442, 'rank': 19, 'fitness': 0.9769298935824176, 'generation': 487}","{'id': 38440, 'rank': 20, 'fitness': 0.9768205608098577, 'generation': 487}","{'id': 38435, 'rank': 21, 'fitness': 0.9766778166692947, 'generation': 487}","{'id': 38371, 'rank': 22, 'fitness': 0.9764588651411753, 'generation': 487}","{'id': 38493, 'rank': 23, 'fitness': 0.9752168552383143, 'generation': 487}","{'id': 38430, 'rank': 24, 'fitness': 0.9743705814315748, 'generation': 487}","{'id': 38460, 'rank': 25, 'fitness': 0.9740844224598435, 'generation': 487}","{'id': 38433, 'rank': 26, 'fitness': 0.9736376460228464, 'generation': 487}","{'id': 38433, 'rank': 27, 'fitness': 0.9736376460228464, 'generation': 487}","{'id': 38461, 'rank': 28, 'fitness': 0.9722788217282706, 'generation': 487}","{'id': 38390, 'rank': 29, 'fitness': 0.6907124915906165, 'generation': 487}","{'id': 38468, 'rank': 30, 'fitness': 0.01798620996209155, 'generation': 487}"
"{'id': 38597, 'rank': 1, 'fitness': 0.9820137900379085, 'generation': 488}","{'id': 38555, 'rank': 2, 'fitness': 0.9647866928533249, 'generation': 488}","{'id': 38450, 'rank': 3, 'fitness': 0.9577025408683223, 'generation': 488}","{'id': 38554, 'rank': 4, 'fitness': 0.9424613528825987, 'generation': 488}","{'id': 38554, 'rank': 5, 'fitness': 0.9424613528825987, 'generation': 488}","{'id': 38547, 'rank': 6, 'fitness': 0.9098644876198894, 'generation': 488}","{'id': 38511, 'rank': 7, 'fitness': 0.9073899495323038, 'generation': 488}","{'id': 38580, 'rank': 8, 'fitness': 0.9065658657519351, 'generation': 488}","{'id': 38580, 'rank': 9, 'fitness': 0.9065658657519351, 'generation': 488}","{'id': 38549, 'rank': 10, 'fitness': 0.8863565876738799, 'generation': 488}","{'id': 38556, 'rank': 11, 'fitness': 0.8840986476382122, 'generation': 488}","{'id': 38568, 'rank': 12, 'fitness': 0.8358774059417435, 'generation': 488}","{'id': 38398, 'rank': 13, 'fitness': 0.792747732033134, 'generation': 488}","{'id': 38590, 'rank': 14, 'fitness': 0.6565631715621829, 'generation': 488}","{'id': 38587, 'rank': 15, 'fitness': 0.6219330062964396, 'generation': 488}","{'id': 38519, 'rank': 16, 'fitness': 0.6000857286476126, 'generation': 488}","{'id': 38586, 'rank': 17, 'fitness': 0.581161579286771, 'generation': 488}","{'id': 38533, 'rank': 18, 'fitness': 0.5477023739402477, 'generation': 488}","{'id': 38565, 'rank': 19, 'fitness': 0.47601980365341845, 'generation': 488}","{'id': 38572, 'rank': 20, 'fitness': 0.4246412097658242, 'generation': 488}","{'id': 38561, 'rank': 21, 'fitness': 0.3943882963087938, 'generation': 488}","{'id': 38551, 'rank': 22, 'fitness': 0.3181671384752539, 'generation': 488}","{'id': 38552, 'rank': 23, 'fitness': 0.3124256389321667, 'generation': 488}","{'id': 38543, 'rank': 24, 'fitness': 0.12999564042944384, 'generation': 488}","{'id': 38435, 'rank': 25, 'fitness': 0.10766167176840535, 'generation': 488}","{'id': 38524, 'rank': 26, 'fitness': 0.05343857796560819, 'generation': 488}","{'id': 38502, 'rank': 27, 'fitness': 0.04020808923828595, 'generation': 488}","{'id': 38515, 'rank': 28, 'fitness': 0.03144124046709701, 'generation': 488}","{'id': 38545, 'rank': 29, 'fitness': 0.025438661726747358, 'generation': 488}","{'id': 38508, 'rank': 30, 'fitness': 0.01798620996209155, 'generation': 488}"
"{'id': 38644, 'rank': 1, 'fitness': 0.9820137900379085, 'generation': 489}","{'id': 38555, 'rank': 2, 'fitness': 0.9819940623914193, 'generation': 489}","{'id': 38450, 'rank': 3, 'fitness': 0.9819655289744124, 'generation': 489}","{'id': 38450, 'rank': 4, 'fitness': 0.9819655289744124, 'generation': 489}","{'id': 38554, 'rank': 5, 'fitness': 0.9819169760601631, 'generation': 489}","{'id': 38554, 'rank': 6, 'fitness': 0.9819169760601631, 'generation': 489}","{'id': 38547, 'rank': 7, 'fitness': 0.9818441474652657, 'generation': 489}","{'id': 38645, 'rank': 8, 'fitness': 0.9818218867650843, 'generation': 489}","{'id': 38519, 'rank': 9, 'fitness': 0.9815545476539647, 'generation': 489}","{'id': 38519, 'rank': 10, 'fitness': 0.9815545476539647, 'generation': 489}","{'id': 38586, 'rank': 11, 'fitness': 0.9815425584918713, 'generation': 489}","{'id': 38629, 'rank': 12, 'fitness': 0.9815263588895591, 'generation': 489}","{'id': 38629, 'rank': 13, 'fitness': 0.9815263588895591, 'generation': 489}","{'id': 38533, 'rank': 14, 'fitness': 0.9815216872422194, 'generation': 489}","{'id': 38628, 'rank': 15, 'fitness': 0.9815178880380993, 'generation': 489}","{'id': 38628, 'rank': 16, 'fitness': 0.9815178880380993, 'generation': 489}","{'id': 38637, 'rank': 17, 'fitness': 0.9814910959035144, 'generation': 489}","{'id': 38633, 'rank': 18, 'fitness': 0.9811078126769263, 'generation': 489}","{'id': 38524, 'rank': 19, 'fitness': 0.9810455576336161, 'generation': 489}","{'id': 38524, 'rank': 20, 'fitness': 0.9810455576336161, 'generation': 489}","{'id': 38502, 'rank': 21, 'fitness': 0.9809985844920694, 'generation': 489}","{'id': 38515, 'rank': 22, 'fitness': 0.9809583390295475, 'generation': 489}","{'id': 38515, 'rank': 23, 'fitness': 0.9809583390295475, 'generation': 489}","{'id': 38638, 'rank': 24, 'fitness': 0.9809085164307338, 'generation': 489}","{'id': 38508, 'rank': 25, 'fitness': 0.9808677236512316, 'generation': 489}","{'id': 38598, 'rank': 26, 'fitness': 0.9795366584550966, 'generation': 489}","{'id': 38625, 'rank': 27, 'fitness': 0.9762963642544794, 'generation': 489}","{'id': 38621, 'rank': 28, 'fitness': 0.9748488922719141, 'generation': 489}","{'id': 38657, 'rank': 29, 'fitness': 0.39531938650406906, 'generation': 489}","{'id': 38640, 'rank': 30, 'fitness': 0.01798620996209155, 'generation': 489}"
"{'id': 38644, 'rank': 1, 'fitness': 0.9820137900379085, 'generation': 490}","{'id': 38644, 'rank': 2, 'fitness': 0.9820137900379085, 'generation': 490}","{'id': 38555, 'rank': 3, 'fitness': 0.9814455373718785, 'generation': 490}","{'id': 38450, 'rank': 4, 'fitness': 0.9805935013157321, 'generation': 490}","{'id': 38450, 'rank': 5, 'fitness': 0.9805935013157321, 'generation': 490}","{'id': 38705, 'rank': 6, 'fitness': 0.9792491678832075, 'generation': 490}","{'id': 38693, 'rank': 7, 'fitness': 0.9787260549879891, 'generation': 490}","{'id': 38693, 'rank': 8, 'fitness': 0.9787260549879891, 'generation': 490}","{'id': 38693, 'rank': 9, 'fitness': 0.9787260549879891, 'generation': 490}","{'id': 38547, 'rank': 10, 'fitness': 0.9765384477108532, 'generation': 490}","{'id': 38704, 'rank': 11, 'fitness': 0.9711066730227162, 'generation': 490}","{'id': 38663, 'rank': 12, 'fitness': 0.9691016083923956, 'generation': 490}","{'id': 38667, 'rank': 13, 'fitness': 0.9648600315627427, 'generation': 490}","{'id': 38732, 'rank': 14, 'fitness': 0.9641504183945881, 'generation': 490}","{'id': 38732, 'rank': 15, 'fitness': 0.9641504183945881, 'generation': 490}","{'id': 38586, 'rank': 16, 'fitness': 0.9627569962041151, 'generation': 490}","{'id': 38628, 'rank': 17, 'fitness': 0.9613470449897354, 'generation': 490}","{'id': 38665, 'rank': 18, 'fitness': 0.9442180064766499, 'generation': 490}","{'id': 38674, 'rank': 19, 'fitness': 0.9347775539024029, 'generation': 490}","{'id': 38664, 'rank': 20, 'fitness': 0.9270837281197734, 'generation': 490}","{'id': 38746, 'rank': 21, 'fitness': 0.926721969122499, 'generation': 490}","{'id': 38524, 'rank': 22, 'fitness': 0.9229993402171134, 'generation': 490}","{'id': 38524, 'rank': 23, 'fitness': 0.9229993402171134, 'generation': 490}","{'id': 38739, 'rank': 24, 'fitness': 0.9085182178474721, 'generation': 490}","{'id': 38675, 'rank': 25, 'fitness': 0.9028319459394604, 'generation': 490}","{'id': 38675, 'rank': 26, 'fitness': 0.9028319459394604, 'generation': 490}","{'id': 38508, 'rank': 27, 'fitness': 0.9014658863152059, 'generation': 490}","{'id': 38738, 'rank': 28, 'fitness': 0.9012162304387845, 'generation': 490}","{'id': 38737, 'rank': 29, 'fitness': 0.8874154744866896, 'generation': 490}","{'id': 38625, 'rank': 30, 'fitness': 0.01798620996209155, 'generation': 490}"
"{'id': 38644, 'rank': 1, 'fitness': 0.9820137900379085, 'generation': 491}","{'id': 38644, 'rank': 2, 'fitness': 0.9820137900379085, 'generation': 491}","{'id': 38819, 'rank': 3, 'fitness': 0.9817001718830031, 'generation': 491}","{'id': 38450, 'rank': 4, 'fitness': 0.9802931912368139, 'generation': 491}","{'id': 38825, 'rank': 5, 'fitness': 0.9799018070754492, 'generation': 491}","{'id': 38693, 'rank': 6, 'fitness': 0.9779929810532461, 'generation': 491}","{'id': 38824, 'rank': 7, 'fitness': 0.9771435429987358, 'generation': 491}","{'id': 38547, 'rank': 8, 'fitness': 0.975247793589032, 'generation': 491}","{'id': 38850, 'rank': 9, 'fitness': 0.9750149029738475, 'generation': 491}","{'id': 38801, 'rank': 10, 'fitness': 0.9740485716370433, 'generation': 491}","{'id': 38823, 'rank': 11, 'fitness': 0.9717573758040339, 'generation': 491}","{'id': 38818, 'rank': 12, 'fitness': 0.9716779970835212, 'generation': 491}","{'id': 38818, 'rank': 13, 'fitness': 0.9716779970835212, 'generation': 491}","{'id': 38758, 'rank': 14, 'fitness': 0.9715729649627238, 'generation': 491}","{'id': 38827, 'rank': 15, 'fitness': 0.9715693125556598, 'generation': 491}","{'id': 38849, 'rank': 16, 'fitness': 0.9704871743436527, 'generation': 491}","{'id': 38829, 'rank': 17, 'fitness': 0.9701432569491792, 'generation': 491}","{'id': 38841, 'rank': 18, 'fitness': 0.9619281358559632, 'generation': 491}","{'id': 38841, 'rank': 19, 'fitness': 0.9619281358559632, 'generation': 491}","{'id': 38732, 'rank': 20, 'fitness': 0.958858310544541, 'generation': 491}","{'id': 38732, 'rank': 21, 'fitness': 0.958858310544541, 'generation': 491}","{'id': 38628, 'rank': 22, 'fitness': 0.9549851506752037, 'generation': 491}","{'id': 38806, 'rank': 23, 'fitness': 0.9342356347344154, 'generation': 491}","{'id': 38806, 'rank': 24, 'fitness': 0.9342356347344154, 'generation': 491}","{'id': 38773, 'rank': 25, 'fitness': 0.9328347122647439, 'generation': 491}","{'id': 38665, 'rank': 26, 'fitness': 0.9303500373437266, 'generation': 491}","{'id': 38665, 'rank': 27, 'fitness': 0.9303500373437266, 'generation': 491}","{'id': 38664, 'rank': 28, 'fitness': 0.9044807008061287, 'generation': 491}","{'id': 38746, 'rank': 29, 'fitness': 0.9039246812180716, 'generation': 491}","{'id': 38817, 'rank': 30, 'fitness': 0.01798620996209155, 'generation': 491}"
"{'id': 38863, 'rank': 1, 'fitness': 0.9820137900379085, 'generation': 492}","{'id': 38644, 'rank': 2, 'fitness': 0.978786998160265, 'generation': 492}","{'id': 38644, 'rank': 3, 'fitness': 0.978786998160265, 'generation': 492}","{'id': 38644, 'rank': 4, 'fitness': 0.978786998160265, 'generation': 492}","{'id': 38644, 'rank': 5, 'fitness': 0.978786998160265, 'generation': 492}","{'id': 38644, 'rank': 6, 'fitness': 0.978786998160265, 'generation': 492}","{'id': 38854, 'rank': 7, 'fitness': 0.9773856626817138, 'generation': 492}","{'id': 38864, 'rank': 8, 'fitness': 0.9675047078003818, 'generation': 492}","{'id': 38855, 'rank': 9, 'fitness': 0.9636719034433422, 'generation': 492}","{'id': 38935, 'rank': 10, 'fitness': 0.9578872792600694, 'generation': 492}","{'id': 38929, 'rank': 11, 'fitness': 0.9486019029328945, 'generation': 492}","{'id': 38936, 'rank': 12, 'fitness': 0.9373712160533609, 'generation': 492}","{'id': 38936, 'rank': 13, 'fitness': 0.9373712160533609, 'generation': 492}","{'id': 38856, 'rank': 14, 'fitness': 0.936467479592397, 'generation': 492}","{'id': 38939, 'rank': 15, 'fitness': 0.896471326702228, 'generation': 492}","{'id': 38913, 'rank': 16, 'fitness': 0.8701845324062975, 'generation': 492}","{'id': 38818, 'rank': 17, 'fitness': 0.8535033871105968, 'generation': 492}","{'id': 38818, 'rank': 18, 'fitness': 0.8535033871105968, 'generation': 492}","{'id': 38883, 'rank': 19, 'fitness': 0.8035573161820428, 'generation': 492}","{'id': 38925, 'rank': 20, 'fitness': 0.7770793548764985, 'generation': 492}","{'id': 38886, 'rank': 21, 'fitness': 0.7202427709197947, 'generation': 492}","{'id': 38893, 'rank': 22, 'fitness': 0.6078888874279728, 'generation': 492}","{'id': 38900, 'rank': 23, 'fitness': 0.5660400876169461, 'generation': 492}","{'id': 38732, 'rank': 24, 'fitness': 0.5100433895244242, 'generation': 492}","{'id': 38628, 'rank': 25, 'fitness': 0.4064720842480913, 'generation': 492}","{'id': 38860, 'rank': 26, 'fitness': 0.308924959583046, 'generation': 492}","{'id': 38931, 'rank': 27, 'fitness': 0.2797634147510855, 'generation': 492}","{'id': 38919, 'rank': 28, 'fitness': 0.09033813787246736, 'generation': 492}","{'id': 38923, 'rank': 29, 'fitness': 0.03012300229781595, 'generation': 492}","{'id': 38746, 'rank': 30, 'fitness': 0.01798620996209155, 'generation': 492}"
"{'id': 38947, 'rank': 1, 'fitness': 0.9820137900379085, 'generation': 493}","{'id': 38863, 'rank': 2, 'fitness': 0.9814485670996116, 'generation': 493}","{'id': 38644, 'rank': 3, 'fitness': 0.9813737727120393, 'generation': 493}","{'id': 38644, 'rank': 4, 'fitness': 0.9813737727120393, 'generation': 493}","{'id': 38854, 'rank': 5, 'fitness': 0.9813446273876315, 'generation': 493}","{'id': 38951, 'rank': 6, 'fitness': 0.9813019992920992, 'generation': 493}","{'id': 39021, 'rank': 7, 'fitness': 0.9812140103481451, 'generation': 493}","{'id': 38864, 'rank': 8, 'fitness': 0.9811776978588456, 'generation': 493}","{'id': 39015, 'rank': 9, 'fitness': 0.9811628474085848, 'generation': 493}","{'id': 39015, 'rank': 10, 'fitness': 0.9811628474085848, 'generation': 493}","{'id': 38855, 'rank': 11, 'fitness': 0.9811256811531602, 'generation': 493}","{'id': 38935, 'rank': 12, 'fitness': 0.9810561854094297, 'generation': 493}","{'id': 38936, 'rank': 13, 'fitness': 0.9808657722804193, 'generation': 493}","{'id': 39022, 'rank': 14, 'fitness': 0.980630512297709, 'generation': 493}","{'id': 39022, 'rank': 15, 'fitness': 0.980630512297709, 'generation': 493}","{'id': 39014, 'rank': 16, 'fitness': 0.9805198667659745, 'generation': 493}","{'id': 39014, 'rank': 17, 'fitness': 0.9805198667659745, 'generation': 493}","{'id': 39002, 'rank': 18, 'fitness': 0.9803830416110384, 'generation': 493}","{'id': 38883, 'rank': 19, 'fitness': 0.9802636086249998, 'generation': 493}","{'id': 38886, 'rank': 20, 'fitness': 0.9800442075933593, 'generation': 493}","{'id': 38886, 'rank': 21, 'fitness': 0.9800442075933593, 'generation': 493}","{'id': 38900, 'rank': 22, 'fitness': 0.9797176704221048, 'generation': 493}","{'id': 39009, 'rank': 23, 'fitness': 0.979611124488205, 'generation': 493}","{'id': 39016, 'rank': 24, 'fitness': 0.9791586155807885, 'generation': 493}","{'id': 39016, 'rank': 25, 'fitness': 0.9791586155807885, 'generation': 493}","{'id': 38975, 'rank': 26, 'fitness': 0.9779715371072362, 'generation': 493}","{'id': 38993, 'rank': 27, 'fitness': 0.9757124211977043, 'generation': 493}","{'id': 39017, 'rank': 28, 'fitness': 0.9724970608754883, 'generation': 493}","{'id': 38955, 'rank': 29, 'fitness': 0.0741760611990348, 'generation': 493}","{'id': 39004, 'rank': 30, 'fitness': 0.01798620996209155, 'generation': 493}"
"{'id': 38947, 'rank': 1, 'fitness': 0.9820137900379085, 'generation': 494}","{'id': 38644, 'rank': 2, 'fitness': 0.9322970360827474, 'generation': 494}","{'id': 38854, 'rank': 3, 'fitness': 0.9283026803770635, 'generation': 494}","{'id': 39049, 'rank': 4, 'fitness': 0.9141019360501701, 'generation': 494}","{'id': 39049, 'rank': 5, 'fitness': 0.9141019360501701, 'generation': 494}","{'id': 39059, 'rank': 6, 'fitness': 0.9138987203051187, 'generation': 494}","{'id': 39026, 'rank': 7, 'fitness': 0.9070040004882345, 'generation': 494}","{'id': 39089, 'rank': 8, 'fitness': 0.8567539639977896, 'generation': 494}","{'id': 39038, 'rank': 9, 'fitness': 0.8428360315679653, 'generation': 494}","{'id': 38936, 'rank': 10, 'fitness': 0.8266172630836839, 'generation': 494}","{'id': 38936, 'rank': 11, 'fitness': 0.8266172630836839, 'generation': 494}","{'id': 39045, 'rank': 12, 'fitness': 0.7651504436579093, 'generation': 494}","{'id': 39055, 'rank': 13, 'fitness': 0.720704810399383, 'generation': 494}","{'id': 39055, 'rank': 14, 'fitness': 0.720704810399383, 'generation': 494}","{'id': 39041, 'rank': 15, 'fitness': 0.7067987073728903, 'generation': 494}","{'id': 39014, 'rank': 16, 'fitness': 0.7016762419846274, 'generation': 494}","{'id': 39102, 'rank': 17, 'fitness': 0.659238372992782, 'generation': 494}","{'id': 38883, 'rank': 18, 'fitness': 0.5841284600665941, 'generation': 494}","{'id': 39043, 'rank': 19, 'fitness': 0.5840748005473964, 'generation': 494}","{'id': 39088, 'rank': 20, 'fitness': 0.4843305257376984, 'generation': 494}","{'id': 39066, 'rank': 21, 'fitness': 0.4621807808245023, 'generation': 494}","{'id': 39093, 'rank': 22, 'fitness': 0.41822217509017073, 'generation': 494}","{'id': 39039, 'rank': 23, 'fitness': 0.338633609468593, 'generation': 494}","{'id': 39096, 'rank': 24, 'fitness': 0.3097360117847574, 'generation': 494}","{'id': 39046, 'rank': 25, 'fitness': 0.2998365080485863, 'generation': 494}","{'id': 39046, 'rank': 26, 'fitness': 0.2998365080485863, 'generation': 494}","{'id': 39009, 'rank': 27, 'fitness': 0.2801127609080756, 'generation': 494}","{'id': 39037, 'rank': 28, 'fitness': 0.1842858153240604, 'generation': 494}","{'id': 39035, 'rank': 29, 'fitness': 0.09323192490053261, 'generation': 494}","{'id': 38975, 'rank': 30, 'fitness': 0.01798620996209155, 'generation': 494}"
"{'id': 39137, 'rank': 1, 'fitness': 0.9820137900379085, 'generation': 495}","{'id': 38644, 'rank': 2, 'fitness': 0.9819168212273304, 'generation': 495}","{'id': 38854, 'rank': 3, 'fitness': 0.9818781505975165, 'generation': 495}","{'id': 39049, 'rank': 4, 'fitness': 0.9817545229504787, 'generation': 495}","{'id': 39059, 'rank': 5, 'fitness': 0.981752887764294, 'generation': 495}","{'id': 39026, 'rank': 6, 'fitness': 0.9816992965532474, 'generation': 495}","{'id': 39038, 'rank': 7, 'fitness': 0.9813160084166301, 'generation': 495}","{'id': 38936, 'rank': 8, 'fitness': 0.9812396974587051, 'generation': 495}","{'id': 38936, 'rank': 9, 'fitness': 0.9812396974587051, 'generation': 495}","{'id': 38936, 'rank': 10, 'fitness': 0.9812396974587051, 'generation': 495}","{'id': 39045, 'rank': 11, 'fitness': 0.9809906396619102, 'generation': 495}","{'id': 39055, 'rank': 12, 'fitness': 0.980836506651714, 'generation': 495}","{'id': 39041, 'rank': 13, 'fitness': 0.9807912763766787, 'generation': 495}","{'id': 38883, 'rank': 14, 'fitness': 0.9804286612226596, 'generation': 495}","{'id': 39088, 'rank': 15, 'fitness': 0.9801541348817838, 'generation': 495}","{'id': 39039, 'rank': 16, 'fitness': 0.9797331362382867, 'generation': 495}","{'id': 39035, 'rank': 17, 'fitness': 0.9785764673793829, 'generation': 495}","{'id': 38975, 'rank': 18, 'fitness': 0.9772615084062486, 'generation': 495}","{'id': 39127, 'rank': 19, 'fitness': 0.9761917724375826, 'generation': 495}","{'id': 39126, 'rank': 20, 'fitness': 0.9755240208836917, 'generation': 495}","{'id': 39121, 'rank': 21, 'fitness': 0.9738936454364735, 'generation': 495}","{'id': 39132, 'rank': 22, 'fitness': 0.9678041955725842, 'generation': 495}","{'id': 39146, 'rank': 23, 'fitness': 0.9670453347771342, 'generation': 495}","{'id': 39163, 'rank': 24, 'fitness': 0.9639182438740748, 'generation': 495}","{'id': 39140, 'rank': 25, 'fitness': 0.8616866484725874, 'generation': 495}","{'id': 39140, 'rank': 26, 'fitness': 0.8616866484725874, 'generation': 495}","{'id': 39105, 'rank': 27, 'fitness': 0.24813008414166338, 'generation': 495}","{'id': 39158, 'rank': 28, 'fitness': 0.04926182199872353, 'generation': 495}","{'id': 39114, 'rank': 29, 'fitness': 0.01798620996209155, 'generation': 495}","{'id': 39114, 'rank': 30, 'fitness': 0.01798620996209155, 'generation': 495}"
"{'id': 39235, 'rank': 1, 'fitness': 0.9820137900379085, 'generation': 496}","{'id': 39225, 'rank': 2, 'fitness': 0.980988472624118, 'generation': 496}","{'id': 39238, 'rank': 3, 'fitness': 0.9807888166109644, 'generation': 496}","{'id': 39026, 'rank': 4, 'fitness': 0.9801910770466774, 'generation': 496}","{'id': 39026, 'rank': 5, 'fitness': 0.9801910770466774, 'generation': 496}","{'id': 39026, 'rank': 6, 'fitness': 0.9801910770466774, 'generation': 496}","{'id': 39224, 'rank': 7, 'fitness': 0.9799773593432498, 'generation': 496}","{'id': 39224, 'rank': 8, 'fitness': 0.9799773593432498, 'generation': 496}","{'id': 39249, 'rank': 9, 'fitness': 0.9799228214380797, 'generation': 496}","{'id': 39249, 'rank': 10, 'fitness': 0.9799228214380797, 'generation': 496}","{'id': 39226, 'rank': 11, 'fitness': 0.9799171156063764, 'generation': 496}","{'id': 39226, 'rank': 12, 'fitness': 0.9799171156063764, 'generation': 496}","{'id': 39038, 'rank': 13, 'fitness': 0.9793242120802855, 'generation': 496}","{'id': 39222, 'rank': 14, 'fitness': 0.9792877543825342, 'generation': 496}","{'id': 39186, 'rank': 15, 'fitness': 0.9791745840571358, 'generation': 496}","{'id': 39250, 'rank': 16, 'fitness': 0.9790381041135158, 'generation': 496}","{'id': 39187, 'rank': 17, 'fitness': 0.9790130480789749, 'generation': 496}","{'id': 39213, 'rank': 18, 'fitness': 0.9783220731251752, 'generation': 496}","{'id': 39055, 'rank': 19, 'fitness': 0.9782133946311924, 'generation': 496}","{'id': 39248, 'rank': 20, 'fitness': 0.9773143531945386, 'generation': 496}","{'id': 39253, 'rank': 21, 'fitness': 0.9772494847633864, 'generation': 496}","{'id': 39209, 'rank': 22, 'fitness': 0.9769305179726973, 'generation': 496}","{'id': 39209, 'rank': 23, 'fitness': 0.9769305179726973, 'generation': 496}","{'id': 39212, 'rank': 24, 'fitness': 0.9762391484175754, 'generation': 496}","{'id': 39207, 'rank': 25, 'fitness': 0.9745239897572936, 'generation': 496}","{'id': 39207, 'rank': 26, 'fitness': 0.9745239897572936, 'generation': 496}","{'id': 39205, 'rank': 27, 'fitness': 0.9334071369760018, 'generation': 496}","{'id': 39192, 'rank': 28, 'fitness': 0.9021114116729916, 'generation': 496}","{'id': 39171, 'rank': 29, 'fitness': 0.3500804317976587, 'generation': 496}","{'id': 39174, 'rank': 30, 'fitness': 0.01798620996209155, 'generation': 496}"
"{'id': 39299, 'rank': 1, 'fitness': 0.9820137900379085, 'generation': 497}","{'id': 39299, 'rank': 2, 'fitness': 0.9820137900379085, 'generation': 497}","{'id': 39295, 'rank': 3, 'fitness': 0.9744845480165649, 'generation': 497}","{'id': 39334, 'rank': 4, 'fitness': 0.9672713048792527, 'generation': 497}","{'id': 39225, 'rank': 5, 'fitness': 0.9577183344457116, 'generation': 497}","{'id': 39225, 'rank': 6, 'fitness': 0.9577183344457116, 'generation': 497}","{'id': 39225, 'rank': 7, 'fitness': 0.9577183344457116, 'generation': 497}","{'id': 39341, 'rank': 8, 'fitness': 0.9367824945626034, 'generation': 497}","{'id': 39026, 'rank': 9, 'fitness': 0.926461889733658, 'generation': 497}","{'id': 39224, 'rank': 10, 'fitness': 0.9153105476459988, 'generation': 497}","{'id': 39226, 'rank': 11, 'fitness': 0.9119234625703845, 'generation': 497}","{'id': 39259, 'rank': 12, 'fitness': 0.9057130574710814, 'generation': 497}","{'id': 39260, 'rank': 13, 'fitness': 0.8969650089647714, 'generation': 497}","{'id': 39186, 'rank': 14, 'fitness': 0.8603770074181538, 'generation': 497}","{'id': 39250, 'rank': 15, 'fitness': 0.8487741457302254, 'generation': 497}","{'id': 39305, 'rank': 16, 'fitness': 0.8363552160551513, 'generation': 497}","{'id': 39304, 'rank': 17, 'fitness': 0.833832095339128, 'generation': 497}","{'id': 39270, 'rank': 18, 'fitness': 0.8179225302015048, 'generation': 497}","{'id': 39340, 'rank': 19, 'fitness': 0.78964136028205, 'generation': 497}","{'id': 39340, 'rank': 20, 'fitness': 0.78964136028205, 'generation': 497}","{'id': 39340, 'rank': 21, 'fitness': 0.78964136028205, 'generation': 497}","{'id': 39265, 'rank': 22, 'fitness': 0.7348505596858257, 'generation': 497}","{'id': 39209, 'rank': 23, 'fitness': 0.5874711302304241, 'generation': 497}","{'id': 39281, 'rank': 24, 'fitness': 0.5306589078640761, 'generation': 497}","{'id': 39212, 'rank': 25, 'fitness': 0.4825538314139087, 'generation': 497}","{'id': 39279, 'rank': 26, 'fitness': 0.44490495250803086, 'generation': 497}","{'id': 39313, 'rank': 27, 'fitness': 0.29286551119060655, 'generation': 497}","{'id': 39287, 'rank': 28, 'fitness': 0.2595567820289659, 'generation': 497}","{'id': 39343, 'rank': 29, 'fitness': 0.1683896527585459, 'generation': 497}","{'id': 39301, 'rank': 30, 'fitness': 0.01798620996209155, 'generation': 497}"
"{'id': 39382, 'rank': 1, 'fitness': 0.9820137900379085, 'generation': 498}","{'id': 39299, 'rank': 2, 'fitness': 0.9817768196361645, 'generation': 498}","{'id': 39334, 'rank': 3, 'fitness': 0.9808020143997899, 'generation': 498}","{'id': 39225, 'rank': 4, 'fitness': 0.9803637889359171, 'generation': 498}","{'id': 39225, 'rank': 5, 'fitness': 0.9803637889359171, 'generation': 498}","{'id': 39341, 'rank': 6, 'fitness': 0.9796444248570393, 'generation': 498}","{'id': 39260, 'rank': 7, 'fitness': 0.9787061344606651, 'generation': 498}","{'id': 39260, 'rank': 8, 'fitness': 0.9787061344606651, 'generation': 498}","{'id': 39186, 'rank': 9, 'fitness': 0.9780741106040811, 'generation': 498}","{'id': 39186, 'rank': 10, 'fitness': 0.9780741106040811, 'generation': 498}","{'id': 39305, 'rank': 11, 'fitness': 0.9777243121335313, 'generation': 498}","{'id': 39358, 'rank': 12, 'fitness': 0.9777165867096991, 'generation': 498}","{'id': 39270, 'rank': 13, 'fitness': 0.9774798880941387, 'generation': 498}","{'id': 39351, 'rank': 14, 'fitness': 0.9769980797559547, 'generation': 498}","{'id': 39209, 'rank': 15, 'fitness': 0.9751848400736581, 'generation': 498}","{'id': 39209, 'rank': 16, 'fitness': 0.9751848400736581, 'generation': 498}","{'id': 39212, 'rank': 17, 'fitness': 0.9742828849127269, 'generation': 498}","{'id': 39279, 'rank': 18, 'fitness': 0.9739524811615765, 'generation': 498}","{'id': 39313, 'rank': 19, 'fitness': 0.9724633970176363, 'generation': 498}","{'id': 39343, 'rank': 20, 'fitness': 0.9707560900001166, 'generation': 498}","{'id': 39355, 'rank': 21, 'fitness': 0.966012225074068, 'generation': 498}","{'id': 39348, 'rank': 22, 'fitness': 0.9579225574728029, 'generation': 498}","{'id': 39348, 'rank': 23, 'fitness': 0.9579225574728029, 'generation': 498}","{'id': 39356, 'rank': 24, 'fitness': 0.9558283099653953, 'generation': 498}","{'id': 39356, 'rank': 25, 'fitness': 0.9558283099653953, 'generation': 498}","{'id': 39399, 'rank': 26, 'fitness': 0.8327167392835594, 'generation': 498}","{'id': 39373, 'rank': 27, 'fitness': 0.8138718139824904, 'generation': 498}","{'id': 39400, 'rank': 28, 'fitness': 0.6912204333707688, 'generation': 498}","{'id': 39400, 'rank': 29, 'fitness': 0.6912204333707688, 'generation': 498}","{'id': 39407, 'rank': 30, 'fitness': 0.01798620996209155, 'generation': 498}"
"{'id': 39459, 'rank': 1, 'fitness': 0.9820137900379085, 'generation': 499}","{'id': 39382, 'rank': 2, 'fitness': 0.9817608050034501, 'generation': 499}","{'id': 39299, 'rank': 3, 'fitness': 0.981568135149949, 'generation': 499}","{'id': 39462, 'rank': 4, 'fitness': 0.9806287572800398, 'generation': 499}","{'id': 39462, 'rank': 5, 'fitness': 0.9806287572800398, 'generation': 499}","{'id': 39452, 'rank': 6, 'fitness': 0.9806022690078747, 'generation': 499}","{'id': 39225, 'rank': 7, 'fitness': 0.9804290676040813, 'generation': 499}","{'id': 39440, 'rank': 8, 'fitness': 0.9804140884675695, 'generation': 499}","{'id': 39453, 'rank': 9, 'fitness': 0.979714987955882, 'generation': 499}","{'id': 39260, 'rank': 10, 'fitness': 0.9791127448872725, 'generation': 499}","{'id': 39186, 'rank': 11, 'fitness': 0.978616114007547, 'generation': 499}","{'id': 39358, 'rank': 12, 'fitness': 0.9783363977098704, 'generation': 499}","{'id': 39270, 'rank': 13, 'fitness': 0.978151684773694, 'generation': 499}","{'id': 39485, 'rank': 14, 'fitness': 0.9776925797986398, 'generation': 499}","{'id': 39465, 'rank': 15, 'fitness': 0.977248315157658, 'generation': 499}","{'id': 39465, 'rank': 16, 'fitness': 0.977248315157658, 'generation': 499}","{'id': 39477, 'rank': 17, 'fitness': 0.9768471083045347, 'generation': 499}","{'id': 39209, 'rank': 18, 'fitness': 0.976379239928181, 'generation': 499}","{'id': 39512, 'rank': 19, 'fitness': 0.9761189072817701, 'generation': 499}","{'id': 39449, 'rank': 20, 'fitness': 0.9759441853321201, 'generation': 499}","{'id': 39513, 'rank': 21, 'fitness': 0.9754998535307843, 'generation': 499}","{'id': 39448, 'rank': 22, 'fitness': 0.9749648033269864, 'generation': 499}","{'id': 39510, 'rank': 23, 'fitness': 0.9744661812689012, 'generation': 499}","{'id': 39479, 'rank': 24, 'fitness': 0.9738751192762476, 'generation': 499}","{'id': 39435, 'rank': 25, 'fitness': 0.972406647536131, 'generation': 499}","{'id': 39450, 'rank': 26, 'fitness': 0.9720416798935014, 'generation': 499}","{'id': 39444, 'rank': 27, 'fitness': 0.9653373563950916, 'generation': 499}","{'id': 39429, 'rank': 28, 'fitness': 0.9603330357670788, 'generation': 499}","{'id': 39501, 'rank': 29, 'fitness': 0.9387294676721555, 'generation': 499}","{'id': 39481, 'rank': 30, 'fitness': 0.01798620996209155, 'generation': 499}"
"{'id': 39225, 'rank': 1, 'fitness': 0.9820137900379085, 'generation': 500}","{'id': 39225, 'rank': 2, 'fitness': 0.9820137900379085, 'generation': 500}","{'id': 39605, 'rank': 3, 'fitness': 0.9810025726562109, 'generation': 500}","{'id': 39541, 'rank': 4, 'fitness': 0.9675430877319493, 'generation': 500}","{'id': 39453, 'rank': 5, 'fitness': 0.9579142052920291, 'generation': 500}","{'id': 39453, 'rank': 6, 'fitness': 0.9579142052920291, 'generation': 500}","{'id': 39600, 'rank': 7, 'fitness': 0.9390955634339053, 'generation': 500}","{'id': 39534, 'rank': 8, 'fitness': 0.8670132711646144, 'generation': 500}","{'id': 39186, 'rank': 9, 'fitness': 0.8624564905001088, 'generation': 500}","{'id': 39573, 'rank': 10, 'fitness': 0.8607496182431393, 'generation': 500}","{'id': 39358, 'rank': 11, 'fitness': 0.8202487210959917, 'generation': 500}","{'id': 39586, 'rank': 12, 'fitness': 0.7927767341708764, 'generation': 500}","{'id': 39574, 'rank': 13, 'fitness': 0.7836231541701965, 'generation': 500}","{'id': 39574, 'rank': 14, 'fitness': 0.7836231541701965, 'generation': 500}","{'id': 39574, 'rank': 15, 'fitness': 0.7836231541701965, 'generation': 500}","{'id': 39521, 'rank': 16, 'fitness': 0.5807747476846163, 'generation': 500}","{'id': 39524, 'rank': 17, 'fitness': 0.540618947117483, 'generation': 500}","{'id': 39539, 'rank': 18, 'fitness': 0.416890432659808, 'generation': 500}","{'id': 39518, 'rank': 19, 'fitness': 0.4158262716798723, 'generation': 500}","{'id': 39522, 'rank': 20, 'fitness': 0.39633515892389465, 'generation': 500}","{'id': 39519, 'rank': 21, 'fitness': 0.3497339225029986, 'generation': 500}","{'id': 39563, 'rank': 22, 'fitness': 0.2393394671124514, 'generation': 500}","{'id': 39601, 'rank': 23, 'fitness': 0.12648801536894644, 'generation': 500}","{'id': 39601, 'rank': 24, 'fitness': 0.12648801536894644, 'generation': 500}","{'id': 39587, 'rank': 25, 'fitness': 0.10611366519555365, 'generation': 500}","{'id': 39510, 'rank': 26, 'fitness': 0.07516528476551204, 'generation': 500}","{'id': 39510, 'rank': 27, 'fitness': 0.07516528476551204, 'generation': 500}","{'id': 39557, 'rank': 28, 'fitness': 0.042466889690759235, 'generation': 500}","{'id': 39561, 'rank': 29, 'fitness': 0.03948108390264632, 'generation': 500}","{'id': 39548, 'rank': 30, 'fitness': 0.01798620996209155, 'generation': 500}"
"{'id': 39225, 'rank': 1, 'fitness': 0.9820137900379085, 'generation': 501}","{'id': 39605, 'rank': 2, 'fitness': 0.9820094442156456, 'generation': 501}","{'id': 39650, 'rank': 3, 'fitness': 0.9819772120518763, 'generation': 501}","{'id': 39541, 'rank': 4, 'fitness': 0.9819665437065183, 'generation': 501}","{'id': 39651, 'rank': 5, 'fitness': 0.9819477283020073, 'generation': 501}","{'id': 39651, 'rank': 6, 'fitness': 0.9819477283020073, 'generation': 501}","{'id': 39600, 'rank': 7, 'fitness': 0.9819149363787564, 'generation': 501}","{'id': 39612, 'rank': 8, 'fitness': 0.9818479352546098, 'generation': 501}","{'id': 39186, 'rank': 9, 'fitness': 0.981844265350768, 'generation': 501}","{'id': 39609, 'rank': 10, 'fitness': 0.9818305751606732, 'generation': 501}","{'id': 39609, 'rank': 11, 'fitness': 0.9818305751606732, 'generation': 501}","{'id': 39586, 'rank': 12, 'fitness': 0.9818053417156813, 'generation': 501}","{'id': 39521, 'rank': 13, 'fitness': 0.9817250634653094, 'generation': 501}","{'id': 39652, 'rank': 14, 'fitness': 0.981717681118904, 'generation': 501}","{'id': 39539, 'rank': 15, 'fitness': 0.9816725976077936, 'generation': 501}","{'id': 39624, 'rank': 16, 'fitness': 0.9816594882236525, 'generation': 501}","{'id': 39563, 'rank': 17, 'fitness': 0.9816072959880683, 'generation': 501}","{'id': 39601, 'rank': 18, 'fitness': 0.9815453394721156, 'generation': 501}","{'id': 39587, 'rank': 19, 'fitness': 0.9815294441429433, 'generation': 501}","{'id': 39510, 'rank': 20, 'fitness': 0.9814990985758073, 'generation': 501}","{'id': 39510, 'rank': 21, 'fitness': 0.9814990985758073, 'generation': 501}","{'id': 39632, 'rank': 22, 'fitness': 0.9814899237117795, 'generation': 501}","{'id': 39632, 'rank': 23, 'fitness': 0.9814899237117795, 'generation': 501}","{'id': 39561, 'rank': 24, 'fitness': 0.9814443707272704, 'generation': 501}","{'id': 39634, 'rank': 25, 'fitness': 0.9813348142292215, 'generation': 501}","{'id': 39640, 'rank': 26, 'fitness': 0.9801812440893712, 'generation': 501}","{'id': 39638, 'rank': 27, 'fitness': 0.9646871327663281, 'generation': 501}","{'id': 39618, 'rank': 28, 'fitness': 0.9578932035681165, 'generation': 501}","{'id': 39630, 'rank': 29, 'fitness': 0.5367858492394532, 'generation': 501}","{'id': 39621, 'rank': 30, 'fitness': 0.01798620996209155, 'generation': 501}"
"{'id': 39732, 'rank': 1, 'fitness': 0.9820137900379085, 'generation': 502}","{'id': 39732, 'rank': 2, 'fitness': 0.9820137900379085, 'generation': 502}","{'id': 39710, 'rank': 3, 'fitness': 0.9748028273124476, 'generation': 502}","{'id': 39710, 'rank': 4, 'fitness': 0.9748028273124476, 'generation': 502}","{'id': 39225, 'rank': 5, 'fitness': 0.9727884543799394, 'generation': 502}","{'id': 39225, 'rank': 6, 'fitness': 0.9727884543799394, 'generation': 502}","{'id': 39735, 'rank': 7, 'fitness': 0.9184911421913018, 'generation': 502}","{'id': 39735, 'rank': 8, 'fitness': 0.9184911421913018, 'generation': 502}","{'id': 39668, 'rank': 9, 'fitness': 0.9000098220510393, 'generation': 502}","{'id': 39612, 'rank': 10, 'fitness': 0.8709441519914753, 'generation': 502}","{'id': 39726, 'rank': 11, 'fitness': 0.8671454553599696, 'generation': 502}","{'id': 39750, 'rank': 12, 'fitness': 0.8670866581772815, 'generation': 502}","{'id': 39724, 'rank': 13, 'fitness': 0.839408078981596, 'generation': 502}","{'id': 39724, 'rank': 14, 'fitness': 0.839408078981596, 'generation': 502}","{'id': 39694, 'rank': 15, 'fitness': 0.8320689490154394, 'generation': 502}","{'id': 39586, 'rank': 16, 'fitness': 0.8151142391463981, 'generation': 502}","{'id': 39690, 'rank': 17, 'fitness': 0.8101311744360087, 'generation': 502}","{'id': 39725, 'rank': 18, 'fitness': 0.7776426989952203, 'generation': 502}","{'id': 39725, 'rank': 19, 'fitness': 0.7776426989952203, 'generation': 502}","{'id': 39725, 'rank': 20, 'fitness': 0.7776426989952203, 'generation': 502}","{'id': 39738, 'rank': 21, 'fitness': 0.5561058559299669, 'generation': 502}","{'id': 39539, 'rank': 22, 'fitness': 0.5406593382317652, 'generation': 502}","{'id': 39722, 'rank': 23, 'fitness': 0.5104440166692427, 'generation': 502}","{'id': 39563, 'rank': 24, 'fitness': 0.3814945827528481, 'generation': 502}","{'id': 39674, 'rank': 25, 'fitness': 0.2029717220122571, 'generation': 502}","{'id': 39684, 'rank': 26, 'fitness': 0.19088299155105737, 'generation': 502}","{'id': 39733, 'rank': 27, 'fitness': 0.16399025675295398, 'generation': 502}","{'id': 39632, 'rank': 28, 'fitness': 0.16259393413266265, 'generation': 502}","{'id': 39748, 'rank': 29, 'fitness': 0.04492609798654679, 'generation': 502}","{'id': 39677, 'rank': 30, 'fitness': 0.01798620996209155, 'generation': 502}"
"{'id': 39710, 'rank': 1, 'fitness': 0.9820137900379085, 'generation': 503}","{'id': 39225, 'rank': 2, 'fitness': 0.98199548077749, 'generation': 503}","{'id': 39225, 'rank': 3, 'fitness': 0.98199548077749, 'generation': 503}","{'id': 39793, 'rank': 4, 'fitness': 0.98197107785903, 'generation': 503}","{'id': 39797, 'rank': 5, 'fitness': 0.9818075902771503, 'generation': 503}","{'id': 39797, 'rank': 6, 'fitness': 0.9818075902771503, 'generation': 503}","{'id': 39809, 'rank': 7, 'fitness': 0.9817974213869046, 'generation': 503}","{'id': 39780, 'rank': 8, 'fitness': 0.9816422157478893, 'generation': 503}","{'id': 39781, 'rank': 9, 'fitness': 0.9816075596429574, 'generation': 503}","{'id': 39756, 'rank': 10, 'fitness': 0.981547296108624, 'generation': 503}","{'id': 39724, 'rank': 11, 'fitness': 0.9815440615147137, 'generation': 503}","{'id': 39724, 'rank': 12, 'fitness': 0.9815440615147137, 'generation': 503}","{'id': 39724, 'rank': 13, 'fitness': 0.9815440615147137, 'generation': 503}","{'id': 39725, 'rank': 14, 'fitness': 0.9814483197763336, 'generation': 503}","{'id': 39722, 'rank': 15, 'fitness': 0.9811570331747066, 'generation': 503}","{'id': 39722, 'rank': 16, 'fitness': 0.9811570331747066, 'generation': 503}","{'id': 39748, 'rank': 17, 'fitness': 0.9803906364113177, 'generation': 503}","{'id': 39806, 'rank': 18, 'fitness': 0.9769284028350009, 'generation': 503}","{'id': 39753, 'rank': 19, 'fitness': 0.9717011617612641, 'generation': 503}","{'id': 39796, 'rank': 20, 'fitness': 0.9678171502200414, 'generation': 503}","{'id': 39794, 'rank': 21, 'fitness': 0.9658474637862042, 'generation': 503}","{'id': 39786, 'rank': 22, 'fitness': 0.961623243455342, 'generation': 503}","{'id': 39765, 'rank': 23, 'fitness': 0.9546100015157111, 'generation': 503}","{'id': 39763, 'rank': 24, 'fitness': 0.9475308461957227, 'generation': 503}","{'id': 39763, 'rank': 25, 'fitness': 0.9475308461957227, 'generation': 503}","{'id': 39774, 'rank': 26, 'fitness': 0.9399088416815637, 'generation': 503}","{'id': 39775, 'rank': 27, 'fitness': 0.9223083344669337, 'generation': 503}","{'id': 39818, 'rank': 28, 'fitness': 0.9207494381278662, 'generation': 503}","{'id': 39802, 'rank': 29, 'fitness': 0.9129405845312322, 'generation': 503}","{'id': 39769, 'rank': 30, 'fitness': 0.01798620996209155, 'generation': 503}"
"{'id': 39871, 'rank': 1, 'fitness': 0.9820137900379085, 'generation': 504}","{'id': 39891, 'rank': 2, 'fitness': 0.981906384600127, 'generation': 504}","{'id': 39710, 'rank': 3, 'fitness': 0.9816925749782182, 'generation': 504}","{'id': 39710, 'rank': 4, 'fitness': 0.9816925749782182, 'generation': 504}","{'id': 39225, 'rank': 5, 'fitness': 0.9816189136364808, 'generation': 504}","{'id': 39902, 'rank': 6, 'fitness': 0.980864064269958, 'generation': 504}","{'id': 39902, 'rank': 7, 'fitness': 0.980864064269958, 'generation': 504}","{'id': 39809, 'rank': 8, 'fitness': 0.9808081447076435, 'generation': 504}","{'id': 39861, 'rank': 9, 'fitness': 0.9805262218609514, 'generation': 504}","{'id': 39861, 'rank': 10, 'fitness': 0.9805262218609514, 'generation': 504}","{'id': 39861, 'rank': 11, 'fitness': 0.9805262218609514, 'generation': 504}","{'id': 39829, 'rank': 12, 'fitness': 0.9805250097857844, 'generation': 504}","{'id': 39829, 'rank': 13, 'fitness': 0.9805250097857844, 'generation': 504}","{'id': 39847, 'rank': 14, 'fitness': 0.9799128407887754, 'generation': 504}","{'id': 39828, 'rank': 15, 'fitness': 0.9791144505925465, 'generation': 504}","{'id': 39840, 'rank': 16, 'fitness': 0.9789868859056043, 'generation': 504}","{'id': 39875, 'rank': 17, 'fitness': 0.9784498970786915, 'generation': 504}","{'id': 39877, 'rank': 18, 'fitness': 0.9783667382381737, 'generation': 504}","{'id': 39877, 'rank': 19, 'fitness': 0.9783667382381737, 'generation': 504}","{'id': 39877, 'rank': 20, 'fitness': 0.9783667382381737, 'generation': 504}","{'id': 39904, 'rank': 21, 'fitness': 0.9782219462616468, 'generation': 504}","{'id': 39839, 'rank': 22, 'fitness': 0.9781510858945793, 'generation': 504}","{'id': 39838, 'rank': 23, 'fitness': 0.9780141392316019, 'generation': 504}","{'id': 39878, 'rank': 24, 'fitness': 0.9772583399696526, 'generation': 504}","{'id': 39898, 'rank': 25, 'fitness': 0.9073219827978729, 'generation': 504}","{'id': 39889, 'rank': 26, 'fitness': 0.8432283011840972, 'generation': 504}","{'id': 39796, 'rank': 27, 'fitness': 0.8358108532905284, 'generation': 504}","{'id': 39852, 'rank': 28, 'fitness': 0.18342028325584225, 'generation': 504}","{'id': 39864, 'rank': 29, 'fitness': 0.09171327949270314, 'generation': 504}","{'id': 39836, 'rank': 30, 'fitness': 0.01798620996209155, 'generation': 504}"
"{'id': 39950, 'rank': 1, 'fitness': 0.9820137900379085, 'generation': 505}","{'id': 39871, 'rank': 2, 'fitness': 0.9802642960473, 'generation': 505}","{'id': 39871, 'rank': 3, 'fitness': 0.9802642960473, 'generation': 505}","{'id': 39912, 'rank': 4, 'fitness': 0.9798438449436369, 'generation': 505}","{'id': 39710, 'rank': 5, 'fitness': 0.9797972599289788, 'generation': 505}","{'id': 39710, 'rank': 6, 'fitness': 0.9797972599289788, 'generation': 505}","{'id': 39962, 'rank': 7, 'fitness': 0.9788492832999988, 'generation': 505}","{'id': 39962, 'rank': 8, 'fitness': 0.9788492832999988, 'generation': 505}","{'id': 39902, 'rank': 9, 'fitness': 0.9785808588177969, 'generation': 505}","{'id': 39956, 'rank': 10, 'fitness': 0.9782084683987178, 'generation': 505}","{'id': 39861, 'rank': 11, 'fitness': 0.9780800757475131, 'generation': 505}","{'id': 39861, 'rank': 12, 'fitness': 0.9780800757475131, 'generation': 505}","{'id': 39911, 'rank': 13, 'fitness': 0.9777749585874741, 'generation': 505}","{'id': 39911, 'rank': 14, 'fitness': 0.9777749585874741, 'generation': 505}","{'id': 39939, 'rank': 15, 'fitness': 0.9776006675135835, 'generation': 505}","{'id': 39847, 'rank': 16, 'fitness': 0.9771639690418897, 'generation': 505}","{'id': 39909, 'rank': 17, 'fitness': 0.9768029281585304, 'generation': 505}","{'id': 39909, 'rank': 18, 'fitness': 0.9768029281585304, 'generation': 505}","{'id': 39918, 'rank': 19, 'fitness': 0.9765649658019173, 'generation': 505}","{'id': 39958, 'rank': 20, 'fitness': 0.9763981845342214, 'generation': 505}","{'id': 39913, 'rank': 21, 'fitness': 0.976209095216229, 'generation': 505}","{'id': 39951, 'rank': 22, 'fitness': 0.9760316554822364, 'generation': 505}","{'id': 39828, 'rank': 23, 'fitness': 0.9759585355292593, 'generation': 505}","{'id': 39840, 'rank': 24, 'fitness': 0.9757645986305284, 'generation': 505}","{'id': 39954, 'rank': 25, 'fitness': 0.9754031764477525, 'generation': 505}","{'id': 39922, 'rank': 26, 'fitness': 0.9749633033328597, 'generation': 505}","{'id': 39877, 'rank': 27, 'fitness': 0.9748166462108658, 'generation': 505}","{'id': 39971, 'rank': 28, 'fitness': 0.9710140524194499, 'generation': 505}","{'id': 39930, 'rank': 29, 'fitness': 0.9687362523450704, 'generation': 505}","{'id': 39976, 'rank': 30, 'fitness': 0.01798620996209155, 'generation': 505}"
"{'id': 40052, 'rank': 1, 'fitness': 0.9820137900379085, 'generation': 506}","{'id': 40011, 'rank': 2, 'fitness': 0.9803692049505934, 'generation': 506}","{'id': 39993, 'rank': 3, 'fitness': 0.9794047179083075, 'generation': 506}","{'id': 39993, 'rank': 4, 'fitness': 0.9794047179083075, 'generation': 506}","{'id': 39993, 'rank': 5, 'fitness': 0.9794047179083075, 'generation': 506}","{'id': 39871, 'rank': 6, 'fitness': 0.9762514213367622, 'generation': 506}","{'id': 39994, 'rank': 7, 'fitness': 0.9719483087350325, 'generation': 506}","{'id': 39912, 'rank': 8, 'fitness': 0.9699437619990336, 'generation': 506}","{'id': 39912, 'rank': 9, 'fitness': 0.9699437619990336, 'generation': 506}","{'id': 39710, 'rank': 10, 'fitness': 0.9691611754437633, 'generation': 506}","{'id': 40047, 'rank': 11, 'fitness': 0.9634189669395055, 'generation': 506}","{'id': 40071, 'rank': 12, 'fitness': 0.942399365698337, 'generation': 506}","{'id': 39902, 'rank': 13, 'fitness': 0.9413536046292581, 'generation': 506}","{'id': 39861, 'rank': 14, 'fitness': 0.9248385341751721, 'generation': 506}","{'id': 40020, 'rank': 15, 'fitness': 0.9204264296404983, 'generation': 506}","{'id': 40031, 'rank': 16, 'fitness': 0.9078907680931945, 'generation': 506}","{'id': 39939, 'rank': 17, 'fitness': 0.9055967334815969, 'generation': 506}","{'id': 40053, 'rank': 18, 'fitness': 0.8953379036452013, 'generation': 506}","{'id': 39847, 'rank': 19, 'fitness': 0.8848035199836073, 'generation': 506}","{'id': 40064, 'rank': 20, 'fitness': 0.8746585222831061, 'generation': 506}","{'id': 40064, 'rank': 21, 'fitness': 0.8746585222831061, 'generation': 506}","{'id': 40064, 'rank': 22, 'fitness': 0.8746585222831061, 'generation': 506}","{'id': 40060, 'rank': 23, 'fitness': 0.8280761216737356, 'generation': 506}","{'id': 39828, 'rank': 24, 'fitness': 0.8093841406676974, 'generation': 506}","{'id': 40058, 'rank': 25, 'fitness': 0.7882072161143725, 'generation': 506}","{'id': 40027, 'rank': 26, 'fitness': 0.7614705309024135, 'generation': 506}","{'id': 39877, 'rank': 27, 'fitness': 0.7131428616008972, 'generation': 506}","{'id': 40042, 'rank': 28, 'fitness': 0.48419780638187404, 'generation': 506}","{'id': 39989, 'rank': 29, 'fitness': 0.36018102288730525, 'generation': 506}","{'id': 40008, 'rank': 30, 'fitness': 0.01798620996209155, 'generation': 506}"
"{'id': 40011, 'rank': 1, 'fitness': 0.9820137900379085, 'generation': 507}","{'id': 40011, 'rank': 2, 'fitness': 0.9820137900379085, 'generation': 507}","{'id': 39993, 'rank': 3, 'fitness': 0.981922538871546, 'generation': 507}","{'id': 39993, 'rank': 4, 'fitness': 0.981922538871546, 'generation': 507}","{'id': 39871, 'rank': 5, 'fitness': 0.9816482411043999, 'generation': 507}","{'id': 40140, 'rank': 6, 'fitness': 0.9816333335933398, 'generation': 507}","{'id': 40047, 'rank': 7, 'fitness': 0.9807843851407132, 'generation': 507}","{'id': 40097, 'rank': 8, 'fitness': 0.980167523359341, 'generation': 507}","{'id': 40097, 'rank': 9, 'fitness': 0.980167523359341, 'generation': 507}","{'id': 39902, 'rank': 10, 'fitness': 0.979776804383806, 'generation': 507}","{'id': 39902, 'rank': 11, 'fitness': 0.979776804383806, 'generation': 507}","{'id': 39902, 'rank': 12, 'fitness': 0.979776804383806, 'generation': 507}","{'id': 40020, 'rank': 13, 'fitness': 0.9790818559404916, 'generation': 507}","{'id': 39847, 'rank': 14, 'fitness': 0.978180508070507, 'generation': 507}","{'id': 39847, 'rank': 15, 'fitness': 0.978180508070507, 'generation': 507}","{'id': 40127, 'rank': 16, 'fitness': 0.9779906579961986, 'generation': 507}","{'id': 40127, 'rank': 17, 'fitness': 0.9779906579961986, 'generation': 507}","{'id': 40064, 'rank': 18, 'fitness': 0.9779638793388366, 'generation': 507}","{'id': 39877, 'rank': 19, 'fitness': 0.9754963166619678, 'generation': 507}","{'id': 40096, 'rank': 20, 'fitness': 0.9747281777255226, 'generation': 507}","{'id': 40147, 'rank': 21, 'fitness': 0.9715252579809237, 'generation': 507}","{'id': 40136, 'rank': 22, 'fitness': 0.9680426080954088, 'generation': 507}","{'id': 40104, 'rank': 23, 'fitness': 0.928928573572503, 'generation': 507}","{'id': 40112, 'rank': 24, 'fitness': 0.9284341643709142, 'generation': 507}","{'id': 40112, 'rank': 25, 'fitness': 0.9284341643709142, 'generation': 507}","{'id': 40082, 'rank': 26, 'fitness': 0.8226092007232151, 'generation': 507}","{'id': 40117, 'rank': 27, 'fitness': 0.8190172000618383, 'generation': 507}","{'id': 40135, 'rank': 28, 'fitness': 0.709284346380204, 'generation': 507}","{'id': 40123, 'rank': 29, 'fitness': 0.01798620996209155, 'generation': 507}","{'id': 40123, 'rank': 30, 'fitness': 0.01798620996209155, 'generation': 507}"
"{'id': 40011, 'rank': 1, 'fitness': 0.9820137900379085, 'generation': 508}","{'id': 40011, 'rank': 2, 'fitness': 0.9820137900379085, 'generation': 508}","{'id': 40140, 'rank': 3, 'fitness': 0.981018471497765, 'generation': 508}","{'id': 40140, 'rank': 4, 'fitness': 0.981018471497765, 'generation': 508}","{'id': 40211, 'rank': 5, 'fitness': 0.9801874079517958, 'generation': 508}","{'id': 40178, 'rank': 6, 'fitness': 0.9792459911658443, 'generation': 508}","{'id': 40185, 'rank': 7, 'fitness': 0.9780052598767706, 'generation': 508}","{'id': 40158, 'rank': 8, 'fitness': 0.9772255603810547, 'generation': 508}","{'id': 40184, 'rank': 9, 'fitness': 0.9765878495604197, 'generation': 508}","{'id': 40171, 'rank': 10, 'fitness': 0.9760617775800213, 'generation': 508}","{'id': 40171, 'rank': 11, 'fitness': 0.9760617775800213, 'generation': 508}","{'id': 40216, 'rank': 12, 'fitness': 0.9760557161060086, 'generation': 508}","{'id': 39902, 'rank': 13, 'fitness': 0.9756934240173336, 'generation': 508}","{'id': 40213, 'rank': 14, 'fitness': 0.9743399967883783, 'generation': 508}","{'id': 40020, 'rank': 15, 'fitness': 0.9734963258471845, 'generation': 508}","{'id': 40165, 'rank': 16, 'fitness': 0.9726918975706518, 'generation': 508}","{'id': 40165, 'rank': 17, 'fitness': 0.9726918975706518, 'generation': 508}","{'id': 40180, 'rank': 18, 'fitness': 0.9715935236014093, 'generation': 508}","{'id': 40156, 'rank': 19, 'fitness': 0.97150543846123, 'generation': 508}","{'id': 40215, 'rank': 20, 'fitness': 0.9711200941885398, 'generation': 508}","{'id': 39847, 'rank': 21, 'fitness': 0.9704780365245138, 'generation': 508}","{'id': 40127, 'rank': 22, 'fitness': 0.9698178014981436, 'generation': 508}","{'id': 40155, 'rank': 23, 'fitness': 0.9629589399570297, 'generation': 508}","{'id': 40163, 'rank': 24, 'fitness': 0.9597847690874947, 'generation': 508}","{'id': 40208, 'rank': 25, 'fitness': 0.9563846128974965, 'generation': 508}","{'id': 40206, 'rank': 26, 'fitness': 0.9475252549369504, 'generation': 508}","{'id': 40161, 'rank': 27, 'fitness': 0.865866431307056, 'generation': 508}","{'id': 40104, 'rank': 28, 'fitness': 0.579366583738189, 'generation': 508}","{'id': 40082, 'rank': 29, 'fitness': 0.08730580996157522, 'generation': 508}","{'id': 40135, 'rank': 30, 'fitness': 0.01798620996209155, 'generation': 508}"
"{'id': 40266, 'rank': 1, 'fitness': 0.9820137900379085, 'generation': 509}","{'id': 40011, 'rank': 2, 'fitness': 0.9781580136082398, 'generation': 509}","{'id': 40140, 'rank': 3, 'fitness': 0.9734371488044035, 'generation': 509}","{'id': 40260, 'rank': 4, 'fitness': 0.971249808992708, 'generation': 509}","{'id': 40270, 'rank': 5, 'fitness': 0.9709336087016388, 'generation': 509}","{'id': 40219, 'rank': 6, 'fitness': 0.9696042662595024, 'generation': 509}","{'id': 40264, 'rank': 7, 'fitness': 0.955448931156031, 'generation': 509}","{'id': 40185, 'rank': 8, 'fitness': 0.9548557836068173, 'generation': 509}","{'id': 40171, 'rank': 9, 'fitness': 0.9390621758543012, 'generation': 509}","{'id': 40286, 'rank': 10, 'fitness': 0.9270862281175173, 'generation': 509}","{'id': 40225, 'rank': 11, 'fitness': 0.9163067591782437, 'generation': 509}","{'id': 40285, 'rank': 12, 'fitness': 0.9036318007709594, 'generation': 509}","{'id': 40180, 'rank': 13, 'fitness': 0.8902112074781456, 'generation': 509}","{'id': 40180, 'rank': 14, 'fitness': 0.8902112074781456, 'generation': 509}","{'id': 40215, 'rank': 15, 'fitness': 0.8839850934994864, 'generation': 509}","{'id': 40255, 'rank': 16, 'fitness': 0.879571522170783, 'generation': 509}","{'id': 40268, 'rank': 17, 'fitness': 0.8257425064602495, 'generation': 509}","{'id': 40268, 'rank': 18, 'fitness': 0.8257425064602495, 'generation': 509}","{'id': 40283, 'rank': 19, 'fitness': 0.7566868986820392, 'generation': 509}","{'id': 40252, 'rank': 20, 'fitness': 0.7191821829944829, 'generation': 509}","{'id': 40273, 'rank': 21, 'fitness': 0.6536605269693152, 'generation': 509}","{'id': 40250, 'rank': 22, 'fitness': 0.5742492661118512, 'generation': 509}","{'id': 40230, 'rank': 23, 'fitness': 0.5238400971871668, 'generation': 509}","{'id': 40278, 'rank': 24, 'fitness': 0.4983808386011406, 'generation': 509}","{'id': 40262, 'rank': 25, 'fitness': 0.46842602348145457, 'generation': 509}","{'id': 40276, 'rank': 26, 'fitness': 0.4463651382817494, 'generation': 509}","{'id': 40206, 'rank': 27, 'fitness': 0.43996135121892044, 'generation': 509}","{'id': 40256, 'rank': 28, 'fitness': 0.161020944843825, 'generation': 509}","{'id': 40289, 'rank': 29, 'fitness': 0.13353076963564187, 'generation': 509}","{'id': 40161, 'rank': 30, 'fitness': 0.01798620996209155, 'generation': 509}"
"{'id': 40352, 'rank': 1, 'fitness': 0.9820137900379085, 'generation': 510}","{'id': 40352, 'rank': 2, 'fitness': 0.9820137900379085, 'generation': 510}","{'id': 40266, 'rank': 3, 'fitness': 0.9808635440416031, 'generation': 510}","{'id': 40140, 'rank': 4, 'fitness': 0.9799997398105715, 'generation': 510}","{'id': 40316, 'rank': 5, 'fitness': 0.9783349440103629, 'generation': 510}","{'id': 40171, 'rank': 6, 'fitness': 0.9779890619861096, 'generation': 510}","{'id': 40286, 'rank': 7, 'fitness': 0.9775167158202714, 'generation': 510}","{'id': 40225, 'rank': 8, 'fitness': 0.9771423972327488, 'generation': 510}","{'id': 40225, 'rank': 9, 'fitness': 0.9771423972327488, 'generation': 510}","{'id': 40315, 'rank': 10, 'fitness': 0.9763314816911579, 'generation': 510}","{'id': 40319, 'rank': 11, 'fitness': 0.9762003443327365, 'generation': 510}","{'id': 40268, 'rank': 12, 'fitness': 0.9749315930102722, 'generation': 510}","{'id': 40252, 'rank': 13, 'fitness': 0.973175687867826, 'generation': 510}","{'id': 40273, 'rank': 14, 'fitness': 0.9722608405321078, 'generation': 510}","{'id': 40330, 'rank': 15, 'fitness': 0.9709097385413301, 'generation': 510}","{'id': 40330, 'rank': 16, 'fitness': 0.9709097385413301, 'generation': 510}","{'id': 40339, 'rank': 17, 'fitness': 0.9695976027669403, 'generation': 510}","{'id': 40276, 'rank': 18, 'fitness': 0.9695489508236181, 'generation': 510}","{'id': 40206, 'rank': 19, 'fitness': 0.9694622926961616, 'generation': 510}","{'id': 40293, 'rank': 20, 'fitness': 0.9689203125319266, 'generation': 510}","{'id': 40298, 'rank': 21, 'fitness': 0.9655405427931879, 'generation': 510}","{'id': 40312, 'rank': 22, 'fitness': 0.9323726441102909, 'generation': 510}","{'id': 40313, 'rank': 23, 'fitness': 0.9095585340982331, 'generation': 510}","{'id': 40361, 'rank': 24, 'fitness': 0.7625935233602701, 'generation': 510}","{'id': 40344, 'rank': 25, 'fitness': 0.5911435312778052, 'generation': 510}","{'id': 40302, 'rank': 26, 'fitness': 0.5420879754925072, 'generation': 510}","{'id': 40323, 'rank': 27, 'fitness': 0.3908640257773269, 'generation': 510}","{'id': 40301, 'rank': 28, 'fitness': 0.20777110533847315, 'generation': 510}","{'id': 40359, 'rank': 29, 'fitness': 0.18075638343209888, 'generation': 510}","{'id': 40358, 'rank': 30, 'fitness': 0.01798620996209155, 'generation': 510}"
"{'id': 40352, 'rank': 1, 'fitness': 0.9820137900379085, 'generation': 511}","{'id': 40352, 'rank': 2, 'fitness': 0.9820137900379085, 'generation': 511}","{'id': 40352, 'rank': 3, 'fitness': 0.9820137900379085, 'generation': 511}","{'id': 40410, 'rank': 4, 'fitness': 0.9819355828235801, 'generation': 511}","{'id': 40409, 'rank': 5, 'fitness': 0.9816728965517512, 'generation': 511}","{'id': 40409, 'rank': 6, 'fitness': 0.9816728965517512, 'generation': 511}","{'id': 40266, 'rank': 7, 'fitness': 0.9816610058921845, 'generation': 511}","{'id': 40415, 'rank': 8, 'fitness': 0.9812635416797373, 'generation': 511}","{'id': 40384, 'rank': 9, 'fitness': 0.9811210345783355, 'generation': 511}","{'id': 40316, 'rank': 10, 'fitness': 0.9809328224019258, 'generation': 511}","{'id': 40379, 'rank': 11, 'fitness': 0.98079918193739, 'generation': 511}","{'id': 40225, 'rank': 12, 'fitness': 0.9806091034280774, 'generation': 511}","{'id': 40225, 'rank': 13, 'fitness': 0.9806091034280774, 'generation': 511}","{'id': 40438, 'rank': 14, 'fitness': 0.9805768705977121, 'generation': 511}","{'id': 40378, 'rank': 15, 'fitness': 0.9804584633236298, 'generation': 511}","{'id': 40447, 'rank': 16, 'fitness': 0.9802759711728655, 'generation': 511}","{'id': 40393, 'rank': 17, 'fitness': 0.9801044836920612, 'generation': 511}","{'id': 40393, 'rank': 18, 'fitness': 0.9801044836920612, 'generation': 511}","{'id': 40268, 'rank': 19, 'fitness': 0.9800376462576204, 'generation': 511}","{'id': 40268, 'rank': 20, 'fitness': 0.9800376462576204, 'generation': 511}","{'id': 40445, 'rank': 21, 'fitness': 0.9797168114232258, 'generation': 511}","{'id': 40446, 'rank': 22, 'fitness': 0.9793192133728423, 'generation': 511}","{'id': 40276, 'rank': 23, 'fitness': 0.9787742002629937, 'generation': 511}","{'id': 40276, 'rank': 24, 'fitness': 0.9787742002629937, 'generation': 511}","{'id': 40428, 'rank': 25, 'fitness': 0.9776075778048064, 'generation': 511}","{'id': 40418, 'rank': 26, 'fitness': 0.9769254405370497, 'generation': 511}","{'id': 40389, 'rank': 27, 'fitness': 0.976548021250933, 'generation': 511}","{'id': 40344, 'rank': 28, 'fitness': 0.9459664167194363, 'generation': 511}","{'id': 40364, 'rank': 29, 'fitness': 0.9423792934824318, 'generation': 511}","{'id': 40368, 'rank': 30, 'fitness': 0.01798620996209155, 'generation': 511}"
"{'id': 40479, 'rank': 1, 'fitness': 0.9820137900379085, 'generation': 512}","{'id': 40352, 'rank': 2, 'fitness': 0.9778338776235131, 'generation': 512}","{'id': 40410, 'rank': 3, 'fitness': 0.9753210037789185, 'generation': 512}","{'id': 40410, 'rank': 4, 'fitness': 0.9753210037789185, 'generation': 512}","{'id': 40513, 'rank': 5, 'fitness': 0.9657476027460898, 'generation': 512}","{'id': 40521, 'rank': 6, 'fitness': 0.9588993307327038, 'generation': 512}","{'id': 40531, 'rank': 7, 'fitness': 0.9563691900893976, 'generation': 512}","{'id': 40531, 'rank': 8, 'fitness': 0.9563691900893976, 'generation': 512}","{'id': 40523, 'rank': 9, 'fitness': 0.9560479339045659, 'generation': 512}","{'id': 40512, 'rank': 10, 'fitness': 0.9285739932872832, 'generation': 512}","{'id': 40503, 'rank': 11, 'fitness': 0.9234871682692674, 'generation': 512}","{'id': 40524, 'rank': 12, 'fitness': 0.907511586473257, 'generation': 512}","{'id': 40473, 'rank': 13, 'fitness': 0.9016530962982088, 'generation': 512}","{'id': 40473, 'rank': 14, 'fitness': 0.9016530962982088, 'generation': 512}","{'id': 40499, 'rank': 15, 'fitness': 0.900445567938011, 'generation': 512}","{'id': 40514, 'rank': 16, 'fitness': 0.9003412389478731, 'generation': 512}","{'id': 40516, 'rank': 17, 'fitness': 0.8711265750671804, 'generation': 512}","{'id': 40454, 'rank': 18, 'fitness': 0.8686488796236072, 'generation': 512}","{'id': 40517, 'rank': 19, 'fitness': 0.8635341732520553, 'generation': 512}","{'id': 40498, 'rank': 20, 'fitness': 0.817726227187254, 'generation': 512}","{'id': 40268, 'rank': 21, 'fitness': 0.7581110910758232, 'generation': 512}","{'id': 40268, 'rank': 22, 'fitness': 0.7581110910758232, 'generation': 512}","{'id': 40490, 'rank': 23, 'fitness': 0.7159399082454173, 'generation': 512}","{'id': 40488, 'rank': 24, 'fitness': 0.7039409293485176, 'generation': 512}","{'id': 40488, 'rank': 25, 'fitness': 0.7039409293485176, 'generation': 512}","{'id': 40488, 'rank': 26, 'fitness': 0.7039409293485176, 'generation': 512}","{'id': 40505, 'rank': 27, 'fitness': 0.6927738468577582, 'generation': 512}","{'id': 40457, 'rank': 28, 'fitness': 0.44325879991919237, 'generation': 512}","{'id': 40458, 'rank': 29, 'fitness': 0.27801004760620085, 'generation': 512}","{'id': 40470, 'rank': 30, 'fitness': 0.01798620996209155, 'generation': 512}"
"{'id': 40479, 'rank': 1, 'fitness': 0.9820137900379085, 'generation': 513}","{'id': 40548, 'rank': 2, 'fitness': 0.9819141466607588, 'generation': 513}","{'id': 40548, 'rank': 3, 'fitness': 0.9819141466607588, 'generation': 513}","{'id': 40549, 'rank': 4, 'fitness': 0.9816822484007, 'generation': 513}","{'id': 40521, 'rank': 5, 'fitness': 0.9812518920102995, 'generation': 513}","{'id': 40567, 'rank': 6, 'fitness': 0.9812293500863494, 'generation': 513}","{'id': 40531, 'rank': 7, 'fitness': 0.9811947617362268, 'generation': 513}","{'id': 40600, 'rank': 8, 'fitness': 0.9811854223219307, 'generation': 513}","{'id': 40553, 'rank': 9, 'fitness': 0.9811628846414369, 'generation': 513}","{'id': 40524, 'rank': 10, 'fitness': 0.9804432129176297, 'generation': 513}","{'id': 40514, 'rank': 11, 'fitness': 0.9803643289322803, 'generation': 513}","{'id': 40586, 'rank': 12, 'fitness': 0.97999249327648, 'generation': 513}","{'id': 40552, 'rank': 13, 'fitness': 0.9791635604313852, 'generation': 513}","{'id': 40490, 'rank': 14, 'fitness': 0.9791047874644013, 'generation': 513}","{'id': 40488, 'rank': 15, 'fitness': 0.9790454420429795, 'generation': 513}","{'id': 40488, 'rank': 16, 'fitness': 0.9790454420429795, 'generation': 513}","{'id': 40505, 'rank': 17, 'fitness': 0.978991308966099, 'generation': 513}","{'id': 40555, 'rank': 18, 'fitness': 0.9785068339251153, 'generation': 513}","{'id': 40566, 'rank': 19, 'fitness': 0.9784790645329048, 'generation': 513}","{'id': 40534, 'rank': 20, 'fitness': 0.9771695866923946, 'generation': 513}","{'id': 40544, 'rank': 21, 'fitness': 0.9760580363267337, 'generation': 513}","{'id': 40470, 'rank': 22, 'fitness': 0.9734634184119362, 'generation': 513}","{'id': 40579, 'rank': 23, 'fitness': 0.9658665691088558, 'generation': 513}","{'id': 40573, 'rank': 24, 'fitness': 0.9614005316905155, 'generation': 513}","{'id': 40573, 'rank': 25, 'fitness': 0.9614005316905155, 'generation': 513}","{'id': 40576, 'rank': 26, 'fitness': 0.9585102548281705, 'generation': 513}","{'id': 40598, 'rank': 27, 'fitness': 0.9568333326759801, 'generation': 513}","{'id': 40537, 'rank': 28, 'fitness': 0.8965873597984475, 'generation': 513}","{'id': 40605, 'rank': 29, 'fitness': 0.018701154154495414, 'generation': 513}","{'id': 40603, 'rank': 30, 'fitness': 0.01798620996209155, 'generation': 513}"
"{'id': 40687, 'rank': 1, 'fitness': 0.9820137900379085, 'generation': 514}","{'id': 40479, 'rank': 2, 'fitness': 0.9813292337722574, 'generation': 514}","{'id': 40479, 'rank': 3, 'fitness': 0.9813292337722574, 'generation': 514}","{'id': 40548, 'rank': 4, 'fitness': 0.9806340581137329, 'generation': 514}","{'id': 40548, 'rank': 5, 'fitness': 0.9806340581137329, 'generation': 514}","{'id': 40548, 'rank': 6, 'fitness': 0.9806340581137329, 'generation': 514}","{'id': 40680, 'rank': 7, 'fitness': 0.9794597884703866, 'generation': 514}","{'id': 40549, 'rank': 8, 'fitness': 0.9789324820251076, 'generation': 514}","{'id': 40690, 'rank': 9, 'fitness': 0.9781398898475586, 'generation': 514}","{'id': 40679, 'rank': 10, 'fitness': 0.9747179445856984, 'generation': 514}","{'id': 40679, 'rank': 11, 'fitness': 0.9747179445856984, 'generation': 514}","{'id': 40612, 'rank': 12, 'fitness': 0.9745129401873619, 'generation': 514}","{'id': 40654, 'rank': 13, 'fitness': 0.9742361674482471, 'generation': 514}","{'id': 40696, 'rank': 14, 'fitness': 0.9707548148218335, 'generation': 514}","{'id': 40524, 'rank': 15, 'fitness': 0.967605552795006, 'generation': 514}","{'id': 40626, 'rank': 16, 'fitness': 0.9619648942678277, 'generation': 514}","{'id': 40626, 'rank': 17, 'fitness': 0.9619648942678277, 'generation': 514}","{'id': 40684, 'rank': 18, 'fitness': 0.9610896738801938, 'generation': 514}","{'id': 40684, 'rank': 19, 'fitness': 0.9610896738801938, 'generation': 514}","{'id': 40683, 'rank': 20, 'fitness': 0.9565089300818889, 'generation': 514}","{'id': 40490, 'rank': 21, 'fitness': 0.9502313974118022, 'generation': 514}","{'id': 40627, 'rank': 22, 'fitness': 0.9500507822987688, 'generation': 514}","{'id': 40488, 'rank': 23, 'fitness': 0.9493161406243551, 'generation': 514}","{'id': 40488, 'rank': 24, 'fitness': 0.9493161406243551, 'generation': 514}","{'id': 40638, 'rank': 25, 'fitness': 0.9327654702680528, 'generation': 514}","{'id': 40617, 'rank': 26, 'fitness': 0.9182445008029756, 'generation': 514}","{'id': 40635, 'rank': 27, 'fitness': 0.6861052678847894, 'generation': 514}","{'id': 40573, 'rank': 28, 'fitness': 0.22503193918801928, 'generation': 514}","{'id': 40693, 'rank': 29, 'fitness': 0.05967424402239335, 'generation': 514}","{'id': 40644, 'rank': 30, 'fitness': 0.01798620996209155, 'generation': 514}"
"{'id': 40725, 'rank': 1, 'fitness': 0.9820137900379085, 'generation': 515}","{'id': 40725, 'rank': 2, 'fitness': 0.9820137900379085, 'generation': 515}","{'id': 40687, 'rank': 3, 'fitness': 0.9792340699464621, 'generation': 515}","{'id': 40479, 'rank': 4, 'fitness': 0.9777926935655148, 'generation': 515}","{'id': 40548, 'rank': 5, 'fitness': 0.976286489411774, 'generation': 515}","{'id': 40548, 'rank': 6, 'fitness': 0.976286489411774, 'generation': 515}","{'id': 40690, 'rank': 7, 'fitness': 0.9705386606864144, 'generation': 515}","{'id': 40679, 'rank': 8, 'fitness': 0.9618135397938647, 'generation': 515}","{'id': 40612, 'rank': 9, 'fitness': 0.961261212361801, 'generation': 515}","{'id': 40654, 'rank': 10, 'fitness': 0.9605103509569314, 'generation': 515}","{'id': 40740, 'rank': 11, 'fitness': 0.9581106671395467, 'generation': 515}","{'id': 40739, 'rank': 12, 'fitness': 0.9548131532480992, 'generation': 515}","{'id': 40751, 'rank': 13, 'fitness': 0.9377780415973396, 'generation': 515}","{'id': 40767, 'rank': 14, 'fitness': 0.9373634728031215, 'generation': 515}","{'id': 40626, 'rank': 15, 'fitness': 0.9217598195547443, 'generation': 515}","{'id': 40684, 'rank': 16, 'fitness': 0.918628554737627, 'generation': 515}","{'id': 40752, 'rank': 17, 'fitness': 0.9086152715896569, 'generation': 515}","{'id': 40683, 'rank': 18, 'fitness': 0.9015577238808912, 'generation': 515}","{'id': 40627, 'rank': 19, 'fitness': 0.8757633437707066, 'generation': 515}","{'id': 40734, 'rank': 20, 'fitness': 0.8557306500545776, 'generation': 515}","{'id': 40771, 'rank': 21, 'fitness': 0.7448001130100103, 'generation': 515}","{'id': 40735, 'rank': 22, 'fitness': 0.630748772394273, 'generation': 515}","{'id': 40735, 'rank': 23, 'fitness': 0.630748772394273, 'generation': 515}","{'id': 40773, 'rank': 24, 'fitness': 0.6223023577088731, 'generation': 515}","{'id': 40778, 'rank': 25, 'fitness': 0.5705598030086817, 'generation': 515}","{'id': 40699, 'rank': 26, 'fitness': 0.5504604154991951, 'generation': 515}","{'id': 40703, 'rank': 27, 'fitness': 0.2135409159568024, 'generation': 515}","{'id': 40713, 'rank': 28, 'fitness': 0.18239100062195412, 'generation': 515}","{'id': 40775, 'rank': 29, 'fitness': 0.15831667902697744, 'generation': 515}","{'id': 40715, 'rank': 30, 'fitness': 0.01798620996209155, 'generation': 515}"
"{'id': 40810, 'rank': 1, 'fitness': 0.9820137900379085, 'generation': 516}","{'id': 40810, 'rank': 2, 'fitness': 0.9820137900379085, 'generation': 516}","{'id': 40820, 'rank': 3, 'fitness': 0.9817893931165333, 'generation': 516}","{'id': 40687, 'rank': 4, 'fitness': 0.9817315848905188, 'generation': 516}","{'id': 40479, 'rank': 5, 'fitness': 0.9816821320575715, 'generation': 516}","{'id': 40479, 'rank': 6, 'fitness': 0.9816821320575715, 'generation': 516}","{'id': 40548, 'rank': 7, 'fitness': 0.9816335726143186, 'generation': 516}","{'id': 40548, 'rank': 8, 'fitness': 0.9816335726143186, 'generation': 516}","{'id': 40548, 'rank': 9, 'fitness': 0.9816335726143186, 'generation': 516}","{'id': 40817, 'rank': 10, 'fitness': 0.9815324498888127, 'generation': 516}","{'id': 40836, 'rank': 11, 'fitness': 0.9813422275584793, 'generation': 516}","{'id': 40679, 'rank': 12, 'fitness': 0.9812744557042978, 'generation': 516}","{'id': 40739, 'rank': 13, 'fitness': 0.9811444334846969, 'generation': 516}","{'id': 40739, 'rank': 14, 'fitness': 0.9811444334846969, 'generation': 516}","{'id': 40823, 'rank': 15, 'fitness': 0.9811288251209408, 'generation': 516}","{'id': 40819, 'rank': 16, 'fitness': 0.980899638449555, 'generation': 516}","{'id': 40684, 'rank': 17, 'fitness': 0.9806731031645494, 'generation': 516}","{'id': 40854, 'rank': 18, 'fitness': 0.980263544028056, 'generation': 516}","{'id': 40815, 'rank': 19, 'fitness': 0.9795747700916793, 'generation': 516}","{'id': 40815, 'rank': 20, 'fitness': 0.9795747700916793, 'generation': 516}","{'id': 40815, 'rank': 21, 'fitness': 0.9795747700916793, 'generation': 516}","{'id': 40797, 'rank': 22, 'fitness': 0.9794262424408846, 'generation': 516}","{'id': 40856, 'rank': 23, 'fitness': 0.9793837034063053, 'generation': 516}","{'id': 40735, 'rank': 24, 'fitness': 0.9791823192172796, 'generation': 516}","{'id': 40795, 'rank': 25, 'fitness': 0.9790377926771349, 'generation': 516}","{'id': 40813, 'rank': 26, 'fitness': 0.9789424544089075, 'generation': 516}","{'id': 40715, 'rank': 27, 'fitness': 0.9751274527072229, 'generation': 516}","{'id': 40799, 'rank': 28, 'fitness': 0.9721617701169001, 'generation': 516}","{'id': 40799, 'rank': 29, 'fitness': 0.9721617701169001, 'generation': 516}","{'id': 40812, 'rank': 30, 'fitness': 0.01798620996209155, 'generation': 516}"
"{'id': 40860, 'rank': 1, 'fitness': 0.9820137900379085, 'generation': 517}","{'id': 40860, 'rank': 2, 'fitness': 0.9820137900379085, 'generation': 517}","{'id': 40910, 'rank': 3, 'fitness': 0.9785425632247915, 'generation': 517}","{'id': 40859, 'rank': 4, 'fitness': 0.9755847417834786, 'generation': 517}","{'id': 40817, 'rank': 5, 'fitness': 0.9697930252511032, 'generation': 517}","{'id': 40883, 'rank': 6, 'fitness': 0.9674393804551225, 'generation': 517}","{'id': 40876, 'rank': 7, 'fitness': 0.9660283127052809, 'generation': 517}","{'id': 40879, 'rank': 8, 'fitness': 0.9655662313628772, 'generation': 517}","{'id': 40916, 'rank': 9, 'fitness': 0.9642178285684107, 'generation': 517}","{'id': 40916, 'rank': 10, 'fitness': 0.9642178285684107, 'generation': 517}","{'id': 40916, 'rank': 11, 'fitness': 0.9642178285684107, 'generation': 517}","{'id': 40916, 'rank': 12, 'fitness': 0.9642178285684107, 'generation': 517}","{'id': 40881, 'rank': 13, 'fitness': 0.9632451727013371, 'generation': 517}","{'id': 40836, 'rank': 14, 'fitness': 0.9629385601418716, 'generation': 517}","{'id': 40836, 'rank': 15, 'fitness': 0.9629385601418716, 'generation': 517}","{'id': 40866, 'rank': 16, 'fitness': 0.9585319118740945, 'generation': 517}","{'id': 40866, 'rank': 17, 'fitness': 0.9585319118740945, 'generation': 517}","{'id': 40866, 'rank': 18, 'fitness': 0.9585319118740945, 'generation': 517}","{'id': 40865, 'rank': 19, 'fitness': 0.9533757100397287, 'generation': 517}","{'id': 40865, 'rank': 20, 'fitness': 0.9533757100397287, 'generation': 517}","{'id': 40918, 'rank': 21, 'fitness': 0.9482145100548911, 'generation': 517}","{'id': 40885, 'rank': 22, 'fitness': 0.9445466193417215, 'generation': 517}","{'id': 40920, 'rank': 23, 'fitness': 0.9381890534221207, 'generation': 517}","{'id': 40933, 'rank': 24, 'fitness': 0.9371887893807231, 'generation': 517}","{'id': 40864, 'rank': 25, 'fitness': 0.8284638778084734, 'generation': 517}","{'id': 40815, 'rank': 26, 'fitness': 0.8000697189566351, 'generation': 517}","{'id': 40735, 'rank': 27, 'fitness': 0.7296662576429803, 'generation': 517}","{'id': 40914, 'rank': 28, 'fitness': 0.6539144135655229, 'generation': 517}","{'id': 40908, 'rank': 29, 'fitness': 0.4779583927561108, 'generation': 517}","{'id': 40927, 'rank': 30, 'fitness': 0.01798620996209155, 'generation': 517}"
"{'id': 40860, 'rank': 1, 'fitness': 0.9820137900379085, 'generation': 518}","{'id': 40860, 'rank': 2, 'fitness': 0.9820137900379085, 'generation': 518}","{'id': 40860, 'rank': 3, 'fitness': 0.9820137900379085, 'generation': 518}","{'id': 40910, 'rank': 4, 'fitness': 0.9754268690635941, 'generation': 518}","{'id': 40946, 'rank': 5, 'fitness': 0.971966113695921, 'generation': 518}","{'id': 40859, 'rank': 6, 'fitness': 0.9691466011909939, 'generation': 518}","{'id': 41015, 'rank': 7, 'fitness': 0.9516636612893734, 'generation': 518}","{'id': 40883, 'rank': 8, 'fitness': 0.9489466252042883, 'generation': 518}","{'id': 40951, 'rank': 9, 'fitness': 0.9474940279194748, 'generation': 518}","{'id': 40916, 'rank': 10, 'fitness': 0.9398847748528887, 'generation': 518}","{'id': 40916, 'rank': 11, 'fitness': 0.9398847748528887, 'generation': 518}","{'id': 40916, 'rank': 12, 'fitness': 0.9398847748528887, 'generation': 518}","{'id': 40866, 'rank': 13, 'fitness': 0.9225746845438938, 'generation': 518}","{'id': 41007, 'rank': 14, 'fitness': 0.9162279276192138, 'generation': 518}","{'id': 40918, 'rank': 15, 'fitness': 0.8874760652371385, 'generation': 518}","{'id': 40988, 'rank': 16, 'fitness': 0.8761049128656831, 'generation': 518}","{'id': 41013, 'rank': 17, 'fitness': 0.8718812270202434, 'generation': 518}","{'id': 41017, 'rank': 18, 'fitness': 0.8461570022091117, 'generation': 518}","{'id': 40970, 'rank': 19, 'fitness': 0.8372780167438747, 'generation': 518}","{'id': 40993, 'rank': 20, 'fitness': 0.8323776613505585, 'generation': 518}","{'id': 41009, 'rank': 21, 'fitness': 0.7770170845110473, 'generation': 518}","{'id': 40973, 'rank': 22, 'fitness': 0.7354347594511834, 'generation': 518}","{'id': 40972, 'rank': 23, 'fitness': 0.6002089276395499, 'generation': 518}","{'id': 40957, 'rank': 24, 'fitness': 0.5532418418133732, 'generation': 518}","{'id': 40992, 'rank': 25, 'fitness': 0.5402728203425382, 'generation': 518}","{'id': 40991, 'rank': 26, 'fitness': 0.3290097775488329, 'generation': 518}","{'id': 40999, 'rank': 27, 'fitness': 0.16384586541021173, 'generation': 518}","{'id': 40963, 'rank': 28, 'fitness': 0.13865014180327606, 'generation': 518}","{'id': 40941, 'rank': 29, 'fitness': 0.025695789854823015, 'generation': 518}","{'id': 40936, 'rank': 30, 'fitness': 0.01798620996209155, 'generation': 518}"
"{'id': 40860, 'rank': 1, 'fitness': 0.9820137900379085, 'generation': 519}","{'id': 40860, 'rank': 2, 'fitness': 0.9820137900379085, 'generation': 519}","{'id': 41042, 'rank': 3, 'fitness': 0.9820107851056026, 'generation': 519}","{'id': 41042, 'rank': 4, 'fitness': 0.9820107851056026, 'generation': 519}","{'id': 41097, 'rank': 5, 'fitness': 0.9815662385166266, 'generation': 519}","{'id': 40946, 'rank': 6, 'fitness': 0.9815362099731435, 'generation': 519}","{'id': 41087, 'rank': 7, 'fitness': 0.9814559530986335, 'generation': 519}","{'id': 40859, 'rank': 8, 'fitness': 0.9814307295592344, 'generation': 519}","{'id': 40859, 'rank': 9, 'fitness': 0.9814307295592344, 'generation': 519}","{'id': 41084, 'rank': 10, 'fitness': 0.9812989667054697, 'generation': 519}","{'id': 41073, 'rank': 11, 'fitness': 0.9809408223993581, 'generation': 519}","{'id': 41015, 'rank': 12, 'fitness': 0.98092362140322, 'generation': 519}","{'id': 40883, 'rank': 13, 'fitness': 0.9808602186997516, 'generation': 519}","{'id': 41083, 'rank': 14, 'fitness': 0.9807540562588433, 'generation': 519}","{'id': 40918, 'rank': 15, 'fitness': 0.9798909044580686, 'generation': 519}","{'id': 41085, 'rank': 16, 'fitness': 0.9796761950923201, 'generation': 519}","{'id': 41017, 'rank': 17, 'fitness': 0.979469134744652, 'generation': 519}","{'id': 40993, 'rank': 18, 'fitness': 0.9793479788278062, 'generation': 519}","{'id': 40973, 'rank': 19, 'fitness': 0.9786467842527304, 'generation': 519}","{'id': 41035, 'rank': 20, 'fitness': 0.976539882603177, 'generation': 519}","{'id': 41035, 'rank': 21, 'fitness': 0.976539882603177, 'generation': 519}","{'id': 40963, 'rank': 22, 'fitness': 0.9748518812252287, 'generation': 519}","{'id': 40941, 'rank': 23, 'fitness': 0.9721092798848316, 'generation': 519}","{'id': 41080, 'rank': 24, 'fitness': 0.9705593275490314, 'generation': 519}","{'id': 41092, 'rank': 25, 'fitness': 0.9676479938130202, 'generation': 519}","{'id': 41077, 'rank': 26, 'fitness': 0.9627451994681233, 'generation': 519}","{'id': 41051, 'rank': 27, 'fitness': 0.9381098367009137, 'generation': 519}","{'id': 41052, 'rank': 28, 'fitness': 0.8790034687507531, 'generation': 519}","{'id': 41026, 'rank': 29, 'fitness': 0.7996447769243554, 'generation': 519}","{'id': 41048, 'rank': 30, 'fitness': 0.01798620996209155, 'generation': 519}"
"{'id': 41171, 'rank': 1, 'fitness': 0.9820137900379085, 'generation': 520}","{'id': 41173, 'rank': 2, 'fitness': 0.9818123473075008, 'generation': 520}","{'id': 41111, 'rank': 3, 'fitness': 0.9807051856628659, 'generation': 520}","{'id': 41154, 'rank': 4, 'fitness': 0.9806714552512146, 'generation': 520}","{'id': 41087, 'rank': 5, 'fitness': 0.980350488604282, 'generation': 520}","{'id': 40859, 'rank': 6, 'fitness': 0.9802973321393877, 'generation': 520}","{'id': 41126, 'rank': 7, 'fitness': 0.980287924973227, 'generation': 520}","{'id': 41110, 'rank': 8, 'fitness': 0.9801334639629232, 'generation': 520}","{'id': 41152, 'rank': 9, 'fitness': 0.9800694604394604, 'generation': 520}","{'id': 41157, 'rank': 10, 'fitness': 0.980050936930325, 'generation': 520}","{'id': 41142, 'rank': 11, 'fitness': 0.9798910253958311, 'generation': 520}","{'id': 41155, 'rank': 12, 'fitness': 0.9798153831904457, 'generation': 520}","{'id': 40883, 'rank': 13, 'fitness': 0.9790764033577262, 'generation': 520}","{'id': 41185, 'rank': 14, 'fitness': 0.9787789211321061, 'generation': 520}","{'id': 41104, 'rank': 15, 'fitness': 0.978725438068, 'generation': 520}","{'id': 41136, 'rank': 16, 'fitness': 0.9786761771888399, 'generation': 520}","{'id': 41164, 'rank': 17, 'fitness': 0.9786693609545161, 'generation': 520}","{'id': 41186, 'rank': 18, 'fitness': 0.978614594385113, 'generation': 520}","{'id': 41109, 'rank': 19, 'fitness': 0.978595809829378, 'generation': 520}","{'id': 41162, 'rank': 20, 'fitness': 0.9777670279309991, 'generation': 520}","{'id': 41159, 'rank': 21, 'fitness': 0.9764950303121469, 'generation': 520}","{'id': 41085, 'rank': 22, 'fitness': 0.9764292074034723, 'generation': 520}","{'id': 41116, 'rank': 23, 'fitness': 0.9749705515022666, 'generation': 520}","{'id': 41118, 'rank': 24, 'fitness': 0.9747555816313056, 'generation': 520}","{'id': 41182, 'rank': 25, 'fitness': 0.9747200305470217, 'generation': 520}","{'id': 41158, 'rank': 26, 'fitness': 0.9740011261782073, 'generation': 520}","{'id': 41176, 'rank': 27, 'fitness': 0.9727367966783316, 'generation': 520}","{'id': 41176, 'rank': 28, 'fitness': 0.9727367966783316, 'generation': 520}","{'id': 41149, 'rank': 29, 'fitness': 0.9688024083201541, 'generation': 520}","{'id': 41179, 'rank': 30, 'fitness': 0.01798620996209155, 'generation': 520}"
"{'id': 41171, 'rank': 1, 'fitness': 0.9820137900379085, 'generation': 521}","{'id': 41087, 'rank': 2, 'fitness': 0.9128137569350495, 'generation': 521}","{'id': 41126, 'rank': 3, 'fitness': 0.9079681382575814, 'generation': 521}","{'id': 41110, 'rank': 4, 'fitness': 0.895030194559387, 'generation': 521}","{'id': 41152, 'rank': 5, 'fitness': 0.8892455914258337, 'generation': 521}","{'id': 41157, 'rank': 6, 'fitness': 0.8875236402745991, 'generation': 521}","{'id': 41263, 'rank': 7, 'fitness': 0.8655137894080821, 'generation': 521}","{'id': 41212, 'rank': 8, 'fitness': 0.8575800880003511, 'generation': 521}","{'id': 41136, 'rank': 9, 'fitness': 0.6940240935968283, 'generation': 521}","{'id': 41199, 'rank': 10, 'fitness': 0.6633492343700508, 'generation': 521}","{'id': 41250, 'rank': 11, 'fitness': 0.6469090024977251, 'generation': 521}","{'id': 41243, 'rank': 12, 'fitness': 0.5820253027106569, 'generation': 521}","{'id': 41243, 'rank': 13, 'fitness': 0.5820253027106569, 'generation': 521}","{'id': 41210, 'rank': 14, 'fitness': 0.5510315255997239, 'generation': 521}","{'id': 41210, 'rank': 15, 'fitness': 0.5510315255997239, 'generation': 521}","{'id': 41210, 'rank': 16, 'fitness': 0.5510315255997239, 'generation': 521}","{'id': 41197, 'rank': 17, 'fitness': 0.3604164425376525, 'generation': 521}","{'id': 41159, 'rank': 18, 'fitness': 0.2677393360826371, 'generation': 521}","{'id': 41204, 'rank': 19, 'fitness': 0.22279089007539415, 'generation': 521}","{'id': 41245, 'rank': 20, 'fitness': 0.193430399859434, 'generation': 521}","{'id': 41245, 'rank': 21, 'fitness': 0.193430399859434, 'generation': 521}","{'id': 41242, 'rank': 22, 'fitness': 0.1797033811960665, 'generation': 521}","{'id': 41198, 'rank': 23, 'fitness': 0.12033594841449813, 'generation': 521}","{'id': 41198, 'rank': 24, 'fitness': 0.12033594841449813, 'generation': 521}","{'id': 41259, 'rank': 25, 'fitness': 0.11936130378160553, 'generation': 521}","{'id': 41116, 'rank': 26, 'fitness': 0.10100811689455869, 'generation': 521}","{'id': 41266, 'rank': 27, 'fitness': 0.04278263609030575, 'generation': 521}","{'id': 41267, 'rank': 28, 'fitness': 0.03595548334068632, 'generation': 521}","{'id': 41209, 'rank': 29, 'fitness': 0.029672302109856385, 'generation': 521}","{'id': 41265, 'rank': 30, 'fitness': 0.01798620996209155, 'generation': 521}"
"{'id': 41171, 'rank': 1, 'fitness': 0.9820137900379085, 'generation': 522}","{'id': 41110, 'rank': 2, 'fitness': 0.9818632922199491, 'generation': 522}","{'id': 41152, 'rank': 3, 'fitness': 0.9818583982695877, 'generation': 522}","{'id': 41212, 'rank': 4, 'fitness': 0.9818349612795345, 'generation': 522}","{'id': 41199, 'rank': 5, 'fitness': 0.9817436857613582, 'generation': 522}","{'id': 41243, 'rank': 6, 'fitness': 0.9817152278632288, 'generation': 522}","{'id': 41243, 'rank': 7, 'fitness': 0.9817152278632288, 'generation': 522}","{'id': 41197, 'rank': 8, 'fitness': 0.9816408664303968, 'generation': 522}","{'id': 41245, 'rank': 9, 'fitness': 0.981570370063882, 'generation': 522}","{'id': 41245, 'rank': 10, 'fitness': 0.981570370063882, 'generation': 522}","{'id': 41259, 'rank': 11, 'fitness': 0.9815231357802259, 'generation': 522}","{'id': 41267, 'rank': 12, 'fitness': 0.981415884762106, 'generation': 522}","{'id': 41267, 'rank': 13, 'fitness': 0.981415884762106, 'generation': 522}","{'id': 41322, 'rank': 14, 'fitness': 0.9793822043246339, 'generation': 522}","{'id': 41325, 'rank': 15, 'fitness': 0.9791942897206176, 'generation': 522}","{'id': 41316, 'rank': 16, 'fitness': 0.9789629095911856, 'generation': 522}","{'id': 41315, 'rank': 17, 'fitness': 0.978304982880317, 'generation': 522}","{'id': 41315, 'rank': 18, 'fitness': 0.978304982880317, 'generation': 522}","{'id': 41288, 'rank': 19, 'fitness': 0.9768792661016872, 'generation': 522}","{'id': 41276, 'rank': 20, 'fitness': 0.9741121943234847, 'generation': 522}","{'id': 41303, 'rank': 21, 'fitness': 0.9726193787520441, 'generation': 522}","{'id': 41295, 'rank': 22, 'fitness': 0.9342226036209701, 'generation': 522}","{'id': 41294, 'rank': 23, 'fitness': 0.9324529137917645, 'generation': 522}","{'id': 41309, 'rank': 24, 'fitness': 0.8989786702604854, 'generation': 522}","{'id': 41312, 'rank': 25, 'fitness': 0.874853596754824, 'generation': 522}","{'id': 41299, 'rank': 26, 'fitness': 0.836813458131539, 'generation': 522}","{'id': 41299, 'rank': 27, 'fitness': 0.836813458131539, 'generation': 522}","{'id': 41319, 'rank': 28, 'fitness': 0.28797575606564935, 'generation': 522}","{'id': 41298, 'rank': 29, 'fitness': 0.051464383129317226, 'generation': 522}","{'id': 41292, 'rank': 30, 'fitness': 0.01798620996209155, 'generation': 522}"
"{'id': 41171, 'rank': 1, 'fitness': 0.9820137900379085, 'generation': 523}","{'id': 41365, 'rank': 2, 'fitness': 0.9818957966684265, 'generation': 523}","{'id': 41366, 'rank': 3, 'fitness': 0.981556278673279, 'generation': 523}","{'id': 41362, 'rank': 4, 'fitness': 0.9813639403825276, 'generation': 523}","{'id': 41362, 'rank': 5, 'fitness': 0.9813639403825276, 'generation': 523}","{'id': 41199, 'rank': 6, 'fitness': 0.9811345020685633, 'generation': 523}","{'id': 41243, 'rank': 7, 'fitness': 0.9810402074403222, 'generation': 523}","{'id': 41342, 'rank': 8, 'fitness': 0.9810073147083385, 'generation': 523}","{'id': 41381, 'rank': 9, 'fitness': 0.9809662008477614, 'generation': 523}","{'id': 41381, 'rank': 10, 'fitness': 0.9809662008477614, 'generation': 523}","{'id': 41361, 'rank': 11, 'fitness': 0.9809436772840525, 'generation': 523}","{'id': 41197, 'rank': 12, 'fitness': 0.9807923139234105, 'generation': 523}","{'id': 41197, 'rank': 13, 'fitness': 0.9807923139234105, 'generation': 523}","{'id': 41197, 'rank': 14, 'fitness': 0.9807923139234105, 'generation': 523}","{'id': 41245, 'rank': 15, 'fitness': 0.9805552972706149, 'generation': 523}","{'id': 41245, 'rank': 16, 'fitness': 0.9805552972706149, 'generation': 523}","{'id': 41380, 'rank': 17, 'fitness': 0.9804774122552519, 'generation': 523}","{'id': 41378, 'rank': 18, 'fitness': 0.980472935569106, 'generation': 523}","{'id': 41374, 'rank': 19, 'fitness': 0.9803413404730079, 'generation': 523}","{'id': 41345, 'rank': 20, 'fitness': 0.9801166063613009, 'generation': 523}","{'id': 41372, 'rank': 21, 'fitness': 0.9794888537652702, 'generation': 523}","{'id': 41372, 'rank': 22, 'fitness': 0.9794888537652702, 'generation': 523}","{'id': 41377, 'rank': 23, 'fitness': 0.9725995021344411, 'generation': 523}","{'id': 41390, 'rank': 24, 'fitness': 0.9709549226547047, 'generation': 523}","{'id': 41400, 'rank': 25, 'fitness': 0.9581752537973445, 'generation': 523}","{'id': 41398, 'rank': 26, 'fitness': 0.9571380511448062, 'generation': 523}","{'id': 41276, 'rank': 27, 'fitness': 0.943088700793665, 'generation': 523}","{'id': 41407, 'rank': 28, 'fitness': 0.9390593063016288, 'generation': 523}","{'id': 41339, 'rank': 29, 'fitness': 0.18161845561878232, 'generation': 523}","{'id': 41348, 'rank': 30, 'fitness': 0.01798620996209155, 'generation': 523}"
"{'id': 41482, 'rank': 1, 'fitness': 0.9820137900379085, 'generation': 524}","{'id': 41454, 'rank': 2, 'fitness': 0.9786042326587525, 'generation': 524}","{'id': 41455, 'rank': 3, 'fitness': 0.9644170648916729, 'generation': 524}","{'id': 41455, 'rank': 4, 'fitness': 0.9644170648916729, 'generation': 524}","{'id': 41418, 'rank': 5, 'fitness': 0.9358211147741933, 'generation': 524}","{'id': 41437, 'rank': 6, 'fitness': 0.9316407204739051, 'generation': 524}","{'id': 41453, 'rank': 7, 'fitness': 0.9174318749211572, 'generation': 524}","{'id': 41453, 'rank': 8, 'fitness': 0.9174318749211572, 'generation': 524}","{'id': 41453, 'rank': 9, 'fitness': 0.9174318749211572, 'generation': 524}","{'id': 41498, 'rank': 10, 'fitness': 0.8726064706956659, 'generation': 524}","{'id': 41447, 'rank': 11, 'fitness': 0.864967714140414, 'generation': 524}","{'id': 41425, 'rank': 12, 'fitness': 0.8611098719160741, 'generation': 524}","{'id': 41424, 'rank': 13, 'fitness': 0.8466540790061347, 'generation': 524}","{'id': 41424, 'rank': 14, 'fitness': 0.8466540790061347, 'generation': 524}","{'id': 41243, 'rank': 15, 'fitness': 0.8320712732596216, 'generation': 524}","{'id': 41342, 'rank': 16, 'fitness': 0.8181051940077646, 'generation': 524}","{'id': 41361, 'rank': 17, 'fitness': 0.7886352610738677, 'generation': 524}","{'id': 41197, 'rank': 18, 'fitness': 0.7057336431457578, 'generation': 524}","{'id': 41197, 'rank': 19, 'fitness': 0.7057336431457578, 'generation': 524}","{'id': 41245, 'rank': 20, 'fitness': 0.5472338767971895, 'generation': 524}","{'id': 41417, 'rank': 21, 'fitness': 0.5232418824446116, 'generation': 524}","{'id': 41417, 'rank': 22, 'fitness': 0.5232418824446116, 'generation': 524}","{'id': 41460, 'rank': 23, 'fitness': 0.5214089051783458, 'generation': 524}","{'id': 41436, 'rank': 24, 'fitness': 0.45078119532746586, 'generation': 524}","{'id': 41444, 'rank': 25, 'fitness': 0.4182138033052468, 'generation': 524}","{'id': 41345, 'rank': 26, 'fitness': 0.25778815110670106, 'generation': 524}","{'id': 41508, 'rank': 27, 'fitness': 0.23463807620825688, 'generation': 524}","{'id': 41435, 'rank': 28, 'fitness': 0.13649492497531712, 'generation': 524}","{'id': 41429, 'rank': 29, 'fitness': 0.10469299362245243, 'generation': 524}","{'id': 41427, 'rank': 30, 'fitness': 0.01798620996209155, 'generation': 524}"
"{'id': 41455, 'rank': 1, 'fitness': 0.9820137900379085, 'generation': 525}","{'id': 41455, 'rank': 2, 'fitness': 0.9820137900379085, 'generation': 525}","{'id': 41453, 'rank': 3, 'fitness': 0.9818807505861233, 'generation': 525}","{'id': 41498, 'rank': 4, 'fitness': 0.9818081727339603, 'generation': 525}","{'id': 41447, 'rank': 5, 'fitness': 0.9817980943288938, 'generation': 525}","{'id': 41447, 'rank': 6, 'fitness': 0.9817980943288938, 'generation': 525}","{'id': 41425, 'rank': 7, 'fitness': 0.9817931844695003, 'generation': 525}","{'id': 41425, 'rank': 8, 'fitness': 0.9817931844695003, 'generation': 525}","{'id': 41424, 'rank': 9, 'fitness': 0.981775732924625, 'generation': 525}","{'id': 41424, 'rank': 10, 'fitness': 0.981775732924625, 'generation': 525}","{'id': 41197, 'rank': 11, 'fitness': 0.9816497397513761, 'generation': 525}","{'id': 41197, 'rank': 12, 'fitness': 0.9816497397513761, 'generation': 525}","{'id': 41197, 'rank': 13, 'fitness': 0.9816497397513761, 'generation': 525}","{'id': 41197, 'rank': 14, 'fitness': 0.9816497397513761, 'generation': 525}","{'id': 41245, 'rank': 15, 'fitness': 0.9815455591035274, 'generation': 525}","{'id': 41245, 'rank': 16, 'fitness': 0.9815455591035274, 'generation': 525}","{'id': 41245, 'rank': 17, 'fitness': 0.9815455591035274, 'generation': 525}","{'id': 41460, 'rank': 18, 'fitness': 0.9815297256721767, 'generation': 525}","{'id': 41460, 'rank': 19, 'fitness': 0.9815297256721767, 'generation': 525}","{'id': 41436, 'rank': 20, 'fitness': 0.9814864639246783, 'generation': 525}","{'id': 41444, 'rank': 21, 'fitness': 0.9814661746489958, 'generation': 525}","{'id': 41508, 'rank': 22, 'fitness': 0.9813352532548885, 'generation': 525}","{'id': 41561, 'rank': 23, 'fitness': 0.9806587102104811, 'generation': 525}","{'id': 41578, 'rank': 24, 'fitness': 0.9785227764072071, 'generation': 525}","{'id': 41529, 'rank': 25, 'fitness': 0.9661102100335492, 'generation': 525}","{'id': 41545, 'rank': 26, 'fitness': 0.9610073413009349, 'generation': 525}","{'id': 41567, 'rank': 27, 'fitness': 0.9546708561749514, 'generation': 525}","{'id': 41528, 'rank': 28, 'fitness': 0.9530758880615104, 'generation': 525}","{'id': 41526, 'rank': 29, 'fitness': 0.020212499080721424, 'generation': 525}","{'id': 41525, 'rank': 30, 'fitness': 0.01798620996209155, 'generation': 525}"
"{'id': 41455, 'rank': 1, 'fitness': 0.9820137900379085, 'generation': 526}","{'id': 41667, 'rank': 2, 'fitness': 0.9808188318270302, 'generation': 526}","{'id': 41498, 'rank': 3, 'fitness': 0.9793158004313083, 'generation': 526}","{'id': 41447, 'rank': 4, 'fitness': 0.9791746556272328, 'generation': 526}","{'id': 41425, 'rank': 5, 'fitness': 0.9791055815443651, 'generation': 526}","{'id': 41425, 'rank': 6, 'fitness': 0.9791055815443651, 'generation': 526}","{'id': 41584, 'rank': 7, 'fitness': 0.9789706805668161, 'generation': 526}","{'id': 41424, 'rank': 8, 'fitness': 0.978858395808804, 'generation': 526}","{'id': 41628, 'rank': 9, 'fitness': 0.9782821821227348, 'generation': 526}","{'id': 41637, 'rank': 10, 'fitness': 0.9781744126748473, 'generation': 526}","{'id': 41637, 'rank': 11, 'fitness': 0.9781744126748473, 'generation': 526}","{'id': 41646, 'rank': 12, 'fitness': 0.9774680174141168, 'generation': 526}","{'id': 41663, 'rank': 13, 'fitness': 0.9773110189186845, 'generation': 526}","{'id': 41197, 'rank': 14, 'fitness': 0.9769944727778824, 'generation': 526}","{'id': 41197, 'rank': 15, 'fitness': 0.9769944727778824, 'generation': 526}","{'id': 41638, 'rank': 16, 'fitness': 0.9754914760985786, 'generation': 526}","{'id': 41623, 'rank': 17, 'fitness': 0.9752198925370985, 'generation': 526}","{'id': 41460, 'rank': 18, 'fitness': 0.9750833951684115, 'generation': 526}","{'id': 41460, 'rank': 19, 'fitness': 0.9750833951684115, 'generation': 526}","{'id': 41624, 'rank': 20, 'fitness': 0.9748375308203747, 'generation': 526}","{'id': 41604, 'rank': 21, 'fitness': 0.9742502468768823, 'generation': 526}","{'id': 41602, 'rank': 22, 'fitness': 0.971813193770294, 'generation': 526}","{'id': 41615, 'rank': 23, 'fitness': 0.9715840583484915, 'generation': 526}","{'id': 41585, 'rank': 24, 'fitness': 0.9713528983907358, 'generation': 526}","{'id': 41585, 'rank': 25, 'fitness': 0.9713528983907358, 'generation': 526}","{'id': 41596, 'rank': 26, 'fitness': 0.9688705328344381, 'generation': 526}","{'id': 41644, 'rank': 27, 'fitness': 0.9651892752635896, 'generation': 526}","{'id': 41671, 'rank': 28, 'fitness': 0.9485627662622855, 'generation': 526}","{'id': 41648, 'rank': 29, 'fitness': 0.8974564930065586, 'generation': 526}","{'id': 41529, 'rank': 30, 'fitness': 0.01798620996209155, 'generation': 526}"
"{'id': 41767, 'rank': 1, 'fitness': 0.9820137900379085, 'generation': 527}","{'id': 41753, 'rank': 2, 'fitness': 0.9743350820060844, 'generation': 527}","{'id': 41746, 'rank': 3, 'fitness': 0.9702644129219593, 'generation': 527}","{'id': 41752, 'rank': 4, 'fitness': 0.9647601868604376, 'generation': 527}","{'id': 41752, 'rank': 5, 'fitness': 0.9647601868604376, 'generation': 527}","{'id': 41447, 'rank': 6, 'fitness': 0.9644843012201975, 'generation': 527}","{'id': 41424, 'rank': 7, 'fitness': 0.9590382435836691, 'generation': 527}","{'id': 41765, 'rank': 8, 'fitness': 0.9581009088737061, 'generation': 527}","{'id': 41708, 'rank': 9, 'fitness': 0.9566285801112484, 'generation': 527}","{'id': 41708, 'rank': 10, 'fitness': 0.9566285801112484, 'generation': 527}","{'id': 41739, 'rank': 11, 'fitness': 0.9527502046384385, 'generation': 527}","{'id': 41628, 'rank': 12, 'fitness': 0.9472771347830632, 'generation': 527}","{'id': 41646, 'rank': 13, 'fitness': 0.9259404620483487, 'generation': 527}","{'id': 41663, 'rank': 14, 'fitness': 0.9211077213029802, 'generation': 527}","{'id': 41663, 'rank': 15, 'fitness': 0.9211077213029802, 'generation': 527}","{'id': 41695, 'rank': 16, 'fitness': 0.9052517061664029, 'generation': 527}","{'id': 41460, 'rank': 17, 'fitness': 0.8224707156399446, 'generation': 527}","{'id': 41766, 'rank': 18, 'fitness': 0.7342670206703349, 'generation': 527}","{'id': 41703, 'rank': 19, 'fitness': 0.7227287238450624, 'generation': 527}","{'id': 41724, 'rank': 20, 'fitness': 0.6001102824396697, 'generation': 527}","{'id': 41757, 'rank': 21, 'fitness': 0.5646554827862427, 'generation': 527}","{'id': 41615, 'rank': 22, 'fitness': 0.5578391673987748, 'generation': 527}","{'id': 41717, 'rank': 23, 'fitness': 0.4906321526890053, 'generation': 527}","{'id': 41704, 'rank': 24, 'fitness': 0.48392520876342626, 'generation': 527}","{'id': 41733, 'rank': 25, 'fitness': 0.46016484101249994, 'generation': 527}","{'id': 41734, 'rank': 26, 'fitness': 0.4228448403767528, 'generation': 527}","{'id': 41714, 'rank': 27, 'fitness': 0.3141891791517286, 'generation': 527}","{'id': 41707, 'rank': 28, 'fitness': 0.2683912385025571, 'generation': 527}","{'id': 41731, 'rank': 29, 'fitness': 0.04803138034261811, 'generation': 527}","{'id': 41720, 'rank': 30, 'fitness': 0.01798620996209155, 'generation': 527}"
"{'id': 41767, 'rank': 1, 'fitness': 0.9820137900379085, 'generation': 528}","{'id': 41781, 'rank': 2, 'fitness': 0.9819587696797567, 'generation': 528}","{'id': 41752, 'rank': 3, 'fitness': 0.9818717505233763, 'generation': 528}","{'id': 41752, 'rank': 4, 'fitness': 0.9818717505233763, 'generation': 528}","{'id': 41752, 'rank': 5, 'fitness': 0.9818717505233763, 'generation': 528}","{'id': 41765, 'rank': 6, 'fitness': 0.9818345291401482, 'generation': 528}","{'id': 41708, 'rank': 7, 'fitness': 0.9818270610333255, 'generation': 528}","{'id': 41628, 'rank': 8, 'fitness': 0.9817845498842036, 'generation': 528}","{'id': 41628, 'rank': 9, 'fitness': 0.9817845498842036, 'generation': 528}","{'id': 41775, 'rank': 10, 'fitness': 0.9817496389519008, 'generation': 528}","{'id': 41831, 'rank': 11, 'fitness': 0.9817139647690265, 'generation': 528}","{'id': 41646, 'rank': 12, 'fitness': 0.9817091440480241, 'generation': 528}","{'id': 41663, 'rank': 13, 'fitness': 0.981694875643608, 'generation': 528}","{'id': 41783, 'rank': 14, 'fitness': 0.9815575515508348, 'generation': 528}","{'id': 41815, 'rank': 15, 'fitness': 0.9813500918549133, 'generation': 528}","{'id': 41820, 'rank': 16, 'fitness': 0.9812848575981754, 'generation': 528}","{'id': 41799, 'rank': 17, 'fitness': 0.9812244378378433, 'generation': 528}","{'id': 41821, 'rank': 18, 'fitness': 0.9811700381044652, 'generation': 528}","{'id': 41707, 'rank': 19, 'fitness': 0.9809591368477826, 'generation': 528}","{'id': 41773, 'rank': 20, 'fitness': 0.980944923647857, 'generation': 528}","{'id': 41731, 'rank': 21, 'fitness': 0.980524319534509, 'generation': 528}","{'id': 41731, 'rank': 22, 'fitness': 0.980524319534509, 'generation': 528}","{'id': 41802, 'rank': 23, 'fitness': 0.9803044152421961, 'generation': 528}","{'id': 41794, 'rank': 24, 'fitness': 0.9794786642875242, 'generation': 528}","{'id': 41829, 'rank': 25, 'fitness': 0.9794046998546087, 'generation': 528}","{'id': 41814, 'rank': 26, 'fitness': 0.9788752475136422, 'generation': 528}","{'id': 41823, 'rank': 27, 'fitness': 0.9772460166720529, 'generation': 528}","{'id': 41779, 'rank': 28, 'fitness': 0.12848955170071225, 'generation': 528}","{'id': 41835, 'rank': 29, 'fitness': 0.02759320698618717, 'generation': 528}","{'id': 41827, 'rank': 30, 'fitness': 0.01798620996209155, 'generation': 528}"
"{'id': 41852, 'rank': 1, 'fitness': 0.9820137900379085, 'generation': 529}","{'id': 41893, 'rank': 2, 'fitness': 0.9818019967795931, 'generation': 529}","{'id': 41765, 'rank': 3, 'fitness': 0.9816746780350472, 'generation': 529}","{'id': 41902, 'rank': 4, 'fitness': 0.9816268960988614, 'generation': 529}","{'id': 41888, 'rank': 5, 'fitness': 0.9816080971892281, 'generation': 529}","{'id': 41775, 'rank': 6, 'fitness': 0.9815588456214771, 'generation': 529}","{'id': 41831, 'rank': 7, 'fitness': 0.9815101128058935, 'generation': 529}","{'id': 41831, 'rank': 8, 'fitness': 0.9815101128058935, 'generation': 529}","{'id': 41646, 'rank': 9, 'fitness': 0.9815035249320077, 'generation': 529}","{'id': 41903, 'rank': 10, 'fitness': 0.9814594977446802, 'generation': 529}","{'id': 41903, 'rank': 11, 'fitness': 0.9814594977446802, 'generation': 529}","{'id': 41904, 'rank': 12, 'fitness': 0.9814141517536048, 'generation': 529}","{'id': 41904, 'rank': 13, 'fitness': 0.9814141517536048, 'generation': 529}","{'id': 41867, 'rank': 14, 'fitness': 0.9813990688102114, 'generation': 529}","{'id': 41859, 'rank': 15, 'fitness': 0.9813801873614685, 'generation': 529}","{'id': 41881, 'rank': 16, 'fitness': 0.9813638521115827, 'generation': 529}","{'id': 41890, 'rank': 17, 'fitness': 0.9813277621801466, 'generation': 529}","{'id': 41857, 'rank': 18, 'fitness': 0.9813274846430059, 'generation': 529}","{'id': 41871, 'rank': 19, 'fitness': 0.9812710555950164, 'generation': 529}","{'id': 41872, 'rank': 20, 'fitness': 0.9811237749450894, 'generation': 529}","{'id': 41876, 'rank': 21, 'fitness': 0.9804618813004276, 'generation': 529}","{'id': 41773, 'rank': 22, 'fitness': 0.9804516697374861, 'generation': 529}","{'id': 41911, 'rank': 23, 'fitness': 0.9804500452122733, 'generation': 529}","{'id': 41868, 'rank': 24, 'fitness': 0.9804162582303898, 'generation': 529}","{'id': 41862, 'rank': 25, 'fitness': 0.980383983986729, 'generation': 529}","{'id': 41802, 'rank': 26, 'fitness': 0.9795588281988079, 'generation': 529}","{'id': 41899, 'rank': 27, 'fitness': 0.9792239055207601, 'generation': 529}","{'id': 41884, 'rank': 28, 'fitness': 0.978589875905834, 'generation': 529}","{'id': 41900, 'rank': 29, 'fitness': 0.9762867421392398, 'generation': 529}","{'id': 41779, 'rank': 30, 'fitness': 0.01798620996209155, 'generation': 529}"
"{'id': 41955, 'rank': 1, 'fitness': 0.9820137900379085, 'generation': 530}","{'id': 41978, 'rank': 2, 'fitness': 0.9731473569529386, 'generation': 530}","{'id': 41984, 'rank': 3, 'fitness': 0.963119875623323, 'generation': 530}","{'id': 41765, 'rank': 4, 'fitness': 0.9598984668516706, 'generation': 530}","{'id': 41980, 'rank': 5, 'fitness': 0.9410220892152918, 'generation': 530}","{'id': 41979, 'rank': 6, 'fitness': 0.9338559428595697, 'generation': 530}","{'id': 41903, 'rank': 7, 'fitness': 0.9324360408906943, 'generation': 530}","{'id': 41903, 'rank': 8, 'fitness': 0.9324360408906943, 'generation': 530}","{'id': 41956, 'rank': 9, 'fitness': 0.9275939646079755, 'generation': 530}","{'id': 41921, 'rank': 10, 'fitness': 0.916745480029845, 'generation': 530}","{'id': 41881, 'rank': 11, 'fitness': 0.9154413445047909, 'generation': 530}","{'id': 41938, 'rank': 12, 'fitness': 0.910825043368306, 'generation': 530}","{'id': 41938, 'rank': 13, 'fitness': 0.910825043368306, 'generation': 530}","{'id': 41890, 'rank': 14, 'fitness': 0.9081018720280484, 'generation': 530}","{'id': 41918, 'rank': 15, 'fitness': 0.8986423731118327, 'generation': 530}","{'id': 41999, 'rank': 16, 'fitness': 0.8715413784833486, 'generation': 530}","{'id': 42022, 'rank': 17, 'fitness': 0.8712017174304492, 'generation': 530}","{'id': 41976, 'rank': 18, 'fitness': 0.8477366696371734, 'generation': 530}","{'id': 41960, 'rank': 19, 'fitness': 0.84700232119442, 'generation': 530}","{'id': 41982, 'rank': 20, 'fitness': 0.8180950217790568, 'generation': 530}","{'id': 41943, 'rank': 21, 'fitness': 0.7803016014909632, 'generation': 530}","{'id': 41975, 'rank': 22, 'fitness': 0.7546542337848102, 'generation': 530}","{'id': 41964, 'rank': 23, 'fitness': 0.7356618516600588, 'generation': 530}","{'id': 41964, 'rank': 24, 'fitness': 0.7356618516600588, 'generation': 530}","{'id': 42011, 'rank': 25, 'fitness': 0.7281580626878091, 'generation': 530}","{'id': 42021, 'rank': 26, 'fitness': 0.6968555152254067, 'generation': 530}","{'id': 41932, 'rank': 27, 'fitness': 0.6405708165903385, 'generation': 530}","{'id': 41868, 'rank': 28, 'fitness': 0.5101850628858263, 'generation': 530}","{'id': 41963, 'rank': 29, 'fitness': 0.386610128046911, 'generation': 530}","{'id': 41988, 'rank': 30, 'fitness': 0.01798620996209155, 'generation': 530}"
"{'id': 42073, 'rank': 1, 'fitness': 0.9820137900379085, 'generation': 531}","{'id': 42062, 'rank': 2, 'fitness': 0.9814941663167989, 'generation': 531}","{'id': 42062, 'rank': 3, 'fitness': 0.9814941663167989, 'generation': 531}","{'id': 42062, 'rank': 4, 'fitness': 0.9814941663167989, 'generation': 531}","{'id': 42062, 'rank': 5, 'fitness': 0.9814941663167989, 'generation': 531}","{'id': 41978, 'rank': 6, 'fitness': 0.981454419803905, 'generation': 531}","{'id': 41984, 'rank': 7, 'fitness': 0.981180892463348, 'generation': 531}","{'id': 42060, 'rank': 8, 'fitness': 0.9811197763787425, 'generation': 531}","{'id': 41956, 'rank': 9, 'fitness': 0.9805726482902495, 'generation': 531}","{'id': 41938, 'rank': 10, 'fitness': 0.9803751537206727, 'generation': 531}","{'id': 41890, 'rank': 11, 'fitness': 0.9803461573121992, 'generation': 531}","{'id': 41999, 'rank': 12, 'fitness': 0.9800135369434977, 'generation': 531}","{'id': 41999, 'rank': 13, 'fitness': 0.9800135369434977, 'generation': 531}","{'id': 41943, 'rank': 14, 'fitness': 0.9794280471538472, 'generation': 531}","{'id': 41975, 'rank': 15, 'fitness': 0.9792956713479231, 'generation': 531}","{'id': 41964, 'rank': 16, 'fitness': 0.9792031002633506, 'generation': 531}","{'id': 41964, 'rank': 17, 'fitness': 0.9792031002633506, 'generation': 531}","{'id': 41964, 'rank': 18, 'fitness': 0.9792031002633506, 'generation': 531}","{'id': 42011, 'rank': 19, 'fitness': 0.9791676080009519, 'generation': 531}","{'id': 41868, 'rank': 20, 'fitness': 0.9782719690227926, 'generation': 531}","{'id': 41963, 'rank': 21, 'fitness': 0.9777804245596282, 'generation': 531}","{'id': 42039, 'rank': 22, 'fitness': 0.9770010418928909, 'generation': 531}","{'id': 42075, 'rank': 23, 'fitness': 0.966742673257384, 'generation': 531}","{'id': 42064, 'rank': 24, 'fitness': 0.9616933322465879, 'generation': 531}","{'id': 42064, 'rank': 25, 'fitness': 0.9616933322465879, 'generation': 531}","{'id': 42070, 'rank': 26, 'fitness': 0.9593270894500532, 'generation': 531}","{'id': 42065, 'rank': 27, 'fitness': 0.9544970932035004, 'generation': 531}","{'id': 42058, 'rank': 28, 'fitness': 0.8552563639607582, 'generation': 531}","{'id': 42053, 'rank': 29, 'fitness': 0.7520388275700407, 'generation': 531}","{'id': 42067, 'rank': 30, 'fitness': 0.01798620996209155, 'generation': 531}"
"{'id': 42062, 'rank': 1, 'fitness': 0.9820137900379085, 'generation': 532}","{'id': 42163, 'rank': 2, 'fitness': 0.9816975417344775, 'generation': 532}","{'id': 42163, 'rank': 3, 'fitness': 0.9816975417344775, 'generation': 532}","{'id': 42163, 'rank': 4, 'fitness': 0.9816975417344775, 'generation': 532}","{'id': 41984, 'rank': 5, 'fitness': 0.9816844450578034, 'generation': 532}","{'id': 42131, 'rank': 6, 'fitness': 0.9812230081203477, 'generation': 532}","{'id': 42131, 'rank': 7, 'fitness': 0.9812230081203477, 'generation': 532}","{'id': 42133, 'rank': 8, 'fitness': 0.981080265568262, 'generation': 532}","{'id': 42130, 'rank': 9, 'fitness': 0.9809845685763652, 'generation': 532}","{'id': 42130, 'rank': 10, 'fitness': 0.9809845685763652, 'generation': 532}","{'id': 41938, 'rank': 11, 'fitness': 0.9808353734571783, 'generation': 532}","{'id': 42099, 'rank': 12, 'fitness': 0.9804994890843493, 'generation': 532}","{'id': 41999, 'rank': 13, 'fitness': 0.980453396345921, 'generation': 532}","{'id': 42128, 'rank': 14, 'fitness': 0.9804188864570317, 'generation': 532}","{'id': 41943, 'rank': 15, 'fitness': 0.9798337767093959, 'generation': 532}","{'id': 42097, 'rank': 16, 'fitness': 0.979831575316396, 'generation': 532}","{'id': 41975, 'rank': 17, 'fitness': 0.979693488191987, 'generation': 532}","{'id': 41975, 'rank': 18, 'fitness': 0.979693488191987, 'generation': 532}","{'id': 42138, 'rank': 19, 'fitness': 0.9796193047514821, 'generation': 532}","{'id': 42098, 'rank': 20, 'fitness': 0.9796033833384593, 'generation': 532}","{'id': 42098, 'rank': 21, 'fitness': 0.9796033833384593, 'generation': 532}","{'id': 42147, 'rank': 22, 'fitness': 0.978746678007954, 'generation': 532}","{'id': 41868, 'rank': 23, 'fitness': 0.9786062173348785, 'generation': 532}","{'id': 42093, 'rank': 24, 'fitness': 0.9784858666899319, 'generation': 532}","{'id': 42092, 'rank': 25, 'fitness': 0.9782908703096991, 'generation': 532}","{'id': 42112, 'rank': 26, 'fitness': 0.9777601464617178, 'generation': 532}","{'id': 42111, 'rank': 27, 'fitness': 0.977098526785264, 'generation': 532}","{'id': 42105, 'rank': 28, 'fitness': 0.9761542803371851, 'generation': 532}","{'id': 42110, 'rank': 29, 'fitness': 0.9749902150508726, 'generation': 532}","{'id': 42132, 'rank': 30, 'fitness': 0.01798620996209155, 'generation': 532}"
"{'id': 42224, 'rank': 1, 'fitness': 0.9820137900379085, 'generation': 533}","{'id': 42220, 'rank': 2, 'fitness': 0.9663990171852558, 'generation': 533}","{'id': 42163, 'rank': 3, 'fitness': 0.965782591084656, 'generation': 533}","{'id': 42202, 'rank': 4, 'fitness': 0.9489223937777809, 'generation': 533}","{'id': 42247, 'rank': 5, 'fitness': 0.9172371416089556, 'generation': 533}","{'id': 42247, 'rank': 6, 'fitness': 0.9172371416089556, 'generation': 533}","{'id': 42133, 'rank': 7, 'fitness': 0.8823706102724437, 'generation': 533}","{'id': 42217, 'rank': 8, 'fitness': 0.8804928541213668, 'generation': 533}","{'id': 42217, 'rank': 9, 'fitness': 0.8804928541213668, 'generation': 533}","{'id': 42217, 'rank': 10, 'fitness': 0.8804928541213668, 'generation': 533}","{'id': 42216, 'rank': 11, 'fitness': 0.869242246564213, 'generation': 533}","{'id': 42130, 'rank': 12, 'fitness': 0.859777394463409, 'generation': 533}","{'id': 42130, 'rank': 13, 'fitness': 0.859777394463409, 'generation': 533}","{'id': 42181, 'rank': 14, 'fitness': 0.830431252211498, 'generation': 533}","{'id': 42222, 'rank': 15, 'fitness': 0.7725650033884657, 'generation': 533}","{'id': 42245, 'rank': 16, 'fitness': 0.6755329390719734, 'generation': 533}","{'id': 42219, 'rank': 17, 'fitness': 0.6135526211292356, 'generation': 533}","{'id': 41943, 'rank': 18, 'fitness': 0.3690585439368602, 'generation': 533}","{'id': 41943, 'rank': 19, 'fitness': 0.3690585439368602, 'generation': 533}","{'id': 41975, 'rank': 20, 'fitness': 0.307109305233245, 'generation': 533}","{'id': 41975, 'rank': 21, 'fitness': 0.307109305233245, 'generation': 533}","{'id': 41975, 'rank': 22, 'fitness': 0.307109305233245, 'generation': 533}","{'id': 42098, 'rank': 23, 'fitness': 0.27074294227018614, 'generation': 533}","{'id': 42170, 'rank': 24, 'fitness': 0.26737298517980435, 'generation': 533}","{'id': 42215, 'rank': 25, 'fitness': 0.1996123231529312, 'generation': 533}","{'id': 42092, 'rank': 26, 'fitness': 0.029642270213334154, 'generation': 533}","{'id': 42092, 'rank': 27, 'fitness': 0.029642270213334154, 'generation': 533}","{'id': 42226, 'rank': 28, 'fitness': 0.022887662867811354, 'generation': 533}","{'id': 42206, 'rank': 29, 'fitness': 0.01829261965947193, 'generation': 533}","{'id': 42188, 'rank': 30, 'fitness': 0.01798620996209155, 'generation': 533}"
"{'id': 42163, 'rank': 1, 'fitness': 0.9820137900379085, 'generation': 534}","{'id': 42133, 'rank': 2, 'fitness': 0.9805468999849436, 'generation': 534}","{'id': 42217, 'rank': 3, 'fitness': 0.980526225276552, 'generation': 534}","{'id': 42217, 'rank': 4, 'fitness': 0.980526225276552, 'generation': 534}","{'id': 42217, 'rank': 5, 'fitness': 0.980526225276552, 'generation': 534}","{'id': 42130, 'rank': 6, 'fitness': 0.9803136510975754, 'generation': 534}","{'id': 42284, 'rank': 7, 'fitness': 0.9796922434996056, 'generation': 534}","{'id': 42222, 'rank': 8, 'fitness': 0.9796145689390124, 'generation': 534}","{'id': 42222, 'rank': 9, 'fitness': 0.9796145689390124, 'generation': 534}","{'id': 42219, 'rank': 10, 'fitness': 0.9786783713392273, 'generation': 534}","{'id': 42304, 'rank': 11, 'fitness': 0.9781608483884645, 'generation': 534}","{'id': 41943, 'rank': 12, 'fitness': 0.9773852144237349, 'generation': 534}","{'id': 41943, 'rank': 13, 'fitness': 0.9773852144237349, 'generation': 534}","{'id': 41975, 'rank': 14, 'fitness': 0.9770125491096171, 'generation': 534}","{'id': 41975, 'rank': 15, 'fitness': 0.9770125491096171, 'generation': 534}","{'id': 42215, 'rank': 16, 'fitness': 0.9762208474816148, 'generation': 534}","{'id': 42289, 'rank': 17, 'fitness': 0.9751857525449675, 'generation': 534}","{'id': 42092, 'rank': 18, 'fitness': 0.9730978897586469, 'generation': 534}","{'id': 42092, 'rank': 19, 'fitness': 0.9730978897586469, 'generation': 534}","{'id': 42092, 'rank': 20, 'fitness': 0.9730978897586469, 'generation': 534}","{'id': 42092, 'rank': 21, 'fitness': 0.9730978897586469, 'generation': 534}","{'id': 42281, 'rank': 22, 'fitness': 0.9723403389257446, 'generation': 534}","{'id': 42206, 'rank': 23, 'fitness': 0.9723065507387303, 'generation': 534}","{'id': 42206, 'rank': 24, 'fitness': 0.9723065507387303, 'generation': 534}","{'id': 42188, 'rank': 25, 'fitness': 0.9722786060912262, 'generation': 534}","{'id': 42257, 'rank': 26, 'fitness': 0.9237700463872861, 'generation': 534}","{'id': 42309, 'rank': 27, 'fitness': 0.8718705357768125, 'generation': 534}","{'id': 42258, 'rank': 28, 'fitness': 0.32087060626327, 'generation': 534}","{'id': 42296, 'rank': 29, 'fitness': 0.30359030076302607, 'generation': 534}","{'id': 42270, 'rank': 30, 'fitness': 0.01798620996209155, 'generation': 534}"
"{'id': 42163, 'rank': 1, 'fitness': 0.9820137900379085, 'generation': 535}","{'id': 42217, 'rank': 2, 'fitness': 0.9788524370978863, 'generation': 535}","{'id': 42222, 'rank': 3, 'fitness': 0.976789265325126, 'generation': 535}","{'id': 42321, 'rank': 4, 'fitness': 0.9766548009401219, 'generation': 535}","{'id': 42371, 'rank': 5, 'fitness': 0.9758610020801798, 'generation': 535}","{'id': 42371, 'rank': 6, 'fitness': 0.9758610020801798, 'generation': 535}","{'id': 42375, 'rank': 7, 'fitness': 0.9722848905755348, 'generation': 535}","{'id': 42375, 'rank': 8, 'fitness': 0.9722848905755348, 'generation': 535}","{'id': 41943, 'rank': 9, 'fitness': 0.9713451935733792, 'generation': 535}","{'id': 41943, 'rank': 10, 'fitness': 0.9713451935733792, 'generation': 535}","{'id': 42383, 'rank': 11, 'fitness': 0.9712025505199067, 'generation': 535}","{'id': 42319, 'rank': 12, 'fitness': 0.9703176119473386, 'generation': 535}","{'id': 42387, 'rank': 13, 'fitness': 0.9689644673632267, 'generation': 535}","{'id': 42382, 'rank': 14, 'fitness': 0.9687898848249377, 'generation': 535}","{'id': 42368, 'rank': 15, 'fitness': 0.9686707567141247, 'generation': 535}","{'id': 42215, 'rank': 16, 'fitness': 0.9682790930908727, 'generation': 535}","{'id': 42393, 'rank': 17, 'fitness': 0.9679905040682233, 'generation': 535}","{'id': 42340, 'rank': 18, 'fitness': 0.9673673633038757, 'generation': 535}","{'id': 42312, 'rank': 19, 'fitness': 0.9670052892432461, 'generation': 535}","{'id': 42359, 'rank': 20, 'fitness': 0.9668371266082444, 'generation': 535}","{'id': 42325, 'rank': 21, 'fitness': 0.9615516332143221, 'generation': 535}","{'id': 42092, 'rank': 22, 'fitness': 0.9593152139659056, 'generation': 535}","{'id': 42092, 'rank': 23, 'fitness': 0.9593152139659056, 'generation': 535}","{'id': 42092, 'rank': 24, 'fitness': 0.9593152139659056, 'generation': 535}","{'id': 42404, 'rank': 25, 'fitness': 0.9485648862178563, 'generation': 535}","{'id': 42399, 'rank': 26, 'fitness': 0.9466589787970475, 'generation': 535}","{'id': 42369, 'rank': 27, 'fitness': 0.9460201646822516, 'generation': 535}","{'id': 42338, 'rank': 28, 'fitness': 0.9344253536939315, 'generation': 535}","{'id': 42405, 'rank': 29, 'fitness': 0.9264019504921069, 'generation': 535}","{'id': 42343, 'rank': 30, 'fitness': 0.01798620996209155, 'generation': 535}"
"{'id': 42438, 'rank': 1, 'fitness': 0.9820137900379085, 'generation': 536}","{'id': 42438, 'rank': 2, 'fitness': 0.9820137900379085, 'generation': 536}","{'id': 42489, 'rank': 3, 'fitness': 0.980106822209057, 'generation': 536}","{'id': 42489, 'rank': 4, 'fitness': 0.980106822209057, 'generation': 536}","{'id': 42217, 'rank': 5, 'fitness': 0.9654051320950219, 'generation': 536}","{'id': 42217, 'rank': 6, 'fitness': 0.9654051320950219, 'generation': 536}","{'id': 42430, 'rank': 7, 'fitness': 0.9633626731119713, 'generation': 536}","{'id': 42222, 'rank': 8, 'fitness': 0.9549607923376616, 'generation': 536}","{'id': 42321, 'rank': 9, 'fitness': 0.9542210628023322, 'generation': 536}","{'id': 42371, 'rank': 10, 'fitness': 0.9497047070833633, 'generation': 536}","{'id': 42371, 'rank': 11, 'fitness': 0.9497047070833633, 'generation': 536}","{'id': 42459, 'rank': 12, 'fitness': 0.9490709243877244, 'generation': 536}","{'id': 42413, 'rank': 13, 'fitness': 0.9487833244815249, 'generation': 536}","{'id': 42439, 'rank': 14, 'fitness': 0.945960396172761, 'generation': 536}","{'id': 41943, 'rank': 15, 'fitness': 0.9190868434085315, 'generation': 536}","{'id': 42368, 'rank': 16, 'fitness': 0.8970222578297795, 'generation': 536}","{'id': 42465, 'rank': 17, 'fitness': 0.8870915294005978, 'generation': 536}","{'id': 42359, 'rank': 18, 'fitness': 0.8802682364625318, 'generation': 536}","{'id': 42476, 'rank': 19, 'fitness': 0.865964620475674, 'generation': 536}","{'id': 42488, 'rank': 20, 'fitness': 0.8646627516875183, 'generation': 536}","{'id': 42492, 'rank': 21, 'fitness': 0.8611264025796519, 'generation': 536}","{'id': 42461, 'rank': 22, 'fitness': 0.8165270861741565, 'generation': 536}","{'id': 42092, 'rank': 23, 'fitness': 0.7994019119373423, 'generation': 536}","{'id': 42092, 'rank': 24, 'fitness': 0.7994019119373423, 'generation': 536}","{'id': 42460, 'rank': 25, 'fitness': 0.7931061867645197, 'generation': 536}","{'id': 42460, 'rank': 26, 'fitness': 0.7931061867645197, 'generation': 536}","{'id': 42490, 'rank': 27, 'fitness': 0.6592941488333499, 'generation': 536}","{'id': 42405, 'rank': 28, 'fitness': 0.39445248960456153, 'generation': 536}","{'id': 42444, 'rank': 29, 'fitness': 0.16897699272630495, 'generation': 536}","{'id': 42471, 'rank': 30, 'fitness': 0.01798620996209155, 'generation': 536}"
"{'id': 42438, 'rank': 1, 'fitness': 0.9820137900379085, 'generation': 537}","{'id': 42493, 'rank': 2, 'fitness': 0.9806468999013613, 'generation': 537}","{'id': 42493, 'rank': 3, 'fitness': 0.9806468999013613, 'generation': 537}","{'id': 42503, 'rank': 4, 'fitness': 0.9801932329102918, 'generation': 537}","{'id': 42539, 'rank': 5, 'fitness': 0.9795246840549084, 'generation': 537}","{'id': 42539, 'rank': 6, 'fitness': 0.9795246840549084, 'generation': 537}","{'id': 42549, 'rank': 7, 'fitness': 0.9792622289648028, 'generation': 537}","{'id': 42550, 'rank': 8, 'fitness': 0.9789387973423329, 'generation': 537}","{'id': 42535, 'rank': 9, 'fitness': 0.9768850698190061, 'generation': 537}","{'id': 42535, 'rank': 10, 'fitness': 0.9768850698190061, 'generation': 537}","{'id': 42222, 'rank': 11, 'fitness': 0.9754491390238187, 'generation': 537}","{'id': 42321, 'rank': 12, 'fitness': 0.975311427416555, 'generation': 537}","{'id': 42459, 'rank': 13, 'fitness': 0.9743885951319354, 'generation': 537}","{'id': 42459, 'rank': 14, 'fitness': 0.9743885951319354, 'generation': 537}","{'id': 42538, 'rank': 15, 'fitness': 0.9732968316611028, 'generation': 537}","{'id': 42465, 'rank': 16, 'fitness': 0.9660570205253062, 'generation': 537}","{'id': 42476, 'rank': 17, 'fitness': 0.963834046186652, 'generation': 537}","{'id': 42492, 'rank': 18, 'fitness': 0.9633499539810775, 'generation': 537}","{'id': 42092, 'rank': 19, 'fitness': 0.957727748855168, 'generation': 537}","{'id': 42092, 'rank': 20, 'fitness': 0.957727748855168, 'generation': 537}","{'id': 42460, 'rank': 21, 'fitness': 0.9571965990274689, 'generation': 537}","{'id': 42490, 'rank': 22, 'fitness': 0.9467316401897503, 'generation': 537}","{'id': 42523, 'rank': 23, 'fitness': 0.9395947653742786, 'generation': 537}","{'id': 42533, 'rank': 24, 'fitness': 0.9274623410961071, 'generation': 537}","{'id': 42541, 'rank': 25, 'fitness': 0.8928278809794441, 'generation': 537}","{'id': 42507, 'rank': 26, 'fitness': 0.8729105025152977, 'generation': 537}","{'id': 42510, 'rank': 27, 'fitness': 0.8423186201039256, 'generation': 537}","{'id': 42513, 'rank': 28, 'fitness': 0.8349333991497014, 'generation': 537}","{'id': 42556, 'rank': 29, 'fitness': 0.028169363906326017, 'generation': 537}","{'id': 42506, 'rank': 30, 'fitness': 0.01798620996209155, 'generation': 537}"
"{'id': 42602, 'rank': 1, 'fitness': 0.9820137900379085, 'generation': 538}","{'id': 42438, 'rank': 2, 'fitness': 0.9737951704627241, 'generation': 538}","{'id': 42438, 'rank': 3, 'fitness': 0.9737951704627241, 'generation': 538}","{'id': 42639, 'rank': 4, 'fitness': 0.9677293554798667, 'generation': 538}","{'id': 42493, 'rank': 5, 'fitness': 0.9653644815002043, 'generation': 538}","{'id': 42624, 'rank': 6, 'fitness': 0.9629013782687087, 'generation': 538}","{'id': 42624, 'rank': 7, 'fitness': 0.9629013782687087, 'generation': 538}","{'id': 42503, 'rank': 8, 'fitness': 0.962186846359432, 'generation': 538}","{'id': 42503, 'rank': 9, 'fitness': 0.962186846359432, 'generation': 538}","{'id': 42539, 'rank': 10, 'fitness': 0.9571394647508591, 'generation': 538}","{'id': 42568, 'rank': 11, 'fitness': 0.9471663993337655, 'generation': 538}","{'id': 42606, 'rank': 12, 'fitness': 0.9409953480045944, 'generation': 538}","{'id': 42617, 'rank': 13, 'fitness': 0.9398217302256489, 'generation': 538}","{'id': 42577, 'rank': 14, 'fitness': 0.9352093516229256, 'generation': 538}","{'id': 42535, 'rank': 15, 'fitness': 0.9326621178763509, 'generation': 538}","{'id': 42642, 'rank': 16, 'fitness': 0.9153618815483884, 'generation': 538}","{'id': 42642, 'rank': 17, 'fitness': 0.9153618815483884, 'generation': 538}","{'id': 42321, 'rank': 18, 'fitness': 0.9143782040518424, 'generation': 538}","{'id': 42591, 'rank': 19, 'fitness': 0.9070779166539213, 'generation': 538}","{'id': 42623, 'rank': 20, 'fitness': 0.9031703564935276, 'generation': 538}","{'id': 42573, 'rank': 21, 'fitness': 0.8767124623172805, 'generation': 538}","{'id': 42605, 'rank': 22, 'fitness': 0.8616848441898748, 'generation': 538}","{'id': 42465, 'rank': 23, 'fitness': 0.7511607378437637, 'generation': 538}","{'id': 42632, 'rank': 24, 'fitness': 0.737064146677287, 'generation': 538}","{'id': 42575, 'rank': 25, 'fitness': 0.6962982123080865, 'generation': 538}","{'id': 42492, 'rank': 26, 'fitness': 0.6896116157266587, 'generation': 538}","{'id': 42092, 'rank': 27, 'fitness': 0.5562067850575262, 'generation': 538}","{'id': 42588, 'rank': 28, 'fitness': 0.4526358032288568, 'generation': 538}","{'id': 42533, 'rank': 29, 'fitness': 0.12144741192558595, 'generation': 538}","{'id': 42609, 'rank': 30, 'fitness': 0.01798620996209155, 'generation': 538}"
"{'id': 42663, 'rank': 1, 'fitness': 0.9820137900379085, 'generation': 539}","{'id': 42663, 'rank': 2, 'fitness': 0.9820137900379085, 'generation': 539}","{'id': 42438, 'rank': 3, 'fitness': 0.9794463949917601, 'generation': 539}","{'id': 42651, 'rank': 4, 'fitness': 0.9785543445252667, 'generation': 539}","{'id': 42624, 'rank': 5, 'fitness': 0.9763159113587907, 'generation': 539}","{'id': 42624, 'rank': 6, 'fitness': 0.9763159113587907, 'generation': 539}","{'id': 42503, 'rank': 7, 'fitness': 0.9761300820125312, 'generation': 539}","{'id': 42617, 'rank': 8, 'fitness': 0.9710774430052344, 'generation': 539}","{'id': 42617, 'rank': 9, 'fitness': 0.9710774430052344, 'generation': 539}","{'id': 42707, 'rank': 10, 'fitness': 0.9706252610081603, 'generation': 539}","{'id': 42669, 'rank': 11, 'fitness': 0.9699854924957789, 'generation': 539}","{'id': 42670, 'rank': 12, 'fitness': 0.9692818036950744, 'generation': 539}","{'id': 42670, 'rank': 13, 'fitness': 0.9692818036950744, 'generation': 539}","{'id': 42708, 'rank': 14, 'fitness': 0.9687328704842745, 'generation': 539}","{'id': 42642, 'rank': 15, 'fitness': 0.9666042034823394, 'generation': 539}","{'id': 42591, 'rank': 16, 'fitness': 0.9652419725761068, 'generation': 539}","{'id': 42684, 'rank': 17, 'fitness': 0.9569208046877806, 'generation': 539}","{'id': 42575, 'rank': 18, 'fitness': 0.9392757698497227, 'generation': 539}","{'id': 42693, 'rank': 19, 'fitness': 0.9300979445375042, 'generation': 539}","{'id': 42668, 'rank': 20, 'fitness': 0.9200016463298936, 'generation': 539}","{'id': 42588, 'rank': 21, 'fitness': 0.9110760825060811, 'generation': 539}","{'id': 42688, 'rank': 22, 'fitness': 0.8567289458901044, 'generation': 539}","{'id': 42716, 'rank': 23, 'fitness': 0.6710605766747658, 'generation': 539}","{'id': 42678, 'rank': 24, 'fitness': 0.5324735463674268, 'generation': 539}","{'id': 42704, 'rank': 25, 'fitness': 0.5195597962134405, 'generation': 539}","{'id': 42714, 'rank': 26, 'fitness': 0.4915454372989882, 'generation': 539}","{'id': 42679, 'rank': 27, 'fitness': 0.3291509376704549, 'generation': 539}","{'id': 42681, 'rank': 28, 'fitness': 0.1257286054946261, 'generation': 539}","{'id': 42644, 'rank': 29, 'fitness': 0.025023903606356757, 'generation': 539}","{'id': 42656, 'rank': 30, 'fitness': 0.01798620996209155, 'generation': 539}"
"{'id': 42663, 'rank': 1, 'fitness': 0.9820137900379085, 'generation': 540}","{'id': 42782, 'rank': 2, 'fitness': 0.9812333882621606, 'generation': 540}","{'id': 42438, 'rank': 3, 'fitness': 0.9794463949917601, 'generation': 540}","{'id': 42624, 'rank': 4, 'fitness': 0.9763159113587907, 'generation': 540}","{'id': 42624, 'rank': 5, 'fitness': 0.9763159113587907, 'generation': 540}","{'id': 42624, 'rank': 6, 'fitness': 0.9763159113587907, 'generation': 540}","{'id': 42624, 'rank': 7, 'fitness': 0.9763159113587907, 'generation': 540}","{'id': 42503, 'rank': 8, 'fitness': 0.9761300820125312, 'generation': 540}","{'id': 42503, 'rank': 9, 'fitness': 0.9761300820125312, 'generation': 540}","{'id': 42757, 'rank': 10, 'fitness': 0.972046412481552, 'generation': 540}","{'id': 42617, 'rank': 11, 'fitness': 0.9710774430052344, 'generation': 540}","{'id': 42707, 'rank': 12, 'fitness': 0.9706252610081603, 'generation': 540}","{'id': 42669, 'rank': 13, 'fitness': 0.9699854924957789, 'generation': 540}","{'id': 42670, 'rank': 14, 'fitness': 0.9692818036950744, 'generation': 540}","{'id': 42591, 'rank': 15, 'fitness': 0.9652419725761068, 'generation': 540}","{'id': 42721, 'rank': 16, 'fitness': 0.9629610959597932, 'generation': 540}","{'id': 42721, 'rank': 17, 'fitness': 0.9629610959597932, 'generation': 540}","{'id': 42758, 'rank': 18, 'fitness': 0.9627180238590871, 'generation': 540}","{'id': 42779, 'rank': 19, 'fitness': 0.9610458106593729, 'generation': 540}","{'id': 42737, 'rank': 20, 'fitness': 0.9550475953254681, 'generation': 540}","{'id': 42722, 'rank': 21, 'fitness': 0.951553970727824, 'generation': 540}","{'id': 42760, 'rank': 22, 'fitness': 0.9478170185361983, 'generation': 540}","{'id': 42760, 'rank': 23, 'fitness': 0.9478170185361983, 'generation': 540}","{'id': 42780, 'rank': 24, 'fitness': 0.9416806125397688, 'generation': 540}","{'id': 42575, 'rank': 25, 'fitness': 0.9392757698497227, 'generation': 540}","{'id': 42734, 'rank': 26, 'fitness': 0.9357200995707129, 'generation': 540}","{'id': 42668, 'rank': 27, 'fitness': 0.9200016463298936, 'generation': 540}","{'id': 42726, 'rank': 28, 'fitness': 0.9029387681760167, 'generation': 540}","{'id': 42771, 'rank': 29, 'fitness': 0.061702767564745076, 'generation': 540}","{'id': 42656, 'rank': 30, 'fitness': 0.01798620996209155, 'generation': 540}"
"{'id': 42881, 'rank': 1, 'fitness': 0.9820137900379085, 'generation': 541}","{'id': 42782, 'rank': 2, 'fitness': 0.9682042343715174, 'generation': 541}","{'id': 42832, 'rank': 3, 'fitness': 0.9462083304833808, 'generation': 541}","{'id': 42624, 'rank': 4, 'fitness': 0.9461709865720225, 'generation': 541}","{'id': 42624, 'rank': 5, 'fitness': 0.9461709865720225, 'generation': 541}","{'id': 42882, 'rank': 6, 'fitness': 0.9257811596865254, 'generation': 541}","{'id': 42707, 'rank': 7, 'fitness': 0.9133633758015347, 'generation': 541}","{'id': 42785, 'rank': 8, 'fitness': 0.9094405636168466, 'generation': 541}","{'id': 42866, 'rank': 9, 'fitness': 0.9037057678674482, 'generation': 541}","{'id': 42825, 'rank': 10, 'fitness': 0.8930641897130009, 'generation': 541}","{'id': 42824, 'rank': 11, 'fitness': 0.8913460263070542, 'generation': 541}","{'id': 42836, 'rank': 12, 'fitness': 0.868658880939857, 'generation': 541}","{'id': 42758, 'rank': 13, 'fitness': 0.856381769097004, 'generation': 541}","{'id': 42883, 'rank': 14, 'fitness': 0.8375066974254333, 'generation': 541}","{'id': 42870, 'rank': 15, 'fitness': 0.8240303695060847, 'generation': 541}","{'id': 42831, 'rank': 16, 'fitness': 0.8056373542493392, 'generation': 541}","{'id': 42831, 'rank': 17, 'fitness': 0.8056373542493392, 'generation': 541}","{'id': 42828, 'rank': 18, 'fitness': 0.8048554165361026, 'generation': 541}","{'id': 42737, 'rank': 19, 'fitness': 0.7916078628791239, 'generation': 541}","{'id': 42854, 'rank': 20, 'fitness': 0.7392716082736566, 'generation': 541}","{'id': 42760, 'rank': 21, 'fitness': 0.7255875467997407, 'generation': 541}","{'id': 42818, 'rank': 22, 'fitness': 0.6462224538154755, 'generation': 541}","{'id': 42734, 'rank': 23, 'fitness': 0.6132001770777395, 'generation': 541}","{'id': 42734, 'rank': 24, 'fitness': 0.6132001770777395, 'generation': 541}","{'id': 42869, 'rank': 25, 'fitness': 0.504036046273786, 'generation': 541}","{'id': 42726, 'rank': 26, 'fitness': 0.3602912578330437, 'generation': 541}","{'id': 42880, 'rank': 27, 'fitness': 0.31529924485562755, 'generation': 541}","{'id': 42815, 'rank': 28, 'fitness': 0.12034043042309456, 'generation': 541}","{'id': 42793, 'rank': 29, 'fitness': 0.08380288455127238, 'generation': 541}","{'id': 42812, 'rank': 30, 'fitness': 0.01798620996209155, 'generation': 541}"
"{'id': 42881, 'rank': 1, 'fitness': 0.9820137900379085, 'generation': 542}","{'id': 42926, 'rank': 2, 'fitness': 0.9817854968419901, 'generation': 542}","{'id': 42832, 'rank': 3, 'fitness': 0.9815144796843619, 'generation': 542}","{'id': 42832, 'rank': 4, 'fitness': 0.9815144796843619, 'generation': 542}","{'id': 42624, 'rank': 5, 'fitness': 0.981514151986394, 'generation': 542}","{'id': 42785, 'rank': 6, 'fitness': 0.9812623784543744, 'generation': 542}","{'id': 42898, 'rank': 7, 'fitness': 0.9809049249160271, 'generation': 542}","{'id': 42831, 'rank': 8, 'fitness': 0.9808574967851696, 'generation': 542}","{'id': 42828, 'rank': 9, 'fitness': 0.9808551913425536, 'generation': 542}","{'id': 42901, 'rank': 10, 'fitness': 0.9803780032585274, 'generation': 542}","{'id': 42880, 'rank': 11, 'fitness': 0.9798146663976137, 'generation': 542}","{'id': 42891, 'rank': 12, 'fitness': 0.9795891562298371, 'generation': 542}","{'id': 42891, 'rank': 13, 'fitness': 0.9795891562298371, 'generation': 542}","{'id': 42942, 'rank': 14, 'fitness': 0.9792407233399898, 'generation': 542}","{'id': 42815, 'rank': 15, 'fitness': 0.9792149921608906, 'generation': 542}","{'id': 42812, 'rank': 16, 'fitness': 0.9781829464565945, 'generation': 542}","{'id': 42812, 'rank': 17, 'fitness': 0.9781829464565945, 'generation': 542}","{'id': 42890, 'rank': 18, 'fitness': 0.9772913758766417, 'generation': 542}","{'id': 42908, 'rank': 19, 'fitness': 0.9761397235137843, 'generation': 542}","{'id': 42928, 'rank': 20, 'fitness': 0.9713339585950976, 'generation': 542}","{'id': 42937, 'rank': 21, 'fitness': 0.9668605116846012, 'generation': 542}","{'id': 42950, 'rank': 22, 'fitness': 0.9657486812248763, 'generation': 542}","{'id': 42939, 'rank': 23, 'fitness': 0.9582824139661351, 'generation': 542}","{'id': 42920, 'rank': 24, 'fitness': 0.9543918691443102, 'generation': 542}","{'id': 42921, 'rank': 25, 'fitness': 0.9499434771176931, 'generation': 542}","{'id': 42893, 'rank': 26, 'fitness': 0.9428231195346486, 'generation': 542}","{'id': 42919, 'rank': 27, 'fitness': 0.8916103504026784, 'generation': 542}","{'id': 42945, 'rank': 28, 'fitness': 0.8866228572419446, 'generation': 542}","{'id': 42910, 'rank': 29, 'fitness': 0.8421995509482683, 'generation': 542}","{'id': 42922, 'rank': 30, 'fitness': 0.01798620996209155, 'generation': 542}"
"{'id': 42926, 'rank': 1, 'fitness': 0.9820137900379085, 'generation': 543}","{'id': 43031, 'rank': 2, 'fitness': 0.9816308147379921, 'generation': 543}","{'id': 43031, 'rank': 3, 'fitness': 0.9816308147379921, 'generation': 543}","{'id': 43006, 'rank': 4, 'fitness': 0.9815101900828882, 'generation': 543}","{'id': 43008, 'rank': 5, 'fitness': 0.9808049680409869, 'generation': 543}","{'id': 43033, 'rank': 6, 'fitness': 0.9804254563575696, 'generation': 543}","{'id': 43018, 'rank': 7, 'fitness': 0.9794172829579675, 'generation': 543}","{'id': 42974, 'rank': 8, 'fitness': 0.9791053080239049, 'generation': 543}","{'id': 42974, 'rank': 9, 'fitness': 0.9791053080239049, 'generation': 543}","{'id': 43032, 'rank': 10, 'fitness': 0.978819077593192, 'generation': 543}","{'id': 43040, 'rank': 11, 'fitness': 0.9786848540069464, 'generation': 543}","{'id': 43037, 'rank': 12, 'fitness': 0.9781932384640366, 'generation': 543}","{'id': 42961, 'rank': 13, 'fitness': 0.9781739650254986, 'generation': 543}","{'id': 42975, 'rank': 14, 'fitness': 0.9749897498843797, 'generation': 543}","{'id': 42891, 'rank': 15, 'fitness': 0.9728247240574077, 'generation': 543}","{'id': 42991, 'rank': 16, 'fitness': 0.9722425970814461, 'generation': 543}","{'id': 43026, 'rank': 17, 'fitness': 0.9717173766045675, 'generation': 543}","{'id': 43027, 'rank': 18, 'fitness': 0.9715214830954175, 'generation': 543}","{'id': 43028, 'rank': 19, 'fitness': 0.9693213892914365, 'generation': 543}","{'id': 43028, 'rank': 20, 'fitness': 0.9693213892914365, 'generation': 543}","{'id': 43020, 'rank': 21, 'fitness': 0.9657024365914811, 'generation': 543}","{'id': 43019, 'rank': 22, 'fitness': 0.9647019467204654, 'generation': 543}","{'id': 43010, 'rank': 23, 'fitness': 0.9624323806593836, 'generation': 543}","{'id': 43022, 'rank': 24, 'fitness': 0.9579470896097411, 'generation': 543}","{'id': 42937, 'rank': 25, 'fitness': 0.854219137640883, 'generation': 543}","{'id': 42996, 'rank': 26, 'fitness': 0.7869336656268463, 'generation': 543}","{'id': 42939, 'rank': 27, 'fitness': 0.710675201947162, 'generation': 543}","{'id': 42939, 'rank': 28, 'fitness': 0.710675201947162, 'generation': 543}","{'id': 42951, 'rank': 29, 'fitness': 0.47141841290938424, 'generation': 543}","{'id': 42967, 'rank': 30, 'fitness': 0.01798620996209155, 'generation': 543}"
"{'id': 43071, 'rank': 1, 'fitness': 0.9820137900379085, 'generation': 544}","{'id': 43031, 'rank': 2, 'fitness': 0.9819094162553588, 'generation': 544}","{'id': 43042, 'rank': 3, 'fitness': 0.9815313139367674, 'generation': 544}","{'id': 43042, 'rank': 4, 'fitness': 0.9815313139367674, 'generation': 544}","{'id': 43008, 'rank': 5, 'fitness': 0.9776088704538106, 'generation': 544}","{'id': 43070, 'rank': 6, 'fitness': 0.9764929477191863, 'generation': 544}","{'id': 43054, 'rank': 7, 'fitness': 0.9734665867760288, 'generation': 544}","{'id': 43057, 'rank': 8, 'fitness': 0.9715792332057299, 'generation': 544}","{'id': 43050, 'rank': 9, 'fitness': 0.969148420036603, 'generation': 544}","{'id': 43050, 'rank': 10, 'fitness': 0.969148420036603, 'generation': 544}","{'id': 43087, 'rank': 11, 'fitness': 0.9669886111835685, 'generation': 544}","{'id': 42974, 'rank': 12, 'fitness': 0.9662999848231469, 'generation': 544}","{'id': 43106, 'rank': 13, 'fitness': 0.9662157690155568, 'generation': 544}","{'id': 43089, 'rank': 14, 'fitness': 0.9644012107595502, 'generation': 544}","{'id': 43043, 'rank': 15, 'fitness': 0.9641082179806018, 'generation': 544}","{'id': 43043, 'rank': 16, 'fitness': 0.9641082179806018, 'generation': 544}","{'id': 43043, 'rank': 17, 'fitness': 0.9641082179806018, 'generation': 544}","{'id': 43032, 'rank': 18, 'fitness': 0.9640314673096736, 'generation': 544}","{'id': 43040, 'rank': 19, 'fitness': 0.9629286448467625, 'generation': 544}","{'id': 43055, 'rank': 20, 'fitness': 0.9463620213950126, 'generation': 544}","{'id': 43047, 'rank': 21, 'fitness': 0.9426241541315423, 'generation': 544}","{'id': 43093, 'rank': 22, 'fitness': 0.9374199405846996, 'generation': 544}","{'id': 43093, 'rank': 23, 'fitness': 0.9374199405846996, 'generation': 544}","{'id': 43093, 'rank': 24, 'fitness': 0.9374199405846996, 'generation': 544}","{'id': 43113, 'rank': 25, 'fitness': 0.9283679509350462, 'generation': 544}","{'id': 43108, 'rank': 26, 'fitness': 0.9270407303806348, 'generation': 544}","{'id': 43052, 'rank': 27, 'fitness': 0.6971392718024254, 'generation': 544}","{'id': 43076, 'rank': 28, 'fitness': 0.6393779101373449, 'generation': 544}","{'id': 43120, 'rank': 29, 'fitness': 0.29227340511757827, 'generation': 544}","{'id': 43099, 'rank': 30, 'fitness': 0.01798620996209155, 'generation': 544}"
"{'id': 43160, 'rank': 1, 'fitness': 0.9820137900379085, 'generation': 545}","{'id': 43031, 'rank': 2, 'fitness': 0.9762527120534877, 'generation': 545}","{'id': 43206, 'rank': 3, 'fitness': 0.9761154677420147, 'generation': 545}","{'id': 43181, 'rank': 4, 'fitness': 0.9699907490257351, 'generation': 545}","{'id': 43181, 'rank': 5, 'fitness': 0.9699907490257351, 'generation': 545}","{'id': 43139, 'rank': 6, 'fitness': 0.9684641730624212, 'generation': 545}","{'id': 43178, 'rank': 7, 'fitness': 0.9644025992473748, 'generation': 545}","{'id': 43207, 'rank': 8, 'fitness': 0.9432212225603063, 'generation': 545}","{'id': 43194, 'rank': 9, 'fitness': 0.9357390622592066, 'generation': 545}","{'id': 43050, 'rank': 10, 'fitness': 0.9138019947282998, 'generation': 545}","{'id': 43087, 'rank': 11, 'fitness': 0.899144009940778, 'generation': 545}","{'id': 43087, 'rank': 12, 'fitness': 0.899144009940778, 'generation': 545}","{'id': 43157, 'rank': 13, 'fitness': 0.889828055937395, 'generation': 545}","{'id': 43089, 'rank': 14, 'fitness': 0.8801767664147097, 'generation': 545}","{'id': 43043, 'rank': 15, 'fitness': 0.8779371350458575, 'generation': 545}","{'id': 43043, 'rank': 16, 'fitness': 0.8779371350458575, 'generation': 545}","{'id': 43135, 'rank': 17, 'fitness': 0.8114684886138513, 'generation': 545}","{'id': 43197, 'rank': 18, 'fitness': 0.7682249206876612, 'generation': 545}","{'id': 43177, 'rank': 19, 'fitness': 0.6961638101820875, 'generation': 545}","{'id': 43204, 'rank': 20, 'fitness': 0.6537268132763517, 'generation': 545}","{'id': 43093, 'rank': 21, 'fitness': 0.6284864148236111, 'generation': 545}","{'id': 43093, 'rank': 22, 'fitness': 0.6284864148236111, 'generation': 545}","{'id': 43108, 'rank': 23, 'fitness': 0.5294263412476137, 'generation': 545}","{'id': 43164, 'rank': 24, 'fitness': 0.3523874864494423, 'generation': 545}","{'id': 43163, 'rank': 25, 'fitness': 0.1337450485960905, 'generation': 545}","{'id': 43174, 'rank': 26, 'fitness': 0.10640972635113871, 'generation': 545}","{'id': 43166, 'rank': 27, 'fitness': 0.10308566025230664, 'generation': 545}","{'id': 43125, 'rank': 28, 'fitness': 0.03412689296237231, 'generation': 545}","{'id': 43187, 'rank': 29, 'fitness': 0.01854298677981364, 'generation': 545}","{'id': 43151, 'rank': 30, 'fitness': 0.01798620996209155, 'generation': 545}"
"{'id': 43160, 'rank': 1, 'fitness': 0.9820137900379085, 'generation': 546}","{'id': 43139, 'rank': 2, 'fitness': 0.98180746710742, 'generation': 546}","{'id': 43274, 'rank': 3, 'fitness': 0.9817715627119017, 'generation': 546}","{'id': 43178, 'rank': 4, 'fitness': 0.9817622134062397, 'generation': 546}","{'id': 43275, 'rank': 5, 'fitness': 0.9816977777314255, 'generation': 546}","{'id': 43207, 'rank': 6, 'fitness': 0.9815845824321715, 'generation': 546}","{'id': 43220, 'rank': 7, 'fitness': 0.9815252933732648, 'generation': 546}","{'id': 43272, 'rank': 8, 'fitness': 0.9814971360294371, 'generation': 546}","{'id': 43224, 'rank': 9, 'fitness': 0.9814187984594004, 'generation': 546}","{'id': 43221, 'rank': 10, 'fitness': 0.9813622305930619, 'generation': 546}","{'id': 43221, 'rank': 11, 'fitness': 0.9813622305930619, 'generation': 546}","{'id': 43087, 'rank': 12, 'fitness': 0.9813560866309774, 'generation': 546}","{'id': 43157, 'rank': 13, 'fitness': 0.981319573039975, 'generation': 546}","{'id': 43273, 'rank': 14, 'fitness': 0.9811079688502312, 'generation': 546}","{'id': 43197, 'rank': 15, 'fitness': 0.9809871013181288, 'generation': 546}","{'id': 43267, 'rank': 16, 'fitness': 0.9809171981572626, 'generation': 546}","{'id': 43276, 'rank': 17, 'fitness': 0.9808934586729668, 'generation': 546}","{'id': 43246, 'rank': 18, 'fitness': 0.9807413543950672, 'generation': 546}","{'id': 43093, 'rank': 19, 'fitness': 0.9807321979535653, 'generation': 546}","{'id': 43093, 'rank': 20, 'fitness': 0.9807321979535653, 'generation': 546}","{'id': 43270, 'rank': 21, 'fitness': 0.9807266907612993, 'generation': 546}","{'id': 43248, 'rank': 22, 'fitness': 0.9801049391740946, 'generation': 546}","{'id': 43174, 'rank': 23, 'fitness': 0.9796933963715848, 'generation': 546}","{'id': 43125, 'rank': 24, 'fitness': 0.9791996571132179, 'generation': 546}","{'id': 43244, 'rank': 25, 'fitness': 0.978663490961136, 'generation': 546}","{'id': 43261, 'rank': 26, 'fitness': 0.9742154997010906, 'generation': 546}","{'id': 43213, 'rank': 27, 'fitness': 0.9662960245061383, 'generation': 546}","{'id': 43233, 'rank': 28, 'fitness': 0.9568030989992238, 'generation': 546}","{'id': 43252, 'rank': 29, 'fitness': 0.1843960440617992, 'generation': 546}","{'id': 43242, 'rank': 30, 'fitness': 0.01798620996209155, 'generation': 546}"
"{'id': 43178, 'rank': 1, 'fitness': 0.9820137900379085, 'generation': 547}","{'id': 43178, 'rank': 2, 'fitness': 0.9820137900379085, 'generation': 547}","{'id': 43275, 'rank': 3, 'fitness': 0.9790618904791173, 'generation': 547}","{'id': 43275, 'rank': 4, 'fitness': 0.9790618904791173, 'generation': 547}","{'id': 43350, 'rank': 5, 'fitness': 0.9786688492336189, 'generation': 547}","{'id': 43220, 'rank': 6, 'fitness': 0.9687139521128856, 'generation': 547}","{'id': 43220, 'rank': 7, 'fitness': 0.9687139521128856, 'generation': 547}","{'id': 43359, 'rank': 8, 'fitness': 0.9679740234382084, 'generation': 547}","{'id': 43293, 'rank': 9, 'fitness': 0.9674228111825952, 'generation': 547}","{'id': 43291, 'rank': 10, 'fitness': 0.9657419243816834, 'generation': 547}","{'id': 43321, 'rank': 11, 'fitness': 0.964093606094255, 'generation': 547}","{'id': 43321, 'rank': 12, 'fitness': 0.964093606094255, 'generation': 547}","{'id': 43224, 'rank': 13, 'fitness': 0.9600808882334266, 'generation': 547}","{'id': 43224, 'rank': 14, 'fitness': 0.9600808882334266, 'generation': 547}","{'id': 43224, 'rank': 15, 'fitness': 0.9600808882334266, 'generation': 547}","{'id': 43224, 'rank': 16, 'fitness': 0.9600808882334266, 'generation': 547}","{'id': 43360, 'rank': 17, 'fitness': 0.9546792671976037, 'generation': 547}","{'id': 43319, 'rank': 18, 'fitness': 0.9456174425131446, 'generation': 547}","{'id': 43356, 'rank': 19, 'fitness': 0.9412635927098725, 'generation': 547}","{'id': 43287, 'rank': 20, 'fitness': 0.9241969091789204, 'generation': 547}","{'id': 43325, 'rank': 21, 'fitness': 0.9213489878441224, 'generation': 547}","{'id': 43273, 'rank': 22, 'fitness': 0.9206223174315358, 'generation': 547}","{'id': 43327, 'rank': 23, 'fitness': 0.9101223716209421, 'generation': 547}","{'id': 43327, 'rank': 24, 'fitness': 0.9101223716209421, 'generation': 547}","{'id': 43330, 'rank': 25, 'fitness': 0.9054180286634332, 'generation': 547}","{'id': 43197, 'rank': 26, 'fitness': 0.8975600283204168, 'generation': 547}","{'id': 43289, 'rank': 27, 'fitness': 0.84440092629571, 'generation': 547}","{'id': 43283, 'rank': 28, 'fitness': 0.837207960699058, 'generation': 547}","{'id': 43174, 'rank': 29, 'fitness': 0.32600918627169395, 'generation': 547}","{'id': 43315, 'rank': 30, 'fitness': 0.01798620996209155, 'generation': 547}"
"{'id': 43178, 'rank': 1, 'fitness': 0.9820137900379085, 'generation': 548}","{'id': 43403, 'rank': 2, 'fitness': 0.9772790608844986, 'generation': 548}","{'id': 43422, 'rank': 3, 'fitness': 0.976342359313747, 'generation': 548}","{'id': 43402, 'rank': 4, 'fitness': 0.9733657613763766, 'generation': 548}","{'id': 43402, 'rank': 5, 'fitness': 0.9733657613763766, 'generation': 548}","{'id': 43402, 'rank': 6, 'fitness': 0.9733657613763766, 'generation': 548}","{'id': 43359, 'rank': 7, 'fitness': 0.9728768419548559, 'generation': 548}","{'id': 43293, 'rank': 8, 'fitness': 0.972544271527368, 'generation': 548}","{'id': 43291, 'rank': 9, 'fitness': 0.9715394108483169, 'generation': 548}","{'id': 43404, 'rank': 10, 'fitness': 0.9707545457571334, 'generation': 548}","{'id': 43321, 'rank': 11, 'fitness': 0.9705669089593898, 'generation': 548}","{'id': 43321, 'rank': 12, 'fitness': 0.9705669089593898, 'generation': 548}","{'id': 43224, 'rank': 13, 'fitness': 0.9682479375007452, 'generation': 548}","{'id': 43224, 'rank': 14, 'fitness': 0.9682479375007452, 'generation': 548}","{'id': 43373, 'rank': 15, 'fitness': 0.9679031619790677, 'generation': 548}","{'id': 43360, 'rank': 16, 'fitness': 0.9652214496079299, 'generation': 548}","{'id': 43409, 'rank': 17, 'fitness': 0.9494538823026147, 'generation': 548}","{'id': 43325, 'rank': 18, 'fitness': 0.9481647918796589, 'generation': 548}","{'id': 43417, 'rank': 19, 'fitness': 0.9461479474691046, 'generation': 548}","{'id': 43430, 'rank': 20, 'fitness': 0.943765756299288, 'generation': 548}","{'id': 43330, 'rank': 21, 'fitness': 0.9406446461158122, 'generation': 548}","{'id': 43427, 'rank': 22, 'fitness': 0.9328339894552593, 'generation': 548}","{'id': 43283, 'rank': 23, 'fitness': 0.9106491187990049, 'generation': 548}","{'id': 43412, 'rank': 24, 'fitness': 0.8343096576428607, 'generation': 548}","{'id': 43426, 'rank': 25, 'fitness': 0.796163925208956, 'generation': 548}","{'id': 43426, 'rank': 26, 'fitness': 0.796163925208956, 'generation': 548}","{'id': 43366, 'rank': 27, 'fitness': 0.7427709998582941, 'generation': 548}","{'id': 43174, 'rank': 28, 'fitness': 0.6552314843359696, 'generation': 548}","{'id': 43174, 'rank': 29, 'fitness': 0.6552314843359696, 'generation': 548}","{'id': 43374, 'rank': 30, 'fitness': 0.01798620996209155, 'generation': 548}"
"{'id': 43403, 'rank': 1, 'fitness': 0.9820137900379085, 'generation': 549}","{'id': 43422, 'rank': 2, 'fitness': 0.9819875350835148, 'generation': 549}","{'id': 43446, 'rank': 3, 'fitness': 0.9819107217536625, 'generation': 549}","{'id': 43446, 'rank': 4, 'fitness': 0.9819107217536625, 'generation': 549}","{'id': 43402, 'rank': 5, 'fitness': 0.9819101453914976, 'generation': 549}","{'id': 43402, 'rank': 6, 'fitness': 0.9819101453914976, 'generation': 549}","{'id': 43359, 'rank': 7, 'fitness': 0.9818982164190635, 'generation': 549}","{'id': 43359, 'rank': 8, 'fitness': 0.9818982164190635, 'generation': 549}","{'id': 43447, 'rank': 9, 'fitness': 0.9818854000391188, 'generation': 549}","{'id': 43447, 'rank': 10, 'fitness': 0.9818854000391188, 'generation': 549}","{'id': 43404, 'rank': 11, 'fitness': 0.9818486637674702, 'generation': 549}","{'id': 43224, 'rank': 12, 'fitness': 0.981794292949871, 'generation': 549}","{'id': 43443, 'rank': 13, 'fitness': 0.9817618905221221, 'generation': 549}","{'id': 43468, 'rank': 14, 'fitness': 0.981613379727958, 'generation': 549}","{'id': 43513, 'rank': 15, 'fitness': 0.9815659357195622, 'generation': 549}","{'id': 43477, 'rank': 16, 'fitness': 0.9814154136298459, 'generation': 549}","{'id': 43492, 'rank': 17, 'fitness': 0.9814073980604104, 'generation': 549}","{'id': 43330, 'rank': 18, 'fitness': 0.9813693300406994, 'generation': 549}","{'id': 43427, 'rank': 19, 'fitness': 0.9812824766390349, 'generation': 549}","{'id': 43467, 'rank': 20, 'fitness': 0.9808903147463865, 'generation': 549}","{'id': 43493, 'rank': 21, 'fitness': 0.9806789907213134, 'generation': 549}","{'id': 43490, 'rank': 22, 'fitness': 0.9805964731999984, 'generation': 549}","{'id': 43459, 'rank': 23, 'fitness': 0.9805120165769434, 'generation': 549}","{'id': 43488, 'rank': 24, 'fitness': 0.9797444430753581, 'generation': 549}","{'id': 43482, 'rank': 25, 'fitness': 0.9796462511654225, 'generation': 549}","{'id': 43482, 'rank': 26, 'fitness': 0.9796462511654225, 'generation': 549}","{'id': 43441, 'rank': 27, 'fitness': 0.9792280397270863, 'generation': 549}","{'id': 43514, 'rank': 28, 'fitness': 0.9774020364917135, 'generation': 549}","{'id': 43463, 'rank': 29, 'fitness': 0.9766897150501372, 'generation': 549}","{'id': 43465, 'rank': 30, 'fitness': 0.01798620996209155, 'generation': 549}"
"{'id': 43553, 'rank': 1, 'fitness': 0.9820137900379085, 'generation': 550}","{'id': 43552, 'rank': 2, 'fitness': 0.9808809208470893, 'generation': 550}","{'id': 43610, 'rank': 3, 'fitness': 0.9803314843644378, 'generation': 550}","{'id': 43359, 'rank': 4, 'fitness': 0.975274064279154, 'generation': 550}","{'id': 43359, 'rank': 5, 'fitness': 0.975274064279154, 'generation': 550}","{'id': 43598, 'rank': 6, 'fitness': 0.9695200994987174, 'generation': 550}","{'id': 43224, 'rank': 7, 'fitness': 0.9672500175282202, 'generation': 550}","{'id': 43468, 'rank': 8, 'fitness': 0.9471378869871566, 'generation': 550}","{'id': 43468, 'rank': 9, 'fitness': 0.9471378869871566, 'generation': 550}","{'id': 43576, 'rank': 10, 'fitness': 0.9457830686178377, 'generation': 550}","{'id': 43576, 'rank': 11, 'fitness': 0.9457830686178377, 'generation': 550}","{'id': 43607, 'rank': 12, 'fitness': 0.9402040514336129, 'generation': 550}","{'id': 43557, 'rank': 13, 'fitness': 0.9186840011332855, 'generation': 550}","{'id': 43554, 'rank': 14, 'fitness': 0.9184546664437367, 'generation': 550}","{'id': 43596, 'rank': 15, 'fitness': 0.9120141070040675, 'generation': 550}","{'id': 43596, 'rank': 16, 'fitness': 0.9120141070040675, 'generation': 550}","{'id': 43532, 'rank': 17, 'fitness': 0.9089088198293139, 'generation': 550}","{'id': 43581, 'rank': 18, 'fitness': 0.8701138484090353, 'generation': 550}","{'id': 43581, 'rank': 19, 'fitness': 0.8701138484090353, 'generation': 550}","{'id': 43597, 'rank': 20, 'fitness': 0.864525356077623, 'generation': 550}","{'id': 43556, 'rank': 21, 'fitness': 0.7512474050663175, 'generation': 550}","{'id': 43575, 'rank': 22, 'fitness': 0.7502033491740772, 'generation': 550}","{'id': 43459, 'rank': 23, 'fitness': 0.48585287923916853, 'generation': 550}","{'id': 43522, 'rank': 24, 'fitness': 0.4206361429393407, 'generation': 550}","{'id': 43544, 'rank': 25, 'fitness': 0.3694520586025871, 'generation': 550}","{'id': 43573, 'rank': 26, 'fitness': 0.32423986657606174, 'generation': 550}","{'id': 43524, 'rank': 27, 'fitness': 0.28812158329562687, 'generation': 550}","{'id': 43535, 'rank': 28, 'fitness': 0.19464761868596198, 'generation': 550}","{'id': 43559, 'rank': 29, 'fitness': 0.12544786362490906, 'generation': 550}","{'id': 43519, 'rank': 30, 'fitness': 0.01798620996209155, 'generation': 550}"
"{'id': 43553, 'rank': 1, 'fitness': 0.9820137900379085, 'generation': 551}","{'id': 43552, 'rank': 2, 'fitness': 0.9819286275115792, 'generation': 551}","{'id': 43552, 'rank': 3, 'fitness': 0.9819286275115792, 'generation': 551}","{'id': 43610, 'rank': 4, 'fitness': 0.9818889566556472, 'generation': 551}","{'id': 43610, 'rank': 5, 'fitness': 0.9818889566556472, 'generation': 551}","{'id': 43665, 'rank': 6, 'fitness': 0.9817636351871637, 'generation': 551}","{'id': 43665, 'rank': 7, 'fitness': 0.9817636351871637, 'generation': 551}","{'id': 43633, 'rank': 8, 'fitness': 0.9815752228623356, 'generation': 551}","{'id': 43633, 'rank': 9, 'fitness': 0.9815752228623356, 'generation': 551}","{'id': 43598, 'rank': 10, 'fitness': 0.9812611694204383, 'generation': 551}","{'id': 43598, 'rank': 11, 'fitness': 0.9812611694204383, 'generation': 551}","{'id': 43224, 'rank': 12, 'fitness': 0.9811554505892475, 'generation': 551}","{'id': 43468, 'rank': 13, 'fitness': 0.9804277461865897, 'generation': 551}","{'id': 43607, 'rank': 14, 'fitness': 0.980233099188631, 'generation': 551}","{'id': 43596, 'rank': 15, 'fitness': 0.9795993072864364, 'generation': 551}","{'id': 43667, 'rank': 16, 'fitness': 0.9794396636107515, 'generation': 551}","{'id': 43614, 'rank': 17, 'fitness': 0.9780969142752725, 'generation': 551}","{'id': 43614, 'rank': 18, 'fitness': 0.9780969142752725, 'generation': 551}","{'id': 43614, 'rank': 19, 'fitness': 0.9780969142752725, 'generation': 551}","{'id': 43661, 'rank': 20, 'fitness': 0.9752804052604658, 'generation': 551}","{'id': 43573, 'rank': 21, 'fitness': 0.9742708271641034, 'generation': 551}","{'id': 43638, 'rank': 22, 'fitness': 0.970298996635066, 'generation': 551}","{'id': 43632, 'rank': 23, 'fitness': 0.9565817201241973, 'generation': 551}","{'id': 43632, 'rank': 24, 'fitness': 0.9565817201241973, 'generation': 551}","{'id': 43630, 'rank': 25, 'fitness': 0.9523433830539899, 'generation': 551}","{'id': 43650, 'rank': 26, 'fitness': 0.9455487993531962, 'generation': 551}","{'id': 43645, 'rank': 27, 'fitness': 0.9116607510252709, 'generation': 551}","{'id': 43649, 'rank': 28, 'fitness': 0.8512271444221448, 'generation': 551}","{'id': 43618, 'rank': 29, 'fitness': 0.7059306860266563, 'generation': 551}","{'id': 43673, 'rank': 30, 'fitness': 0.01798620996209155, 'generation': 551}"
"{'id': 43712, 'rank': 1, 'fitness': 0.9820137900379085, 'generation': 552}","{'id': 43724, 'rank': 2, 'fitness': 0.9794555016757833, 'generation': 552}","{'id': 43756, 'rank': 3, 'fitness': 0.9780494226864176, 'generation': 552}","{'id': 43552, 'rank': 4, 'fitness': 0.9708892661830402, 'generation': 552}","{'id': 43683, 'rank': 5, 'fitness': 0.9705718234680867, 'generation': 552}","{'id': 43610, 'rank': 6, 'fitness': 0.9704693919318184, 'generation': 552}","{'id': 43709, 'rank': 7, 'fitness': 0.964610942962434, 'generation': 552}","{'id': 43709, 'rank': 8, 'fitness': 0.964610942962434, 'generation': 552}","{'id': 43726, 'rank': 9, 'fitness': 0.9563336708934528, 'generation': 552}","{'id': 43726, 'rank': 10, 'fitness': 0.9563336708934528, 'generation': 552}","{'id': 43726, 'rank': 11, 'fitness': 0.9563336708934528, 'generation': 552}","{'id': 43687, 'rank': 12, 'fitness': 0.9535667643701062, 'generation': 552}","{'id': 43703, 'rank': 13, 'fitness': 0.9526142543500506, 'generation': 552}","{'id': 43682, 'rank': 14, 'fitness': 0.9500247815424745, 'generation': 552}","{'id': 43737, 'rank': 15, 'fitness': 0.9426245365991819, 'generation': 552}","{'id': 43749, 'rank': 16, 'fitness': 0.942511855049069, 'generation': 552}","{'id': 43684, 'rank': 17, 'fitness': 0.9401475579694515, 'generation': 552}","{'id': 43743, 'rank': 18, 'fitness': 0.9396170556077277, 'generation': 552}","{'id': 43750, 'rank': 19, 'fitness': 0.9325643381946203, 'generation': 552}","{'id': 43752, 'rank': 20, 'fitness': 0.9170295587789827, 'generation': 552}","{'id': 43614, 'rank': 21, 'fitness': 0.9012274349739238, 'generation': 552}","{'id': 43614, 'rank': 22, 'fitness': 0.9012274349739238, 'generation': 552}","{'id': 43717, 'rank': 23, 'fitness': 0.8821501766062272, 'generation': 552}","{'id': 43767, 'rank': 24, 'fitness': 0.8349923921102571, 'generation': 552}","{'id': 43721, 'rank': 25, 'fitness': 0.8238175466759219, 'generation': 552}","{'id': 43661, 'rank': 26, 'fitness': 0.8010323019259078, 'generation': 552}","{'id': 43573, 'rank': 27, 'fitness': 0.7542632392686073, 'generation': 552}","{'id': 43719, 'rank': 28, 'fitness': 0.4371786764424654, 'generation': 552}","{'id': 43697, 'rank': 29, 'fitness': 0.021849581132320606, 'generation': 552}","{'id': 43757, 'rank': 30, 'fitness': 0.01798620996209155, 'generation': 552}"
"{'id': 43797, 'rank': 1, 'fitness': 0.9820137900379085, 'generation': 553}","{'id': 43848, 'rank': 2, 'fitness': 0.981383206161284, 'generation': 553}","{'id': 43850, 'rank': 3, 'fitness': 0.9804187228148428, 'generation': 553}","{'id': 43756, 'rank': 4, 'fitness': 0.980120904193727, 'generation': 553}","{'id': 43552, 'rank': 5, 'fitness': 0.9790238307677338, 'generation': 553}","{'id': 43610, 'rank': 6, 'fitness': 0.9789663966058673, 'generation': 553}","{'id': 43726, 'rank': 7, 'fitness': 0.9773247776289551, 'generation': 553}","{'id': 43835, 'rank': 8, 'fitness': 0.9764142520423975, 'generation': 553}","{'id': 43849, 'rank': 9, 'fitness': 0.9761072281623561, 'generation': 553}","{'id': 43849, 'rank': 10, 'fitness': 0.9761072281623561, 'generation': 553}","{'id': 43737, 'rank': 11, 'fitness': 0.9760868085787837, 'generation': 553}","{'id': 43814, 'rank': 12, 'fitness': 0.9758861253949344, 'generation': 553}","{'id': 43750, 'rank': 13, 'fitness': 0.975313541429393, 'generation': 553}","{'id': 43813, 'rank': 14, 'fitness': 0.9748301736257144, 'generation': 553}","{'id': 43752, 'rank': 15, 'fitness': 0.974271136905429, 'generation': 553}","{'id': 43614, 'rank': 16, 'fitness': 0.9733454849947253, 'generation': 553}","{'id': 43614, 'rank': 17, 'fitness': 0.9733454849947253, 'generation': 553}","{'id': 43783, 'rank': 18, 'fitness': 0.9732335230671734, 'generation': 553}","{'id': 43717, 'rank': 19, 'fitness': 0.9723555897241883, 'generation': 553}","{'id': 43836, 'rank': 20, 'fitness': 0.9715716836513416, 'generation': 553}","{'id': 43767, 'rank': 21, 'fitness': 0.9702918659576226, 'generation': 553}","{'id': 43721, 'rank': 22, 'fitness': 0.9698576891284223, 'generation': 553}","{'id': 43721, 'rank': 23, 'fitness': 0.9698576891284223, 'generation': 553}","{'id': 43786, 'rank': 24, 'fitness': 0.9692408631491027, 'generation': 553}","{'id': 43816, 'rank': 25, 'fitness': 0.9611942513745171, 'generation': 553}","{'id': 43819, 'rank': 26, 'fitness': 0.9378528175627538, 'generation': 553}","{'id': 43777, 'rank': 27, 'fitness': 0.9330792325493863, 'generation': 553}","{'id': 43798, 'rank': 28, 'fitness': 0.9261315464987147, 'generation': 553}","{'id': 43815, 'rank': 29, 'fitness': 0.9258172266394054, 'generation': 553}","{'id': 43773, 'rank': 30, 'fitness': 0.01798620996209155, 'generation': 553}"
"{'id': 43921, 'rank': 1, 'fitness': 0.9820137900379085, 'generation': 554}","{'id': 43862, 'rank': 2, 'fitness': 0.9785903965788371, 'generation': 554}","{'id': 43850, 'rank': 3, 'fitness': 0.9697465032237451, 'generation': 554}","{'id': 43850, 'rank': 4, 'fitness': 0.9697465032237451, 'generation': 554}","{'id': 43756, 'rank': 5, 'fitness': 0.9656645849037226, 'generation': 554}","{'id': 43923, 'rank': 6, 'fitness': 0.9589078388301109, 'generation': 554}","{'id': 43863, 'rank': 7, 'fitness': 0.9011604320757702, 'generation': 554}","{'id': 43863, 'rank': 8, 'fitness': 0.9011604320757702, 'generation': 554}","{'id': 43726, 'rank': 9, 'fitness': 0.899766897208805, 'generation': 554}","{'id': 43870, 'rank': 10, 'fitness': 0.8739710550170254, 'generation': 554}","{'id': 43943, 'rank': 11, 'fitness': 0.8697589820883072, 'generation': 554}","{'id': 43908, 'rank': 12, 'fitness': 0.8587881299984426, 'generation': 554}","{'id': 43849, 'rank': 13, 'fitness': 0.850665387291374, 'generation': 554}","{'id': 43737, 'rank': 14, 'fitness': 0.8497186639379891, 'generation': 554}","{'id': 43737, 'rank': 15, 'fitness': 0.8497186639379891, 'generation': 554}","{'id': 43814, 'rank': 16, 'fitness': 0.8401938519229537, 'generation': 554}","{'id': 43814, 'rank': 17, 'fitness': 0.8401938519229537, 'generation': 554}","{'id': 43750, 'rank': 18, 'fitness': 0.8108239496224489, 'generation': 554}","{'id': 43941, 'rank': 19, 'fitness': 0.7726555176374312, 'generation': 554}","{'id': 43856, 'rank': 20, 'fitness': 0.7129033911542324, 'generation': 554}","{'id': 43856, 'rank': 21, 'fitness': 0.7129033911542324, 'generation': 554}","{'id': 43886, 'rank': 22, 'fitness': 0.5123366537732573, 'generation': 554}","{'id': 43721, 'rank': 23, 'fitness': 0.4284574667698095, 'generation': 554}","{'id': 43868, 'rank': 24, 'fitness': 0.3883037628307139, 'generation': 554}","{'id': 43868, 'rank': 25, 'fitness': 0.3883037628307139, 'generation': 554}","{'id': 43858, 'rank': 26, 'fitness': 0.26554735839075955, 'generation': 554}","{'id': 43925, 'rank': 27, 'fitness': 0.23233418919106585, 'generation': 554}","{'id': 43925, 'rank': 28, 'fitness': 0.23233418919106585, 'generation': 554}","{'id': 43816, 'rank': 29, 'fitness': 0.07515588317743477, 'generation': 554}","{'id': 43906, 'rank': 30, 'fitness': 0.01798620996209155, 'generation': 554}"
"{'id': 43862, 'rank': 1, 'fitness': 0.9820137900379085, 'generation': 555}","{'id': 44017, 'rank': 2, 'fitness': 0.9819638517094399, 'generation': 555}","{'id': 44019, 'rank': 3, 'fitness': 0.9818633767901725, 'generation': 555}","{'id': 43966, 'rank': 4, 'fitness': 0.98150774000893, 'generation': 555}","{'id': 43966, 'rank': 5, 'fitness': 0.98150774000893, 'generation': 555}","{'id': 43966, 'rank': 6, 'fitness': 0.98150774000893, 'generation': 555}","{'id': 43967, 'rank': 7, 'fitness': 0.9812985107199912, 'generation': 555}","{'id': 44018, 'rank': 8, 'fitness': 0.9811738511179391, 'generation': 555}","{'id': 44018, 'rank': 9, 'fitness': 0.9811738511179391, 'generation': 555}","{'id': 43726, 'rank': 10, 'fitness': 0.9803710115592721, 'generation': 555}","{'id': 43726, 'rank': 11, 'fitness': 0.9803710115592721, 'generation': 555}","{'id': 43908, 'rank': 12, 'fitness': 0.979956711333407, 'generation': 555}","{'id': 43849, 'rank': 13, 'fitness': 0.9798862558682793, 'generation': 555}","{'id': 43814, 'rank': 14, 'fitness': 0.9797996122959609, 'generation': 555}","{'id': 43750, 'rank': 15, 'fitness': 0.979577128520891, 'generation': 555}","{'id': 44011, 'rank': 16, 'fitness': 0.9778408699410877, 'generation': 555}","{'id': 44005, 'rank': 17, 'fitness': 0.9775845765583557, 'generation': 555}","{'id': 44014, 'rank': 18, 'fitness': 0.9774899598792943, 'generation': 555}","{'id': 43868, 'rank': 19, 'fitness': 0.9773778968507856, 'generation': 555}","{'id': 43858, 'rank': 20, 'fitness': 0.9766866723001137, 'generation': 555}","{'id': 43816, 'rank': 21, 'fitness': 0.974752278894979, 'generation': 555}","{'id': 43816, 'rank': 22, 'fitness': 0.974752278894979, 'generation': 555}","{'id': 43964, 'rank': 23, 'fitness': 0.9640718855028961, 'generation': 555}","{'id': 43974, 'rank': 24, 'fitness': 0.930559806080487, 'generation': 555}","{'id': 43950, 'rank': 25, 'fitness': 0.896143974997657, 'generation': 555}","{'id': 43952, 'rank': 26, 'fitness': 0.8126887487827883, 'generation': 555}","{'id': 43998, 'rank': 27, 'fitness': 0.8082407012957175, 'generation': 555}","{'id': 43959, 'rank': 28, 'fitness': 0.33600541515774085, 'generation': 555}","{'id': 43978, 'rank': 29, 'fitness': 0.12162264611074847, 'generation': 555}","{'id': 43956, 'rank': 30, 'fitness': 0.01798620996209155, 'generation': 555}"
"{'id': 43862, 'rank': 1, 'fitness': 0.9820137900379085, 'generation': 556}","{'id': 44017, 'rank': 2, 'fitness': 0.9819276812467935, 'generation': 556}","{'id': 44066, 'rank': 3, 'fitness': 0.9818642326810679, 'generation': 556}","{'id': 43966, 'rank': 4, 'fitness': 0.9811333960024794, 'generation': 556}","{'id': 43966, 'rank': 5, 'fitness': 0.9811333960024794, 'generation': 556}","{'id': 43966, 'rank': 6, 'fitness': 0.9811333960024794, 'generation': 556}","{'id': 44060, 'rank': 7, 'fitness': 0.9809697306737835, 'generation': 556}","{'id': 43967, 'rank': 8, 'fitness': 0.9807643508948485, 'generation': 556}","{'id': 43967, 'rank': 9, 'fitness': 0.9807643508948485, 'generation': 556}","{'id': 43967, 'rank': 10, 'fitness': 0.9807643508948485, 'generation': 556}","{'id': 44018, 'rank': 11, 'fitness': 0.9805430784665952, 'generation': 556}","{'id': 44095, 'rank': 12, 'fitness': 0.9803969890026616, 'generation': 556}","{'id': 44063, 'rank': 13, 'fitness': 0.9803640151895525, 'generation': 556}","{'id': 44063, 'rank': 14, 'fitness': 0.9803640151895525, 'generation': 556}","{'id': 44058, 'rank': 15, 'fitness': 0.9802132776607897, 'generation': 556}","{'id': 44058, 'rank': 16, 'fitness': 0.9802132776607897, 'generation': 556}","{'id': 44048, 'rank': 17, 'fitness': 0.9798321905376237, 'generation': 556}","{'id': 44038, 'rank': 18, 'fitness': 0.9797392346968237, 'generation': 556}","{'id': 44041, 'rank': 19, 'fitness': 0.9787346306355762, 'generation': 556}","{'id': 44032, 'rank': 20, 'fitness': 0.9780254893908595, 'generation': 556}","{'id': 44035, 'rank': 21, 'fitness': 0.9779406205904235, 'generation': 556}","{'id': 44035, 'rank': 22, 'fitness': 0.9779406205904235, 'generation': 556}","{'id': 44035, 'rank': 23, 'fitness': 0.9779406205904235, 'generation': 556}","{'id': 44080, 'rank': 24, 'fitness': 0.9775538761788322, 'generation': 556}","{'id': 44039, 'rank': 25, 'fitness': 0.9774413894701635, 'generation': 556}","{'id': 44076, 'rank': 26, 'fitness': 0.9772593174417161, 'generation': 556}","{'id': 44072, 'rank': 27, 'fitness': 0.9726586242565005, 'generation': 556}","{'id': 44053, 'rank': 28, 'fitness': 0.9310984985194987, 'generation': 556}","{'id': 43998, 'rank': 29, 'fitness': 0.398372150157565, 'generation': 556}","{'id': 44042, 'rank': 30, 'fitness': 0.01798620996209155, 'generation': 556}"
"{'id': 44121, 'rank': 1, 'fitness': 0.9820137900379085, 'generation': 557}","{'id': 43862, 'rank': 2, 'fitness': 0.9622677454984526, 'generation': 557}","{'id': 44132, 'rank': 3, 'fitness': 0.9420584504312896, 'generation': 557}","{'id': 43966, 'rank': 4, 'fitness': 0.912043713055295, 'generation': 557}","{'id': 43966, 'rank': 5, 'fitness': 0.912043713055295, 'generation': 557}","{'id': 43966, 'rank': 6, 'fitness': 0.912043713055295, 'generation': 557}","{'id': 44129, 'rank': 7, 'fitness': 0.9093734989098965, 'generation': 557}","{'id': 44114, 'rank': 8, 'fitness': 0.9054250364682632, 'generation': 557}","{'id': 44060, 'rank': 9, 'fitness': 0.8980829209322102, 'generation': 557}","{'id': 44060, 'rank': 10, 'fitness': 0.8980829209322102, 'generation': 557}","{'id': 44165, 'rank': 11, 'fitness': 0.8927387866539966, 'generation': 557}","{'id': 43967, 'rank': 12, 'fitness': 0.8780196214772218, 'generation': 557}","{'id': 44018, 'rank': 13, 'fitness': 0.8529861893474491, 'generation': 557}","{'id': 44018, 'rank': 14, 'fitness': 0.8529861893474491, 'generation': 557}","{'id': 44095, 'rank': 15, 'fitness': 0.8344073604620148, 'generation': 557}","{'id': 44104, 'rank': 16, 'fitness': 0.8324611415505089, 'generation': 557}","{'id': 44104, 'rank': 17, 'fitness': 0.8324611415505089, 'generation': 557}","{'id': 44141, 'rank': 18, 'fitness': 0.7340186898276653, 'generation': 557}","{'id': 44115, 'rank': 19, 'fitness': 0.7313122196890465, 'generation': 557}","{'id': 44115, 'rank': 20, 'fitness': 0.7313122196890465, 'generation': 557}","{'id': 44171, 'rank': 21, 'fitness': 0.7234275846126632, 'generation': 557}","{'id': 44162, 'rank': 22, 'fitness': 0.6293439845221507, 'generation': 557}","{'id': 44162, 'rank': 23, 'fitness': 0.6293439845221507, 'generation': 557}","{'id': 44163, 'rank': 24, 'fitness': 0.553573082350763, 'generation': 557}","{'id': 44156, 'rank': 25, 'fitness': 0.4704689763818592, 'generation': 557}","{'id': 44174, 'rank': 26, 'fitness': 0.3841953434817624, 'generation': 557}","{'id': 44035, 'rank': 27, 'fitness': 0.35174145041883564, 'generation': 557}","{'id': 44146, 'rank': 28, 'fitness': 0.2191897852338459, 'generation': 557}","{'id': 44137, 'rank': 29, 'fitness': 0.023470618626085404, 'generation': 557}","{'id': 44102, 'rank': 30, 'fitness': 0.01798620996209155, 'generation': 557}"
"{'id': 44219, 'rank': 1, 'fitness': 0.9820137900379085, 'generation': 558}","{'id': 44221, 'rank': 2, 'fitness': 0.9815879741258693, 'generation': 558}","{'id': 44223, 'rank': 3, 'fitness': 0.9815696719734175, 'generation': 558}","{'id': 44223, 'rank': 4, 'fitness': 0.9815696719734175, 'generation': 558}","{'id': 43966, 'rank': 5, 'fitness': 0.9814463367407678, 'generation': 558}","{'id': 43966, 'rank': 6, 'fitness': 0.9814463367407678, 'generation': 558}","{'id': 44222, 'rank': 7, 'fitness': 0.9814376553460527, 'generation': 558}","{'id': 44222, 'rank': 8, 'fitness': 0.9814376553460527, 'generation': 558}","{'id': 44129, 'rank': 9, 'fitness': 0.9814360616413809, 'generation': 558}","{'id': 44129, 'rank': 10, 'fitness': 0.9814360616413809, 'generation': 558}","{'id': 44018, 'rank': 11, 'fitness': 0.9812638342525799, 'generation': 558}","{'id': 44226, 'rank': 12, 'fitness': 0.9812439511833494, 'generation': 558}","{'id': 44141, 'rank': 13, 'fitness': 0.9810276916338536, 'generation': 558}","{'id': 44115, 'rank': 14, 'fitness': 0.9810232730651143, 'generation': 558}","{'id': 44171, 'rank': 15, 'fitness': 0.9810105525626964, 'generation': 558}","{'id': 44162, 'rank': 16, 'fitness': 0.9808717711156527, 'generation': 558}","{'id': 44162, 'rank': 17, 'fitness': 0.9808717711156527, 'generation': 558}","{'id': 44163, 'rank': 18, 'fitness': 0.9807702106919811, 'generation': 558}","{'id': 44163, 'rank': 19, 'fitness': 0.9807702106919811, 'generation': 558}","{'id': 44156, 'rank': 20, 'fitness': 0.9806619021773526, 'generation': 558}","{'id': 44146, 'rank': 21, 'fitness': 0.9802829732570182, 'generation': 558}","{'id': 44209, 'rank': 22, 'fitness': 0.9688431521232315, 'generation': 558}","{'id': 44229, 'rank': 23, 'fitness': 0.9663328589157623, 'generation': 558}","{'id': 44201, 'rank': 24, 'fitness': 0.9507243828651339, 'generation': 558}","{'id': 44183, 'rank': 25, 'fitness': 0.9266009207017907, 'generation': 558}","{'id': 44182, 'rank': 26, 'fitness': 0.9095608942808915, 'generation': 558}","{'id': 44182, 'rank': 27, 'fitness': 0.9095608942808915, 'generation': 558}","{'id': 44236, 'rank': 28, 'fitness': 0.8308391238195167, 'generation': 558}","{'id': 44225, 'rank': 29, 'fitness': 0.19177209007290624, 'generation': 558}","{'id': 44215, 'rank': 30, 'fitness': 0.01798620996209155, 'generation': 558}"
"{'id': 44223, 'rank': 1, 'fitness': 0.9820137900379085, 'generation': 559}","{'id': 44223, 'rank': 2, 'fitness': 0.9820137900379085, 'generation': 559}","{'id': 44271, 'rank': 3, 'fitness': 0.9812230130087949, 'generation': 559}","{'id': 43966, 'rank': 4, 'fitness': 0.9806641451479815, 'generation': 559}","{'id': 44222, 'rank': 5, 'fitness': 0.9805658353449347, 'generation': 559}","{'id': 44260, 'rank': 6, 'fitness': 0.9803276365348854, 'generation': 559}","{'id': 44260, 'rank': 7, 'fitness': 0.9803276365348854, 'generation': 559}","{'id': 44260, 'rank': 8, 'fitness': 0.9803276365348854, 'generation': 559}","{'id': 44287, 'rank': 9, 'fitness': 0.9803092105191318, 'generation': 559}","{'id': 44287, 'rank': 10, 'fitness': 0.9803092105191318, 'generation': 559}","{'id': 44309, 'rank': 11, 'fitness': 0.9802889616457426, 'generation': 559}","{'id': 44325, 'rank': 12, 'fitness': 0.9796984696040516, 'generation': 559}","{'id': 44018, 'rank': 13, 'fitness': 0.9785016124925078, 'generation': 559}","{'id': 44226, 'rank': 14, 'fitness': 0.9782535065983499, 'generation': 559}","{'id': 44286, 'rank': 15, 'fitness': 0.9777532693657077, 'generation': 559}","{'id': 44307, 'rank': 16, 'fitness': 0.9759478981675992, 'generation': 559}","{'id': 44320, 'rank': 17, 'fitness': 0.9755753412365702, 'generation': 559}","{'id': 44339, 'rank': 18, 'fitness': 0.97546985413247, 'generation': 559}","{'id': 44115, 'rank': 19, 'fitness': 0.9753245209830211, 'generation': 559}","{'id': 44313, 'rank': 20, 'fitness': 0.9750404205408048, 'generation': 559}","{'id': 44331, 'rank': 21, 'fitness': 0.9722399839170948, 'generation': 559}","{'id': 44343, 'rank': 22, 'fitness': 0.9711762510835267, 'generation': 559}","{'id': 44310, 'rank': 23, 'fitness': 0.9698872659316989, 'generation': 559}","{'id': 44288, 'rank': 24, 'fitness': 0.96803532651123, 'generation': 559}","{'id': 44288, 'rank': 25, 'fitness': 0.96803532651123, 'generation': 559}","{'id': 44323, 'rank': 26, 'fitness': 0.9678778944175732, 'generation': 559}","{'id': 44291, 'rank': 27, 'fitness': 0.9647584949857391, 'generation': 559}","{'id': 44305, 'rank': 28, 'fitness': 0.9531595843919791, 'generation': 559}","{'id': 44316, 'rank': 29, 'fitness': 0.9377300548505736, 'generation': 559}","{'id': 44285, 'rank': 30, 'fitness': 0.01798620996209155, 'generation': 559}"
"{'id': 44398, 'rank': 1, 'fitness': 0.9820137900379085, 'generation': 560}","{'id': 44370, 'rank': 2, 'fitness': 0.9728228839496428, 'generation': 560}","{'id': 44393, 'rank': 3, 'fitness': 0.9718099072007116, 'generation': 560}","{'id': 44223, 'rank': 4, 'fitness': 0.9712179658018996, 'generation': 560}","{'id': 44349, 'rank': 5, 'fitness': 0.9577996238411006, 'generation': 560}","{'id': 44222, 'rank': 6, 'fitness': 0.9551354142653963, 'generation': 560}","{'id': 44260, 'rank': 7, 'fitness': 0.9519226476925573, 'generation': 560}","{'id': 44260, 'rank': 8, 'fitness': 0.9519226476925573, 'generation': 560}","{'id': 44309, 'rank': 9, 'fitness': 0.9513845650188761, 'generation': 560}","{'id': 44407, 'rank': 10, 'fitness': 0.9497657546768226, 'generation': 560}","{'id': 44397, 'rank': 11, 'fitness': 0.9432838884971249, 'generation': 560}","{'id': 44425, 'rank': 12, 'fitness': 0.9247268618624656, 'generation': 560}","{'id': 44385, 'rank': 13, 'fitness': 0.9086470888171689, 'generation': 560}","{'id': 44403, 'rank': 14, 'fitness': 0.8955020803789538, 'generation': 560}","{'id': 44307, 'rank': 15, 'fitness': 0.8564548755917352, 'generation': 560}","{'id': 44313, 'rank': 16, 'fitness': 0.8270021392397577, 'generation': 560}","{'id': 44351, 'rank': 17, 'fitness': 0.75787365399855, 'generation': 560}","{'id': 44395, 'rank': 18, 'fitness': 0.7379719037194081, 'generation': 560}","{'id': 44387, 'rank': 19, 'fitness': 0.7111454308680267, 'generation': 560}","{'id': 44409, 'rank': 20, 'fitness': 0.6925601961371567, 'generation': 560}","{'id': 44382, 'rank': 21, 'fitness': 0.6318360920102601, 'generation': 560}","{'id': 44411, 'rank': 22, 'fitness': 0.6037810194155726, 'generation': 560}","{'id': 44367, 'rank': 23, 'fitness': 0.5749714660912564, 'generation': 560}","{'id': 44323, 'rank': 24, 'fitness': 0.5121885879266534, 'generation': 560}","{'id': 44291, 'rank': 25, 'fitness': 0.3749356437545912, 'generation': 560}","{'id': 44389, 'rank': 26, 'fitness': 0.3316773973488124, 'generation': 560}","{'id': 44410, 'rank': 27, 'fitness': 0.2947364657412209, 'generation': 560}","{'id': 44428, 'rank': 28, 'fitness': 0.09326070789461205, 'generation': 560}","{'id': 44426, 'rank': 29, 'fitness': 0.06274706662121299, 'generation': 560}","{'id': 44316, 'rank': 30, 'fitness': 0.01798620996209155, 'generation': 560}"
"{'id': 44398, 'rank': 1, 'fitness': 0.9820137900379085, 'generation': 561}","{'id': 44449, 'rank': 2, 'fitness': 0.981868371206106, 'generation': 561}","{'id': 44393, 'rank': 3, 'fitness': 0.9817840097157148, 'generation': 561}","{'id': 44222, 'rank': 4, 'fitness': 0.9815400552962213, 'generation': 561}","{'id': 44260, 'rank': 5, 'fitness': 0.9815030672327888, 'generation': 561}","{'id': 44309, 'rank': 6, 'fitness': 0.9814970963508615, 'generation': 561}","{'id': 44407, 'rank': 7, 'fitness': 0.9814794927821748, 'generation': 561}","{'id': 44403, 'rank': 8, 'fitness': 0.9810707000038326, 'generation': 561}","{'id': 44447, 'rank': 9, 'fitness': 0.9810147994016241, 'generation': 561}","{'id': 44467, 'rank': 10, 'fitness': 0.9806576885259495, 'generation': 561}","{'id': 44465, 'rank': 11, 'fitness': 0.9805832204451894, 'generation': 561}","{'id': 44351, 'rank': 12, 'fitness': 0.9805375747992645, 'generation': 561}","{'id': 44351, 'rank': 13, 'fitness': 0.9805375747992645, 'generation': 561}","{'id': 44382, 'rank': 14, 'fitness': 0.9802124862564461, 'generation': 561}","{'id': 44434, 'rank': 15, 'fitness': 0.9801502171407974, 'generation': 561}","{'id': 44462, 'rank': 16, 'fitness': 0.9799654883163496, 'generation': 561}","{'id': 44323, 'rank': 17, 'fitness': 0.9799427474433451, 'generation': 561}","{'id': 44389, 'rank': 18, 'fitness': 0.9795244013998354, 'generation': 561}","{'id': 44389, 'rank': 19, 'fitness': 0.9795244013998354, 'generation': 561}","{'id': 44410, 'rank': 20, 'fitness': 0.9794272483605828, 'generation': 561}","{'id': 44466, 'rank': 21, 'fitness': 0.9788633816130248, 'generation': 561}","{'id': 44428, 'rank': 22, 'fitness': 0.9786177818074688, 'generation': 561}","{'id': 44426, 'rank': 23, 'fitness': 0.978363688910674, 'generation': 561}","{'id': 44456, 'rank': 24, 'fitness': 0.9764274475426251, 'generation': 561}","{'id': 44491, 'rank': 25, 'fitness': 0.9728916524714772, 'generation': 561}","{'id': 44495, 'rank': 26, 'fitness': 0.9667927437711487, 'generation': 561}","{'id': 44496, 'rank': 27, 'fitness': 0.9666123218242049, 'generation': 561}","{'id': 44498, 'rank': 28, 'fitness': 0.9440311245125725, 'generation': 561}","{'id': 44499, 'rank': 29, 'fitness': 0.9273254640535983, 'generation': 561}","{'id': 44454, 'rank': 30, 'fitness': 0.01798620996209155, 'generation': 561}"
"{'id': 44530, 'rank': 1, 'fitness': 0.9820137900379085, 'generation': 562}","{'id': 44530, 'rank': 2, 'fitness': 0.9820137900379085, 'generation': 562}","{'id': 44449, 'rank': 3, 'fitness': 0.9816829218164884, 'generation': 562}","{'id': 44393, 'rank': 4, 'fitness': 0.9798595210560809, 'generation': 562}","{'id': 44542, 'rank': 5, 'fitness': 0.9797933661497444, 'generation': 562}","{'id': 44222, 'rank': 6, 'fitness': 0.9735921981670064, 'generation': 562}","{'id': 44309, 'rank': 7, 'fitness': 0.9723170971796848, 'generation': 562}","{'id': 44309, 'rank': 8, 'fitness': 0.9723170971796848, 'generation': 562}","{'id': 44587, 'rank': 9, 'fitness': 0.9536611528359638, 'generation': 562}","{'id': 44588, 'rank': 10, 'fitness': 0.9513453208123374, 'generation': 562}","{'id': 44518, 'rank': 11, 'fitness': 0.9473325388348821, 'generation': 562}","{'id': 44557, 'rank': 12, 'fitness': 0.9380624550910792, 'generation': 562}","{'id': 44467, 'rank': 13, 'fitness': 0.9329783915251215, 'generation': 562}","{'id': 44465, 'rank': 14, 'fitness': 0.9277863623250102, 'generation': 562}","{'id': 44351, 'rank': 15, 'fitness': 0.924433346737868, 'generation': 562}","{'id': 44539, 'rank': 16, 'fitness': 0.9020731058168422, 'generation': 562}","{'id': 44501, 'rank': 17, 'fitness': 0.9006793801985786, 'generation': 562}","{'id': 44577, 'rank': 18, 'fitness': 0.9005645204165866, 'generation': 562}","{'id': 44540, 'rank': 19, 'fitness': 0.8983964210114428, 'generation': 562}","{'id': 44570, 'rank': 20, 'fitness': 0.8852570730925687, 'generation': 562}","{'id': 44323, 'rank': 21, 'fitness': 0.8671092193790733, 'generation': 562}","{'id': 44531, 'rank': 22, 'fitness': 0.8521870573810183, 'generation': 562}","{'id': 44466, 'rank': 23, 'fitness': 0.685760060354478, 'generation': 562}","{'id': 44466, 'rank': 24, 'fitness': 0.685760060354478, 'generation': 562}","{'id': 44554, 'rank': 25, 'fitness': 0.6510822320984684, 'generation': 562}","{'id': 44517, 'rank': 26, 'fitness': 0.6111438756693064, 'generation': 562}","{'id': 44552, 'rank': 27, 'fitness': 0.5836175390831254, 'generation': 562}","{'id': 44456, 'rank': 28, 'fitness': 0.18199452782879488, 'generation': 562}","{'id': 44533, 'rank': 29, 'fitness': 0.01798620996209155, 'generation': 562}","{'id': 44533, 'rank': 30, 'fitness': 0.01798620996209155, 'generation': 562}"
"{'id': 44530, 'rank': 1, 'fitness': 0.9820137900379085, 'generation': 563}","{'id': 44530, 'rank': 2, 'fitness': 0.9820137900379085, 'generation': 563}","{'id': 44449, 'rank': 3, 'fitness': 0.9819178878785558, 'generation': 563}","{'id': 44449, 'rank': 4, 'fitness': 0.9819178878785558, 'generation': 563}","{'id': 44393, 'rank': 5, 'fitness': 0.9814098974976091, 'generation': 563}","{'id': 44542, 'rank': 6, 'fitness': 0.9813920779060561, 'generation': 563}","{'id': 44641, 'rank': 7, 'fitness': 0.9809918025397608, 'generation': 563}","{'id': 44614, 'rank': 8, 'fitness': 0.9807933076293307, 'generation': 563}","{'id': 44614, 'rank': 9, 'fitness': 0.9807933076293307, 'generation': 563}","{'id': 44309, 'rank': 10, 'fitness': 0.9795942799702879, 'generation': 563}","{'id': 44309, 'rank': 11, 'fitness': 0.9795942799702879, 'generation': 563}","{'id': 44615, 'rank': 12, 'fitness': 0.978935745148594, 'generation': 563}","{'id': 44615, 'rank': 13, 'fitness': 0.978935745148594, 'generation': 563}","{'id': 44627, 'rank': 14, 'fitness': 0.9763631819581587, 'generation': 563}","{'id': 44642, 'rank': 15, 'fitness': 0.9760414396633774, 'generation': 563}","{'id': 44588, 'rank': 16, 'fitness': 0.9758839432397768, 'generation': 563}","{'id': 44588, 'rank': 17, 'fitness': 0.9758839432397768, 'generation': 563}","{'id': 44626, 'rank': 18, 'fitness': 0.9752576751270632, 'generation': 563}","{'id': 44617, 'rank': 19, 'fitness': 0.9714790736830283, 'generation': 563}","{'id': 44668, 'rank': 20, 'fitness': 0.9713579057933254, 'generation': 563}","{'id': 44540, 'rank': 21, 'fitness': 0.9697920583879226, 'generation': 563}","{'id': 44540, 'rank': 22, 'fitness': 0.9697920583879226, 'generation': 563}","{'id': 44531, 'rank': 23, 'fitness': 0.9659152470819908, 'generation': 563}","{'id': 44606, 'rank': 24, 'fitness': 0.9607279546466714, 'generation': 563}","{'id': 44517, 'rank': 25, 'fitness': 0.9509722396425243, 'generation': 563}","{'id': 44655, 'rank': 26, 'fitness': 0.9388492531822563, 'generation': 563}","{'id': 44655, 'rank': 27, 'fitness': 0.9388492531822563, 'generation': 563}","{'id': 44654, 'rank': 28, 'fitness': 0.8409834869124422, 'generation': 563}","{'id': 44649, 'rank': 29, 'fitness': 0.07626628193488405, 'generation': 563}","{'id': 44597, 'rank': 30, 'fitness': 0.01798620996209155, 'generation': 563}"
"{'id': 44740, 'rank': 1, 'fitness': 0.9820137900379085, 'generation': 564}","{'id': 44449, 'rank': 2, 'fitness': 0.9804026470439455, 'generation': 564}","{'id': 44393, 'rank': 3, 'fitness': 0.9797303421209422, 'generation': 564}","{'id': 44641, 'rank': 4, 'fitness': 0.979174087956691, 'generation': 564}","{'id': 44678, 'rank': 5, 'fitness': 0.9790226329916351, 'generation': 564}","{'id': 44614, 'rank': 6, 'fitness': 0.9789090930209596, 'generation': 564}","{'id': 44708, 'rank': 7, 'fitness': 0.9785536617046462, 'generation': 564}","{'id': 44675, 'rank': 8, 'fitness': 0.9780545224433481, 'generation': 564}","{'id': 44742, 'rank': 9, 'fitness': 0.9774144279102845, 'generation': 564}","{'id': 44309, 'rank': 10, 'fitness': 0.9772962809227275, 'generation': 564}","{'id': 44309, 'rank': 11, 'fitness': 0.9772962809227275, 'generation': 564}","{'id': 44615, 'rank': 12, 'fitness': 0.9764019307644969, 'generation': 564}","{'id': 44733, 'rank': 13, 'fitness': 0.9743138479933511, 'generation': 564}","{'id': 44736, 'rank': 14, 'fitness': 0.9738750057367436, 'generation': 564}","{'id': 44642, 'rank': 15, 'fitness': 0.9724039911336075, 'generation': 564}","{'id': 44642, 'rank': 16, 'fitness': 0.9724039911336075, 'generation': 564}","{'id': 44588, 'rank': 17, 'fitness': 0.9721834542613357, 'generation': 564}","{'id': 44730, 'rank': 18, 'fitness': 0.9721211161272802, 'generation': 564}","{'id': 44702, 'rank': 19, 'fitness': 0.9720878564885373, 'generation': 564}","{'id': 44716, 'rank': 20, 'fitness': 0.9716065694986891, 'generation': 564}","{'id': 44704, 'rank': 21, 'fitness': 0.9704960060427226, 'generation': 564}","{'id': 44617, 'rank': 22, 'fitness': 0.96590208243114, 'generation': 564}","{'id': 44668, 'rank': 23, 'fitness': 0.9657263753285841, 'generation': 564}","{'id': 44531, 'rank': 24, 'fitness': 0.9576902239240419, 'generation': 564}","{'id': 44672, 'rank': 25, 'fitness': 0.9509941910406114, 'generation': 564}","{'id': 44606, 'rank': 26, 'fitness': 0.9497979236479434, 'generation': 564}","{'id': 44705, 'rank': 27, 'fitness': 0.9486912367145821, 'generation': 564}","{'id': 44705, 'rank': 28, 'fitness': 0.9486912367145821, 'generation': 564}","{'id': 44693, 'rank': 29, 'fitness': 0.8043450611282434, 'generation': 564}","{'id': 44649, 'rank': 30, 'fitness': 0.01798620996209155, 'generation': 564}"
"{'id': 44740, 'rank': 1, 'fitness': 0.9820137900379085, 'generation': 565}","{'id': 44790, 'rank': 2, 'fitness': 0.9794116407934041, 'generation': 565}","{'id': 44790, 'rank': 3, 'fitness': 0.9794116407934041, 'generation': 565}","{'id': 44614, 'rank': 4, 'fitness': 0.974446618292283, 'generation': 565}","{'id': 44747, 'rank': 5, 'fitness': 0.9714059147739764, 'generation': 565}","{'id': 44742, 'rank': 6, 'fitness': 0.9702986319151616, 'generation': 565}","{'id': 44806, 'rank': 7, 'fitness': 0.9702926936933103, 'generation': 565}","{'id': 44309, 'rank': 8, 'fitness': 0.9699567489727029, 'generation': 565}","{'id': 44309, 'rank': 9, 'fitness': 0.9699567489727029, 'generation': 565}","{'id': 44309, 'rank': 10, 'fitness': 0.9699567489727029, 'generation': 565}","{'id': 44733, 'rank': 11, 'fitness': 0.9606495446773152, 'generation': 565}","{'id': 44736, 'rank': 12, 'fitness': 0.9591707052374705, 'generation': 565}","{'id': 44736, 'rank': 13, 'fitness': 0.9591707052374705, 'generation': 565}","{'id': 44702, 'rank': 14, 'fitness': 0.9528615393963494, 'generation': 565}","{'id': 44704, 'rank': 15, 'fitness': 0.9468582905969907, 'generation': 565}","{'id': 44772, 'rank': 16, 'fitness': 0.9451301479915329, 'generation': 565}","{'id': 44758, 'rank': 17, 'fitness': 0.9378590006319842, 'generation': 565}","{'id': 44789, 'rank': 18, 'fitness': 0.9270758247154991, 'generation': 565}","{'id': 44823, 'rank': 19, 'fitness': 0.9189517616494269, 'generation': 565}","{'id': 44813, 'rank': 20, 'fitness': 0.9151345179196846, 'generation': 565}","{'id': 44796, 'rank': 21, 'fitness': 0.9092453020285227, 'generation': 565}","{'id': 44804, 'rank': 22, 'fitness': 0.9064879285663152, 'generation': 565}","{'id': 44821, 'rank': 23, 'fitness': 0.9014102265990709, 'generation': 565}","{'id': 44811, 'rank': 24, 'fitness': 0.8972038612698787, 'generation': 565}","{'id': 44755, 'rank': 25, 'fitness': 0.8966965349677334, 'generation': 565}","{'id': 44531, 'rank': 26, 'fitness': 0.8863682295033268, 'generation': 565}","{'id': 44705, 'rank': 27, 'fitness': 0.8330132127328129, 'generation': 565}","{'id': 44773, 'rank': 28, 'fitness': 0.22530844603941402, 'generation': 565}","{'id': 44693, 'rank': 29, 'fitness': 0.1524389828653377, 'generation': 565}","{'id': 44810, 'rank': 30, 'fitness': 0.01798620996209155, 'generation': 565}"
"{'id': 44857, 'rank': 1, 'fitness': 0.9820137900379085, 'generation': 566}","{'id': 44857, 'rank': 2, 'fitness': 0.9820137900379085, 'generation': 566}","{'id': 44742, 'rank': 3, 'fitness': 0.9816838796077227, 'generation': 566}","{'id': 44806, 'rank': 4, 'fitness': 0.9816834264731422, 'generation': 566}","{'id': 44309, 'rank': 5, 'fitness': 0.9816579153628209, 'generation': 566}","{'id': 44899, 'rank': 6, 'fitness': 0.9810483862269561, 'generation': 566}","{'id': 44736, 'rank': 7, 'fitness': 0.9809444046506135, 'generation': 566}","{'id': 44702, 'rank': 8, 'fitness': 0.9805977297324863, 'generation': 566}","{'id': 44847, 'rank': 9, 'fitness': 0.9802908738438714, 'generation': 566}","{'id': 44882, 'rank': 10, 'fitness': 0.9801248173214427, 'generation': 566}","{'id': 44834, 'rank': 11, 'fitness': 0.9797940196515902, 'generation': 566}","{'id': 44789, 'rank': 12, 'fitness': 0.9794885280394627, 'generation': 566}","{'id': 44844, 'rank': 13, 'fitness': 0.9793418279603724, 'generation': 566}","{'id': 44839, 'rank': 14, 'fitness': 0.9791658653044957, 'generation': 566}","{'id': 44887, 'rank': 15, 'fitness': 0.9790923213597149, 'generation': 566}","{'id': 44804, 'rank': 16, 'fitness': 0.9788115481070523, 'generation': 566}","{'id': 44856, 'rank': 17, 'fitness': 0.9786349262585381, 'generation': 566}","{'id': 44830, 'rank': 18, 'fitness': 0.9786270744793595, 'generation': 566}","{'id': 44811, 'rank': 19, 'fitness': 0.9785436655181481, 'generation': 566}","{'id': 44835, 'rank': 20, 'fitness': 0.9779299474281724, 'generation': 566}","{'id': 44848, 'rank': 21, 'fitness': 0.9776767294788101, 'generation': 566}","{'id': 44840, 'rank': 22, 'fitness': 0.9771329233175778, 'generation': 566}","{'id': 44870, 'rank': 23, 'fitness': 0.9735453344118499, 'generation': 566}","{'id': 44871, 'rank': 24, 'fitness': 0.9724076442523093, 'generation': 566}","{'id': 44773, 'rank': 25, 'fitness': 0.9678287807790114, 'generation': 566}","{'id': 44889, 'rank': 26, 'fitness': 0.9627191294087885, 'generation': 566}","{'id': 44885, 'rank': 27, 'fitness': 0.9605835868037995, 'generation': 566}","{'id': 44825, 'rank': 28, 'fitness': 0.9329369189447754, 'generation': 566}","{'id': 44826, 'rank': 29, 'fitness': 0.8611403242391948, 'generation': 566}","{'id': 44893, 'rank': 30, 'fitness': 0.01798620996209155, 'generation': 566}"
"{'id': 44857, 'rank': 1, 'fitness': 0.9820137900379085, 'generation': 567}","{'id': 44806, 'rank': 2, 'fitness': 0.9728687176436474, 'generation': 567}","{'id': 44983, 'rank': 3, 'fitness': 0.9658260747561184, 'generation': 567}","{'id': 44952, 'rank': 4, 'fitness': 0.9616911895872324, 'generation': 567}","{'id': 44736, 'rank': 5, 'fitness': 0.9349517580975486, 'generation': 567}","{'id': 44911, 'rank': 6, 'fitness': 0.9335144618453473, 'generation': 567}","{'id': 44702, 'rank': 7, 'fitness': 0.904515459364325, 'generation': 567}","{'id': 44949, 'rank': 8, 'fitness': 0.897284099263042, 'generation': 567}","{'id': 44932, 'rank': 9, 'fitness': 0.889505171847194, 'generation': 567}","{'id': 44847, 'rank': 10, 'fitness': 0.8682348218507866, 'generation': 567}","{'id': 44923, 'rank': 11, 'fitness': 0.8639296389961939, 'generation': 567}","{'id': 44970, 'rank': 12, 'fitness': 0.8593254475327392, 'generation': 567}","{'id': 44834, 'rank': 13, 'fitness': 0.787390918150684, 'generation': 567}","{'id': 44834, 'rank': 14, 'fitness': 0.787390918150684, 'generation': 567}","{'id': 44834, 'rank': 15, 'fitness': 0.787390918150684, 'generation': 567}","{'id': 44985, 'rank': 16, 'fitness': 0.7859113266519548, 'generation': 567}","{'id': 44975, 'rank': 17, 'fitness': 0.7298638458618598, 'generation': 567}","{'id': 44937, 'rank': 18, 'fitness': 0.7273973322853012, 'generation': 567}","{'id': 44971, 'rank': 19, 'fitness': 0.5517727848581399, 'generation': 567}","{'id': 44961, 'rank': 20, 'fitness': 0.5256560236807034, 'generation': 567}","{'id': 44961, 'rank': 21, 'fitness': 0.5256560236807034, 'generation': 567}","{'id': 44961, 'rank': 22, 'fitness': 0.5256560236807034, 'generation': 567}","{'id': 44811, 'rank': 23, 'fitness': 0.47964640328318964, 'generation': 567}","{'id': 44973, 'rank': 24, 'fitness': 0.39832704718658085, 'generation': 567}","{'id': 44920, 'rank': 25, 'fitness': 0.3680349363548172, 'generation': 567}","{'id': 44955, 'rank': 26, 'fitness': 0.36248397671544524, 'generation': 567}","{'id': 44938, 'rank': 27, 'fitness': 0.21488636456068433, 'generation': 567}","{'id': 44938, 'rank': 28, 'fitness': 0.21488636456068433, 'generation': 567}","{'id': 44990, 'rank': 29, 'fitness': 0.1537342118232622, 'generation': 567}","{'id': 44965, 'rank': 30, 'fitness': 0.01798620996209155, 'generation': 567}"
"{'id': 44857, 'rank': 1, 'fitness': 0.9820137900379085, 'generation': 568}","{'id': 44983, 'rank': 2, 'fitness': 0.981253023578981, 'generation': 568}","{'id': 44952, 'rank': 3, 'fitness': 0.9811127944819574, 'generation': 568}","{'id': 45033, 'rank': 4, 'fitness': 0.980451065360261, 'generation': 568}","{'id': 44923, 'rank': 5, 'fitness': 0.9794090580294685, 'generation': 568}","{'id': 45043, 'rank': 6, 'fitness': 0.9781895330110078, 'generation': 568}","{'id': 45043, 'rank': 7, 'fitness': 0.9781895330110078, 'generation': 568}","{'id': 45041, 'rank': 8, 'fitness': 0.9778706414188395, 'generation': 568}","{'id': 44961, 'rank': 9, 'fitness': 0.9770276080516347, 'generation': 568}","{'id': 44961, 'rank': 10, 'fitness': 0.9770276080516347, 'generation': 568}","{'id': 44961, 'rank': 11, 'fitness': 0.9770276080516347, 'generation': 568}","{'id': 44961, 'rank': 12, 'fitness': 0.9770276080516347, 'generation': 568}","{'id': 44811, 'rank': 13, 'fitness': 0.9767611798104672, 'generation': 568}","{'id': 44811, 'rank': 14, 'fitness': 0.9767611798104672, 'generation': 568}","{'id': 44955, 'rank': 15, 'fitness': 0.9760478481254833, 'generation': 568}","{'id': 44955, 'rank': 16, 'fitness': 0.9760478481254833, 'generation': 568}","{'id': 44955, 'rank': 17, 'fitness': 0.9760478481254833, 'generation': 568}","{'id': 44938, 'rank': 18, 'fitness': 0.9749276040544087, 'generation': 568}","{'id': 44999, 'rank': 19, 'fitness': 0.972656213208357, 'generation': 568}","{'id': 45014, 'rank': 20, 'fitness': 0.9651242218657667, 'generation': 568}","{'id': 45014, 'rank': 21, 'fitness': 0.9651242218657667, 'generation': 568}","{'id': 45004, 'rank': 22, 'fitness': 0.8731215748213841, 'generation': 568}","{'id': 45005, 'rank': 23, 'fitness': 0.6189800048808034, 'generation': 568}","{'id': 45018, 'rank': 24, 'fitness': 0.5720457451718869, 'generation': 568}","{'id': 45019, 'rank': 25, 'fitness': 0.3405364055123494, 'generation': 568}","{'id': 45054, 'rank': 26, 'fitness': 0.09560148959599524, 'generation': 568}","{'id': 45056, 'rank': 27, 'fitness': 0.08752265064610465, 'generation': 568}","{'id': 45055, 'rank': 28, 'fitness': 0.076823996767871, 'generation': 568}","{'id': 45055, 'rank': 29, 'fitness': 0.076823996767871, 'generation': 568}","{'id': 45016, 'rank': 30, 'fitness': 0.01798620996209155, 'generation': 568}"
"{'id': 45101, 'rank': 1, 'fitness': 0.9820137900379085, 'generation': 569}","{'id': 45131, 'rank': 2, 'fitness': 0.9819404617268984, 'generation': 569}","{'id': 44923, 'rank': 3, 'fitness': 0.9818147300221609, 'generation': 569}","{'id': 44923, 'rank': 4, 'fitness': 0.9818147300221609, 'generation': 569}","{'id': 45068, 'rank': 5, 'fitness': 0.9817250099835931, 'generation': 569}","{'id': 45102, 'rank': 6, 'fitness': 0.9816951899457016, 'generation': 569}","{'id': 45043, 'rank': 7, 'fitness': 0.9816333935716832, 'generation': 569}","{'id': 45043, 'rank': 8, 'fitness': 0.9816333935716832, 'generation': 569}","{'id': 45043, 'rank': 9, 'fitness': 0.9816333935716832, 'generation': 569}","{'id': 45137, 'rank': 10, 'fitness': 0.9815992871286714, 'generation': 569}","{'id': 45137, 'rank': 11, 'fitness': 0.9815992871286714, 'generation': 569}","{'id': 45122, 'rank': 12, 'fitness': 0.9815497096497632, 'generation': 569}","{'id': 44961, 'rank': 13, 'fitness': 0.981468094359069, 'generation': 569}","{'id': 44961, 'rank': 14, 'fitness': 0.981468094359069, 'generation': 569}","{'id': 45106, 'rank': 15, 'fitness': 0.9814266860439465, 'generation': 569}","{'id': 44955, 'rank': 16, 'fitness': 0.9813338758942888, 'generation': 569}","{'id': 44955, 'rank': 17, 'fitness': 0.9813338758942888, 'generation': 569}","{'id': 45063, 'rank': 18, 'fitness': 0.9810807686713503, 'generation': 569}","{'id': 45063, 'rank': 19, 'fitness': 0.9810807686713503, 'generation': 569}","{'id': 45092, 'rank': 20, 'fitness': 0.981060470101544, 'generation': 569}","{'id': 45062, 'rank': 21, 'fitness': 0.9809726259495526, 'generation': 569}","{'id': 45134, 'rank': 22, 'fitness': 0.9809084660324346, 'generation': 569}","{'id': 45086, 'rank': 23, 'fitness': 0.980826544232767, 'generation': 569}","{'id': 45074, 'rank': 24, 'fitness': 0.9808247586109157, 'generation': 569}","{'id': 45074, 'rank': 25, 'fitness': 0.9808247586109157, 'generation': 569}","{'id': 45061, 'rank': 26, 'fitness': 0.9807312901349861, 'generation': 569}","{'id': 45136, 'rank': 27, 'fitness': 0.9807219022294553, 'generation': 569}","{'id': 45082, 'rank': 28, 'fitness': 0.9801897387526034, 'generation': 569}","{'id': 45088, 'rank': 29, 'fitness': 0.976767510140667, 'generation': 569}","{'id': 45124, 'rank': 30, 'fitness': 0.01798620996209155, 'generation': 569}"
"{'id': 45225, 'rank': 1, 'fitness': 0.9820137900379085, 'generation': 570}","{'id': 45101, 'rank': 2, 'fitness': 0.9601979815148195, 'generation': 570}","{'id': 45146, 'rank': 3, 'fitness': 0.9502434318642309, 'generation': 570}","{'id': 45219, 'rank': 4, 'fitness': 0.9177902596972769, 'generation': 570}","{'id': 44923, 'rank': 5, 'fitness': 0.9061829188054429, 'generation': 570}","{'id': 44923, 'rank': 6, 'fitness': 0.9061829188054429, 'generation': 570}","{'id': 45224, 'rank': 7, 'fitness': 0.8861033866562069, 'generation': 570}","{'id': 45140, 'rank': 8, 'fitness': 0.8729386493614363, 'generation': 570}","{'id': 45215, 'rank': 9, 'fitness': 0.8257184857685405, 'generation': 570}","{'id': 45043, 'rank': 10, 'fitness': 0.8088543802727475, 'generation': 570}","{'id': 45043, 'rank': 11, 'fitness': 0.8088543802727475, 'generation': 570}","{'id': 45223, 'rank': 12, 'fitness': 0.8079198076104888, 'generation': 570}","{'id': 45137, 'rank': 13, 'fitness': 0.7838507712265961, 'generation': 570}","{'id': 45137, 'rank': 14, 'fitness': 0.7838507712265961, 'generation': 570}","{'id': 45183, 'rank': 15, 'fitness': 0.7679866719251129, 'generation': 570}","{'id': 44961, 'rank': 16, 'fitness': 0.6675665273204415, 'generation': 570}","{'id': 45202, 'rank': 17, 'fitness': 0.5462398113533649, 'generation': 570}","{'id': 45213, 'rank': 18, 'fitness': 0.5387086087049388, 'generation': 570}","{'id': 45182, 'rank': 19, 'fitness': 0.41594479396701695, 'generation': 570}","{'id': 45152, 'rank': 20, 'fitness': 0.41040497769899376, 'generation': 570}","{'id': 45143, 'rank': 21, 'fitness': 0.3765777276812019, 'generation': 570}","{'id': 45145, 'rank': 22, 'fitness': 0.26159284934009475, 'generation': 570}","{'id': 45209, 'rank': 23, 'fitness': 0.2222601478140102, 'generation': 570}","{'id': 45209, 'rank': 24, 'fitness': 0.2222601478140102, 'generation': 570}","{'id': 45142, 'rank': 25, 'fitness': 0.20619979296163304, 'generation': 570}","{'id': 45191, 'rank': 26, 'fitness': 0.1215866764182349, 'generation': 570}","{'id': 45206, 'rank': 27, 'fitness': 0.049287784909527066, 'generation': 570}","{'id': 45184, 'rank': 28, 'fitness': 0.01798620996209155, 'generation': 570}","{'id': 45184, 'rank': 29, 'fitness': 0.01798620996209155, 'generation': 570}","{'id': 45184, 'rank': 30, 'fitness': 0.01798620996209155, 'generation': 570}"
"{'id': 45101, 'rank': 1, 'fitness': 0.9820137900379085, 'generation': 571}","{'id': 44923, 'rank': 2, 'fitness': 0.9819572845916464, 'generation': 571}","{'id': 45265, 'rank': 3, 'fitness': 0.9819479644934863, 'generation': 571}","{'id': 45265, 'rank': 4, 'fitness': 0.9819479644934863, 'generation': 571}","{'id': 45224, 'rank': 5, 'fitness': 0.9819439032204171, 'generation': 571}","{'id': 45215, 'rank': 6, 'fitness': 0.9819131912548356, 'generation': 571}","{'id': 45043, 'rank': 7, 'fitness': 0.9819061867325234, 'generation': 571}","{'id': 45223, 'rank': 8, 'fitness': 0.9819058126548053, 'generation': 571}","{'id': 45274, 'rank': 9, 'fitness': 0.9819019259320396, 'generation': 571}","{'id': 45274, 'rank': 10, 'fitness': 0.9819019259320396, 'generation': 571}","{'id': 45137, 'rank': 11, 'fitness': 0.9818966156427729, 'generation': 571}","{'id': 45202, 'rank': 12, 'fitness': 0.9818280826072134, 'generation': 571}","{'id': 45213, 'rank': 13, 'fitness': 0.9818261932058874, 'generation': 571}","{'id': 45142, 'rank': 14, 'fitness': 0.9817323585859865, 'generation': 571}","{'id': 45191, 'rank': 15, 'fitness': 0.9816929200161735, 'generation': 571}","{'id': 45245, 'rank': 16, 'fitness': 0.9813060097554895, 'generation': 571}","{'id': 45244, 'rank': 17, 'fitness': 0.9812371021106154, 'generation': 571}","{'id': 45250, 'rank': 18, 'fitness': 0.9792152618183172, 'generation': 571}","{'id': 45250, 'rank': 19, 'fitness': 0.9792152618183172, 'generation': 571}","{'id': 45253, 'rank': 20, 'fitness': 0.9788638311945052, 'generation': 571}","{'id': 45238, 'rank': 21, 'fitness': 0.9779778255187432, 'generation': 571}","{'id': 45238, 'rank': 22, 'fitness': 0.9779778255187432, 'generation': 571}","{'id': 45231, 'rank': 23, 'fitness': 0.9779516337162462, 'generation': 571}","{'id': 45273, 'rank': 24, 'fitness': 0.9730276121270978, 'generation': 571}","{'id': 45273, 'rank': 25, 'fitness': 0.9730276121270978, 'generation': 571}","{'id': 45281, 'rank': 26, 'fitness': 0.9721804114954615, 'generation': 571}","{'id': 45280, 'rank': 27, 'fitness': 0.9546291231097739, 'generation': 571}","{'id': 45256, 'rank': 28, 'fitness': 0.9462595539621699, 'generation': 571}","{'id': 45256, 'rank': 29, 'fitness': 0.9462595539621699, 'generation': 571}","{'id': 45226, 'rank': 30, 'fitness': 0.01798620996209155, 'generation': 571}"
"{'id': 45323, 'rank': 1, 'fitness': 0.9820137900379085, 'generation': 572}","{'id': 45101, 'rank': 2, 'fitness': 0.9817873722520791, 'generation': 572}","{'id': 45343, 'rank': 3, 'fitness': 0.9815598079634227, 'generation': 572}","{'id': 45353, 'rank': 4, 'fitness': 0.9814078664152402, 'generation': 572}","{'id': 45353, 'rank': 5, 'fitness': 0.9814078664152402, 'generation': 572}","{'id': 45337, 'rank': 6, 'fitness': 0.9813402716846675, 'generation': 572}","{'id': 45265, 'rank': 7, 'fitness': 0.981285379746498, 'generation': 572}","{'id': 45215, 'rank': 8, 'fitness': 0.9810154866313446, 'generation': 572}","{'id': 45347, 'rank': 9, 'fitness': 0.9808905589327594, 'generation': 572}","{'id': 45347, 'rank': 10, 'fitness': 0.9808905589327594, 'generation': 572}","{'id': 45354, 'rank': 11, 'fitness': 0.9808898572461716, 'generation': 572}","{'id': 45338, 'rank': 12, 'fitness': 0.9807816597314687, 'generation': 572}","{'id': 45338, 'rank': 13, 'fitness': 0.9807816597314687, 'generation': 572}","{'id': 45322, 'rank': 14, 'fitness': 0.9804953096926734, 'generation': 572}","{'id': 45344, 'rank': 15, 'fitness': 0.9804295293493497, 'generation': 572}","{'id': 45364, 'rank': 16, 'fitness': 0.9803661888734587, 'generation': 572}","{'id': 45202, 'rank': 17, 'fitness': 0.980340942985413, 'generation': 572}","{'id': 45340, 'rank': 18, 'fitness': 0.9799556643136247, 'generation': 572}","{'id': 45301, 'rank': 19, 'fitness': 0.9798669384664949, 'generation': 572}","{'id': 45326, 'rank': 20, 'fitness': 0.9778179738704, 'generation': 572}","{'id': 45305, 'rank': 21, 'fitness': 0.9762064865634933, 'generation': 572}","{'id': 45307, 'rank': 22, 'fitness': 0.9757977782806464, 'generation': 572}","{'id': 45307, 'rank': 23, 'fitness': 0.9757977782806464, 'generation': 572}","{'id': 45245, 'rank': 24, 'fitness': 0.9757428324023565, 'generation': 572}","{'id': 45332, 'rank': 25, 'fitness': 0.9724945534669176, 'generation': 572}","{'id': 45317, 'rank': 26, 'fitness': 0.9486285891519677, 'generation': 572}","{'id': 45315, 'rank': 27, 'fitness': 0.9334438901216884, 'generation': 572}","{'id': 45238, 'rank': 28, 'fitness': 0.920497483276044, 'generation': 572}","{'id': 45297, 'rank': 29, 'fitness': 0.722580725135779, 'generation': 572}","{'id': 45333, 'rank': 30, 'fitness': 0.01798620996209155, 'generation': 572}"
"{'id': 45323, 'rank': 1, 'fitness': 0.9820137900379085, 'generation': 573}","{'id': 45323, 'rank': 2, 'fitness': 0.9820137900379085, 'generation': 573}","{'id': 45418, 'rank': 3, 'fitness': 0.9771829714743254, 'generation': 573}","{'id': 45420, 'rank': 4, 'fitness': 0.9747151162583396, 'generation': 573}","{'id': 45420, 'rank': 5, 'fitness': 0.9747151162583396, 'generation': 573}","{'id': 45425, 'rank': 6, 'fitness': 0.9721910141119602, 'generation': 573}","{'id': 45425, 'rank': 7, 'fitness': 0.9721910141119602, 'generation': 573}","{'id': 45425, 'rank': 8, 'fitness': 0.9721910141119602, 'generation': 573}","{'id': 45430, 'rank': 9, 'fitness': 0.9639414903943451, 'generation': 573}","{'id': 45424, 'rank': 10, 'fitness': 0.963761586074549, 'generation': 573}","{'id': 45391, 'rank': 11, 'fitness': 0.9427590387619663, 'generation': 573}","{'id': 45390, 'rank': 12, 'fitness': 0.9361052254712652, 'generation': 573}","{'id': 45421, 'rank': 13, 'fitness': 0.920603575844868, 'generation': 573}","{'id': 45384, 'rank': 14, 'fitness': 0.9198113197233007, 'generation': 573}","{'id': 45448, 'rank': 15, 'fitness': 0.8783741531492454, 'generation': 573}","{'id': 45411, 'rank': 16, 'fitness': 0.8273271556132178, 'generation': 573}","{'id': 45409, 'rank': 17, 'fitness': 0.8215522000932503, 'generation': 573}","{'id': 45408, 'rank': 18, 'fitness': 0.802047992438836, 'generation': 573}","{'id': 45386, 'rank': 19, 'fitness': 0.7911908365141485, 'generation': 573}","{'id': 45371, 'rank': 20, 'fitness': 0.7731688364652788, 'generation': 573}","{'id': 45415, 'rank': 21, 'fitness': 0.7510554414850554, 'generation': 573}","{'id': 45369, 'rank': 22, 'fitness': 0.72145582160636, 'generation': 573}","{'id': 45393, 'rank': 23, 'fitness': 0.7203448385598965, 'generation': 573}","{'id': 45412, 'rank': 24, 'fitness': 0.6813003311952877, 'generation': 573}","{'id': 45414, 'rank': 25, 'fitness': 0.5026629827004142, 'generation': 573}","{'id': 45446, 'rank': 26, 'fitness': 0.49389370036627617, 'generation': 573}","{'id': 45447, 'rank': 27, 'fitness': 0.2766520269910844, 'generation': 573}","{'id': 45245, 'rank': 28, 'fitness': 0.0191569959230381, 'generation': 573}","{'id': 45245, 'rank': 29, 'fitness': 0.0191569959230381, 'generation': 573}","{'id': 45366, 'rank': 30, 'fitness': 0.01798620996209155, 'generation': 573}"
"{'id': 45323, 'rank': 1, 'fitness': 0.9820137900379085, 'generation': 574}","{'id': 45323, 'rank': 2, 'fitness': 0.9820137900379085, 'generation': 574}","{'id': 45420, 'rank': 3, 'fitness': 0.9818035318906612, 'generation': 574}","{'id': 45475, 'rank': 4, 'fitness': 0.9816393010150721, 'generation': 574}","{'id': 45475, 'rank': 5, 'fitness': 0.9816393010150721, 'generation': 574}","{'id': 45430, 'rank': 6, 'fitness': 0.9815798041823298, 'generation': 574}","{'id': 45424, 'rank': 7, 'fitness': 0.9815766290712912, 'generation': 574}","{'id': 45424, 'rank': 8, 'fitness': 0.9815766290712912, 'generation': 574}","{'id': 45509, 'rank': 9, 'fitness': 0.9813490586503477, 'generation': 574}","{'id': 45390, 'rank': 10, 'fitness': 0.9812063610215992, 'generation': 574}","{'id': 45474, 'rank': 11, 'fitness': 0.9810238840688694, 'generation': 574}","{'id': 45499, 'rank': 12, 'fitness': 0.9807872958028674, 'generation': 574}","{'id': 45408, 'rank': 13, 'fitness': 0.9803831468532188, 'generation': 574}","{'id': 45525, 'rank': 14, 'fitness': 0.9801133671627462, 'generation': 574}","{'id': 45369, 'rank': 15, 'fitness': 0.9800883609982386, 'generation': 574}","{'id': 45393, 'rank': 16, 'fitness': 0.980084696246486, 'generation': 574}","{'id': 45414, 'rank': 17, 'fitness': 0.979454158821813, 'generation': 574}","{'id': 45481, 'rank': 18, 'fitness': 0.979404443766681, 'generation': 574}","{'id': 45471, 'rank': 19, 'fitness': 0.9789782231288259, 'generation': 574}","{'id': 45482, 'rank': 20, 'fitness': 0.978965364339923, 'generation': 574}","{'id': 45519, 'rank': 21, 'fitness': 0.9771402783577702, 'generation': 574}","{'id': 45519, 'rank': 22, 'fitness': 0.9771402783577702, 'generation': 574}","{'id': 45519, 'rank': 23, 'fitness': 0.9771402783577702, 'generation': 574}","{'id': 45245, 'rank': 24, 'fitness': 0.9765724075422867, 'generation': 574}","{'id': 45531, 'rank': 25, 'fitness': 0.9722656373944992, 'generation': 574}","{'id': 45531, 'rank': 26, 'fitness': 0.9722656373944992, 'generation': 574}","{'id': 45535, 'rank': 27, 'fitness': 0.9650578780558483, 'generation': 574}","{'id': 45529, 'rank': 28, 'fitness': 0.9622194437397813, 'generation': 574}","{'id': 45464, 'rank': 29, 'fitness': 0.37921486584003894, 'generation': 574}","{'id': 45490, 'rank': 30, 'fitness': 0.01798620996209155, 'generation': 574}"
"{'id': 45552, 'rank': 1, 'fitness': 0.9820137900379085, 'generation': 575}","{'id': 45552, 'rank': 2, 'fitness': 0.9820137900379085, 'generation': 575}","{'id': 45540, 'rank': 3, 'fitness': 0.9627886113328954, 'generation': 575}","{'id': 45540, 'rank': 4, 'fitness': 0.9627886113328954, 'generation': 575}","{'id': 45475, 'rank': 5, 'fitness': 0.9612160619107137, 'generation': 575}","{'id': 45424, 'rank': 6, 'fitness': 0.957848211754993, 'generation': 575}","{'id': 45548, 'rank': 7, 'fitness': 0.9528963487333795, 'generation': 575}","{'id': 45614, 'rank': 8, 'fitness': 0.9488185798229464, 'generation': 575}","{'id': 45549, 'rank': 9, 'fitness': 0.9228063096464263, 'generation': 575}","{'id': 45594, 'rank': 10, 'fitness': 0.8972121887953015, 'generation': 575}","{'id': 45594, 'rank': 11, 'fitness': 0.8972121887953015, 'generation': 575}","{'id': 45594, 'rank': 12, 'fitness': 0.8972121887953015, 'generation': 575}","{'id': 45553, 'rank': 13, 'fitness': 0.872363171255047, 'generation': 575}","{'id': 45553, 'rank': 14, 'fitness': 0.872363171255047, 'generation': 575}","{'id': 45555, 'rank': 15, 'fitness': 0.8686590415100741, 'generation': 575}","{'id': 45555, 'rank': 16, 'fitness': 0.8686590415100741, 'generation': 575}","{'id': 45565, 'rank': 17, 'fitness': 0.8446350125796611, 'generation': 575}","{'id': 45615, 'rank': 18, 'fitness': 0.8425798021437249, 'generation': 575}","{'id': 45393, 'rank': 19, 'fitness': 0.7574545456755848, 'generation': 575}","{'id': 45583, 'rank': 20, 'fitness': 0.667349021738437, 'generation': 575}","{'id': 45567, 'rank': 21, 'fitness': 0.5980615647748948, 'generation': 575}","{'id': 45598, 'rank': 22, 'fitness': 0.5854153860077975, 'generation': 575}","{'id': 45414, 'rank': 23, 'fitness': 0.5850341400698507, 'generation': 575}","{'id': 45471, 'rank': 24, 'fitness': 0.4400014817268645, 'generation': 575}","{'id': 45564, 'rank': 25, 'fitness': 0.40491794171698614, 'generation': 575}","{'id': 45588, 'rank': 26, 'fitness': 0.2045884425947601, 'generation': 575}","{'id': 45588, 'rank': 27, 'fitness': 0.2045884425947601, 'generation': 575}","{'id': 45542, 'rank': 28, 'fitness': 0.06633980579694299, 'generation': 575}","{'id': 45608, 'rank': 29, 'fitness': 0.04009655269112794, 'generation': 575}","{'id': 45599, 'rank': 30, 'fitness': 0.01798620996209155, 'generation': 575}"
"{'id': 45552, 'rank': 1, 'fitness': 0.9820137900379085, 'generation': 576}","{'id': 45663, 'rank': 2, 'fitness': 0.9819555281109813, 'generation': 576}","{'id': 45540, 'rank': 3, 'fitness': 0.9816697734746783, 'generation': 576}","{'id': 45540, 'rank': 4, 'fitness': 0.9816697734746783, 'generation': 576}","{'id': 45549, 'rank': 5, 'fitness': 0.9813072969904655, 'generation': 576}","{'id': 45594, 'rank': 6, 'fitness': 0.9811576567898166, 'generation': 576}","{'id': 45553, 'rank': 7, 'fitness': 0.9810404504396601, 'generation': 576}","{'id': 45555, 'rank': 8, 'fitness': 0.9810246495449948, 'generation': 576}","{'id': 45555, 'rank': 9, 'fitness': 0.9810246495449948, 'generation': 576}","{'id': 45555, 'rank': 10, 'fitness': 0.9810246495449948, 'generation': 576}","{'id': 45565, 'rank': 11, 'fitness': 0.9809301287869739, 'generation': 576}","{'id': 45615, 'rank': 12, 'fitness': 0.9809225976757043, 'generation': 576}","{'id': 45393, 'rank': 13, 'fitness': 0.9806603230805404, 'generation': 576}","{'id': 45393, 'rank': 14, 'fitness': 0.9806603230805404, 'generation': 576}","{'id': 45644, 'rank': 15, 'fitness': 0.9806512364394295, 'generation': 576}","{'id': 45583, 'rank': 16, 'fitness': 0.9804422469291776, 'generation': 576}","{'id': 45598, 'rank': 17, 'fitness': 0.9802674865728175, 'generation': 576}","{'id': 45414, 'rank': 18, 'fitness': 0.9802667015372728, 'generation': 576}","{'id': 45414, 'rank': 19, 'fitness': 0.9802667015372728, 'generation': 576}","{'id': 45471, 'rank': 20, 'fitness': 0.9799723521114977, 'generation': 576}","{'id': 45564, 'rank': 21, 'fitness': 0.9798992652244216, 'generation': 576}","{'id': 45643, 'rank': 22, 'fitness': 0.9798651125137975, 'generation': 576}","{'id': 45588, 'rank': 23, 'fitness': 0.9793981140549605, 'generation': 576}","{'id': 45588, 'rank': 24, 'fitness': 0.9793981140549605, 'generation': 576}","{'id': 45638, 'rank': 25, 'fitness': 0.9765361725411763, 'generation': 576}","{'id': 45658, 'rank': 26, 'fitness': 0.9359051753730416, 'generation': 576}","{'id': 45679, 'rank': 27, 'fitness': 0.9199233286675994, 'generation': 576}","{'id': 45655, 'rank': 28, 'fitness': 0.8465467987901114, 'generation': 576}","{'id': 45634, 'rank': 29, 'fitness': 0.01798620996209155, 'generation': 576}","{'id': 45634, 'rank': 30, 'fitness': 0.01798620996209155, 'generation': 576}"
"{'id': 45774, 'rank': 1, 'fitness': 0.9820137900379085, 'generation': 577}","{'id': 45540, 'rank': 2, 'fitness': 0.9605040099557849, 'generation': 577}","{'id': 45775, 'rank': 3, 'fitness': 0.9426041528008613, 'generation': 577}","{'id': 45772, 'rank': 4, 'fitness': 0.9343525993838446, 'generation': 577}","{'id': 45696, 'rank': 5, 'fitness': 0.9132392895606021, 'generation': 577}","{'id': 45764, 'rank': 6, 'fitness': 0.8492323680892886, 'generation': 577}","{'id': 45770, 'rank': 7, 'fitness': 0.7710091736856042, 'generation': 577}","{'id': 45778, 'rank': 8, 'fitness': 0.7647840443908064, 'generation': 577}","{'id': 45778, 'rank': 9, 'fitness': 0.7647840443908064, 'generation': 577}","{'id': 45555, 'rank': 10, 'fitness': 0.7626330621270335, 'generation': 577}","{'id': 45555, 'rank': 11, 'fitness': 0.7626330621270335, 'generation': 577}","{'id': 45555, 'rank': 12, 'fitness': 0.7626330621270335, 'generation': 577}","{'id': 45555, 'rank': 13, 'fitness': 0.7626330621270335, 'generation': 577}","{'id': 45565, 'rank': 14, 'fitness': 0.7060534036470955, 'generation': 577}","{'id': 45565, 'rank': 15, 'fitness': 0.7060534036470955, 'generation': 577}","{'id': 45718, 'rank': 16, 'fitness': 0.6826607648670945, 'generation': 577}","{'id': 45746, 'rank': 17, 'fitness': 0.6803583175440449, 'generation': 577}","{'id': 45711, 'rank': 18, 'fitness': 0.490326001750888, 'generation': 577}","{'id': 45739, 'rank': 19, 'fitness': 0.47697125185710487, 'generation': 577}","{'id': 45727, 'rank': 20, 'fitness': 0.3718371747003254, 'generation': 577}","{'id': 45742, 'rank': 21, 'fitness': 0.3059976031401887, 'generation': 577}","{'id': 45760, 'rank': 22, 'fitness': 0.253844197898643, 'generation': 577}","{'id': 45414, 'rank': 23, 'fitness': 0.24482390552069583, 'generation': 577}","{'id': 45749, 'rank': 24, 'fitness': 0.23659914596195963, 'generation': 577}","{'id': 45762, 'rank': 25, 'fitness': 0.219674098209716, 'generation': 577}","{'id': 45471, 'rank': 26, 'fitness': 0.11984232636797632, 'generation': 577}","{'id': 45714, 'rank': 27, 'fitness': 0.07487835268881121, 'generation': 577}","{'id': 45689, 'rank': 28, 'fitness': 0.07062640476358906, 'generation': 577}","{'id': 45699, 'rank': 29, 'fitness': 0.05844157493788732, 'generation': 577}","{'id': 45690, 'rank': 30, 'fitness': 0.01798620996209155, 'generation': 577}"
"{'id': 45774, 'rank': 1, 'fitness': 0.9820137900379085, 'generation': 578}","{'id': 45774, 'rank': 2, 'fitness': 0.9820137900379085, 'generation': 578}","{'id': 45810, 'rank': 3, 'fitness': 0.9819743834120314, 'generation': 578}","{'id': 45772, 'rank': 4, 'fitness': 0.981887789806051, 'generation': 578}","{'id': 45696, 'rank': 5, 'fitness': 0.9818593948011836, 'generation': 578}","{'id': 45696, 'rank': 6, 'fitness': 0.9818593948011836, 'generation': 578}","{'id': 45764, 'rank': 7, 'fitness': 0.9818004113852584, 'generation': 578}","{'id': 45770, 'rank': 8, 'fitness': 0.981751727516024, 'generation': 578}","{'id': 45555, 'rank': 9, 'fitness': 0.9817472888378983, 'generation': 578}","{'id': 45718, 'rank': 10, 'fitness': 0.9817092390129887, 'generation': 578}","{'id': 45711, 'rank': 11, 'fitness': 0.9816326729367835, 'generation': 578}","{'id': 45739, 'rank': 12, 'fitness': 0.9816275734915036, 'generation': 578}","{'id': 45742, 'rank': 13, 'fitness': 0.9815581405532954, 'generation': 578}","{'id': 45414, 'rank': 14, 'fitness': 0.9815286822588822, 'generation': 578}","{'id': 45414, 'rank': 15, 'fitness': 0.9815286822588822, 'generation': 578}","{'id': 45762, 'rank': 16, 'fitness': 0.9815151448645919, 'generation': 578}","{'id': 45471, 'rank': 17, 'fitness': 0.9814453297708732, 'generation': 578}","{'id': 45471, 'rank': 18, 'fitness': 0.9814453297708732, 'generation': 578}","{'id': 45714, 'rank': 19, 'fitness': 0.9813951770984239, 'generation': 578}","{'id': 45714, 'rank': 20, 'fitness': 0.9813951770984239, 'generation': 578}","{'id': 45689, 'rank': 21, 'fitness': 0.9813890890052316, 'generation': 578}","{'id': 45689, 'rank': 22, 'fitness': 0.9813890890052316, 'generation': 578}","{'id': 45689, 'rank': 23, 'fitness': 0.9813890890052316, 'generation': 578}","{'id': 45829, 'rank': 24, 'fitness': 0.9803542517790151, 'generation': 578}","{'id': 45829, 'rank': 25, 'fitness': 0.9803542517790151, 'generation': 578}","{'id': 45826, 'rank': 26, 'fitness': 0.9760740069006386, 'generation': 578}","{'id': 45785, 'rank': 27, 'fitness': 0.9485378523699257, 'generation': 578}","{'id': 45836, 'rank': 28, 'fitness': 0.8331710683152574, 'generation': 578}","{'id': 45832, 'rank': 29, 'fitness': 0.7413493152508659, 'generation': 578}","{'id': 45806, 'rank': 30, 'fitness': 0.01798620996209155, 'generation': 578}"
"{'id': 45908, 'rank': 1, 'fitness': 0.9820137900379085, 'generation': 579}","{'id': 45696, 'rank': 2, 'fitness': 0.9417897932114803, 'generation': 579}","{'id': 45696, 'rank': 3, 'fitness': 0.9417897932114803, 'generation': 579}","{'id': 45696, 'rank': 4, 'fitness': 0.9417897932114803, 'generation': 579}","{'id': 45696, 'rank': 5, 'fitness': 0.9417897932114803, 'generation': 579}","{'id': 45866, 'rank': 6, 'fitness': 0.8907263753544187, 'generation': 579}","{'id': 45862, 'rank': 7, 'fitness': 0.8880238328361749, 'generation': 579}","{'id': 45856, 'rank': 8, 'fitness': 0.8824577459258266, 'generation': 579}","{'id': 45856, 'rank': 9, 'fitness': 0.8824577459258266, 'generation': 579}","{'id': 45917, 'rank': 10, 'fitness': 0.8674329576417035, 'generation': 579}","{'id': 45861, 'rank': 11, 'fitness': 0.8587131260994019, 'generation': 579}","{'id': 45863, 'rank': 12, 'fitness': 0.8556816243661105, 'generation': 579}","{'id': 45770, 'rank': 13, 'fitness': 0.8398461200090308, 'generation': 579}","{'id': 45924, 'rank': 14, 'fitness': 0.6942544741595267, 'generation': 579}","{'id': 45882, 'rank': 15, 'fitness': 0.5330451357619573, 'generation': 579}","{'id': 45913, 'rank': 16, 'fitness': 0.4538096581638802, 'generation': 579}","{'id': 45902, 'rank': 17, 'fitness': 0.44874221558295413, 'generation': 579}","{'id': 45880, 'rank': 18, 'fitness': 0.4425323646373288, 'generation': 579}","{'id': 45880, 'rank': 19, 'fitness': 0.4425323646373288, 'generation': 579}","{'id': 45414, 'rank': 20, 'fitness': 0.3415785787921727, 'generation': 579}","{'id': 45414, 'rank': 21, 'fitness': 0.3415785787921727, 'generation': 579}","{'id': 45871, 'rank': 22, 'fitness': 0.2710975391787516, 'generation': 579}","{'id': 45471, 'rank': 23, 'fitness': 0.18038480560849868, 'generation': 579}","{'id': 45714, 'rank': 24, 'fitness': 0.11630860992816588, 'generation': 579}","{'id': 45894, 'rank': 25, 'fitness': 0.10305173645287108, 'generation': 579}","{'id': 45881, 'rank': 26, 'fitness': 0.10014173040423646, 'generation': 579}","{'id': 45843, 'rank': 27, 'fitness': 0.05897802136131519, 'generation': 579}","{'id': 45872, 'rank': 28, 'fitness': 0.04491563703991558, 'generation': 579}","{'id': 45878, 'rank': 29, 'fitness': 0.038384733523943115, 'generation': 579}","{'id': 45848, 'rank': 30, 'fitness': 0.01798620996209155, 'generation': 579}"
"{'id': 45696, 'rank': 1, 'fitness': 0.9820137900379085, 'generation': 580}","{'id': 45696, 'rank': 2, 'fitness': 0.9820137900379085, 'generation': 580}","{'id': 45696, 'rank': 3, 'fitness': 0.9820137900379085, 'generation': 580}","{'id': 45696, 'rank': 4, 'fitness': 0.9820137900379085, 'generation': 580}","{'id': 45866, 'rank': 5, 'fitness': 0.981937043181353, 'generation': 580}","{'id': 45862, 'rank': 6, 'fitness': 0.9819339612290279, 'generation': 580}","{'id': 45856, 'rank': 7, 'fitness': 0.9819278114791106, 'generation': 580}","{'id': 45856, 'rank': 8, 'fitness': 0.9819278114791106, 'generation': 580}","{'id': 45856, 'rank': 9, 'fitness': 0.9819278114791106, 'generation': 580}","{'id': 45861, 'rank': 10, 'fitness': 0.9819040828835169, 'generation': 580}","{'id': 45861, 'rank': 11, 'fitness': 0.9819040828835169, 'generation': 580}","{'id': 45770, 'rank': 12, 'fitness': 0.9818874918426181, 'generation': 580}","{'id': 45945, 'rank': 13, 'fitness': 0.9818126272076986, 'generation': 580}","{'id': 45880, 'rank': 14, 'fitness': 0.9816738921067878, 'generation': 580}","{'id': 45414, 'rank': 15, 'fitness': 0.9816254261140707, 'generation': 580}","{'id': 45871, 'rank': 16, 'fitness': 0.9815874210221884, 'generation': 580}","{'id': 45927, 'rank': 17, 'fitness': 0.9815555989244847, 'generation': 580}","{'id': 45927, 'rank': 18, 'fitness': 0.9815555989244847, 'generation': 580}","{'id': 45927, 'rank': 19, 'fitness': 0.9815555989244847, 'generation': 580}","{'id': 45471, 'rank': 20, 'fitness': 0.9815273456332118, 'generation': 580}","{'id': 45848, 'rank': 21, 'fitness': 0.9812400473402478, 'generation': 580}","{'id': 45942, 'rank': 22, 'fitness': 0.9760025872008488, 'generation': 580}","{'id': 45931, 'rank': 23, 'fitness': 0.9747475072805232, 'generation': 580}","{'id': 45962, 'rank': 24, 'fitness': 0.9740081876461688, 'generation': 580}","{'id': 45962, 'rank': 25, 'fitness': 0.9740081876461688, 'generation': 580}","{'id': 45961, 'rank': 26, 'fitness': 0.9729881187187723, 'generation': 580}","{'id': 45960, 'rank': 27, 'fitness': 0.9725849779691871, 'generation': 580}","{'id': 45958, 'rank': 28, 'fitness': 0.970385716073239, 'generation': 580}","{'id': 45947, 'rank': 29, 'fitness': 0.058915120653198094, 'generation': 580}","{'id': 45954, 'rank': 30, 'fitness': 0.01798620996209155, 'generation': 580}"
"{'id': 46001, 'rank': 1, 'fitness': 0.9820137900379085, 'generation': 581}","{'id': 46009, 'rank': 2, 'fitness': 0.9818924619335456, 'generation': 581}","{'id': 45696, 'rank': 3, 'fitness': 0.9803454675834957, 'generation': 581}","{'id': 45696, 'rank': 4, 'fitness': 0.9803454675834957, 'generation': 581}","{'id': 46052, 'rank': 5, 'fitness': 0.97936501416954, 'generation': 581}","{'id': 46043, 'rank': 6, 'fitness': 0.9785587440028575, 'generation': 581}","{'id': 45856, 'rank': 7, 'fitness': 0.9785482263650945, 'generation': 581}","{'id': 45856, 'rank': 8, 'fitness': 0.9785482263650945, 'generation': 581}","{'id': 45856, 'rank': 9, 'fitness': 0.9785482263650945, 'generation': 581}","{'id': 46012, 'rank': 10, 'fitness': 0.9767287771821994, 'generation': 581}","{'id': 45994, 'rank': 11, 'fitness': 0.9759103778283469, 'generation': 581}","{'id': 45945, 'rank': 12, 'fitness': 0.9759020256892854, 'generation': 581}","{'id': 46006, 'rank': 13, 'fitness': 0.9758365022136493, 'generation': 581}","{'id': 46000, 'rank': 14, 'fitness': 0.9755267162106469, 'generation': 581}","{'id': 46030, 'rank': 15, 'fitness': 0.975159038172055, 'generation': 581}","{'id': 46038, 'rank': 16, 'fitness': 0.9740382625220907, 'generation': 581}","{'id': 45993, 'rank': 17, 'fitness': 0.9740148253964814, 'generation': 581}","{'id': 46047, 'rank': 18, 'fitness': 0.9735368545387664, 'generation': 581}","{'id': 46047, 'rank': 19, 'fitness': 0.9735368545387664, 'generation': 581}","{'id': 45871, 'rank': 20, 'fitness': 0.9698405893878779, 'generation': 581}","{'id': 45927, 'rank': 21, 'fitness': 0.9688795123336029, 'generation': 581}","{'id': 46036, 'rank': 22, 'fitness': 0.9661329604985867, 'generation': 581}","{'id': 45996, 'rank': 23, 'fitness': 0.9639773098002633, 'generation': 581}","{'id': 45996, 'rank': 24, 'fitness': 0.9639773098002633, 'generation': 581}","{'id': 46027, 'rank': 25, 'fitness': 0.16516363014498503, 'generation': 581}","{'id': 46027, 'rank': 26, 'fitness': 0.16516363014498503, 'generation': 581}","{'id': 46039, 'rank': 27, 'fitness': 0.06831648388084094, 'generation': 581}","{'id': 46018, 'rank': 28, 'fitness': 0.04750692159950032, 'generation': 581}","{'id': 45962, 'rank': 29, 'fitness': 0.04681432692652909, 'generation': 581}","{'id': 46022, 'rank': 30, 'fitness': 0.01798620996209155, 'generation': 581}"
"{'id': 46001, 'rank': 1, 'fitness': 0.9820137900379085, 'generation': 582}","{'id': 46001, 'rank': 2, 'fitness': 0.9820137900379085, 'generation': 582}","{'id': 46064, 'rank': 3, 'fitness': 0.979896699956697, 'generation': 582}","{'id': 45696, 'rank': 4, 'fitness': 0.953101288821463, 'generation': 582}","{'id': 46052, 'rank': 5, 'fitness': 0.9219132853545546, 'generation': 582}","{'id': 46052, 'rank': 6, 'fitness': 0.9219132853545546, 'generation': 582}","{'id': 46099, 'rank': 7, 'fitness': 0.906291879554759, 'generation': 582}","{'id': 46081, 'rank': 8, 'fitness': 0.8910551342592858, 'generation': 582}","{'id': 46080, 'rank': 9, 'fitness': 0.8905211144456124, 'generation': 582}","{'id': 46080, 'rank': 10, 'fitness': 0.8905211144456124, 'generation': 582}","{'id': 46124, 'rank': 11, 'fitness': 0.8891809899605586, 'generation': 582}","{'id': 46122, 'rank': 12, 'fitness': 0.8724862667611797, 'generation': 582}","{'id': 46070, 'rank': 13, 'fitness': 0.8418160578421758, 'generation': 582}","{'id': 45994, 'rank': 14, 'fitness': 0.6765212418348329, 'generation': 582}","{'id': 45945, 'rank': 15, 'fitness': 0.6756708845501922, 'generation': 582}","{'id': 46000, 'rank': 16, 'fitness': 0.6366373690349941, 'generation': 582}","{'id': 46120, 'rank': 17, 'fitness': 0.6334000042588417, 'generation': 582}","{'id': 46030, 'rank': 18, 'fitness': 0.597164299600989, 'generation': 582}","{'id': 46091, 'rank': 19, 'fitness': 0.5894303742157744, 'generation': 582}","{'id': 46117, 'rank': 20, 'fitness': 0.5012021256410963, 'generation': 582}","{'id': 46038, 'rank': 21, 'fitness': 0.4746897516362768, 'generation': 582}","{'id': 46123, 'rank': 22, 'fitness': 0.46355642325090496, 'generation': 582}","{'id': 46093, 'rank': 23, 'fitness': 0.4104354445373744, 'generation': 582}","{'id': 46129, 'rank': 24, 'fitness': 0.18352576752906968, 'generation': 582}","{'id': 46095, 'rank': 25, 'fitness': 0.12467808933573116, 'generation': 582}","{'id': 46069, 'rank': 26, 'fitness': 0.08478910045521115, 'generation': 582}","{'id': 46115, 'rank': 27, 'fitness': 0.0631985075191111, 'generation': 582}","{'id': 46115, 'rank': 28, 'fitness': 0.0631985075191111, 'generation': 582}","{'id': 46090, 'rank': 29, 'fitness': 0.0570164988093293, 'generation': 582}","{'id': 46068, 'rank': 30, 'fitness': 0.01798620996209155, 'generation': 582}"
"{'id': 46176, 'rank': 1, 'fitness': 0.9820137900379085, 'generation': 583}","{'id': 46176, 'rank': 2, 'fitness': 0.9820137900379085, 'generation': 583}","{'id': 46190, 'rank': 3, 'fitness': 0.9819982892548638, 'generation': 583}","{'id': 46192, 'rank': 4, 'fitness': 0.9818110213359403, 'generation': 583}","{'id': 46192, 'rank': 5, 'fitness': 0.9818110213359403, 'generation': 583}","{'id': 46064, 'rank': 6, 'fitness': 0.9818015230452037, 'generation': 583}","{'id': 46175, 'rank': 7, 'fitness': 0.9816546326763773, 'generation': 583}","{'id': 46191, 'rank': 8, 'fitness': 0.9815857694784472, 'generation': 583}","{'id': 46052, 'rank': 9, 'fitness': 0.981487478434162, 'generation': 583}","{'id': 46146, 'rank': 10, 'fitness': 0.9814551894093408, 'generation': 583}","{'id': 46188, 'rank': 11, 'fitness': 0.9812906542178921, 'generation': 583}","{'id': 45945, 'rank': 12, 'fitness': 0.9810960414921961, 'generation': 583}","{'id': 45945, 'rank': 13, 'fitness': 0.9810960414921961, 'generation': 583}","{'id': 45945, 'rank': 14, 'fitness': 0.9810960414921961, 'generation': 583}","{'id': 46120, 'rank': 15, 'fitness': 0.9810533360805065, 'generation': 583}","{'id': 46120, 'rank': 16, 'fitness': 0.9810533360805065, 'generation': 583}","{'id': 46123, 'rank': 17, 'fitness': 0.9808943790744795, 'generation': 583}","{'id': 46129, 'rank': 18, 'fitness': 0.9805816912023944, 'generation': 583}","{'id': 46095, 'rank': 19, 'fitness': 0.9804746224382804, 'generation': 583}","{'id': 46115, 'rank': 20, 'fitness': 0.9802979801859348, 'generation': 583}","{'id': 46068, 'rank': 21, 'fitness': 0.9799860514381684, 'generation': 583}","{'id': 46135, 'rank': 22, 'fitness': 0.9795829501949527, 'generation': 583}","{'id': 46166, 'rank': 23, 'fitness': 0.9743367689981117, 'generation': 583}","{'id': 46166, 'rank': 24, 'fitness': 0.9743367689981117, 'generation': 583}","{'id': 46144, 'rank': 25, 'fitness': 0.9709307377534316, 'generation': 583}","{'id': 46195, 'rank': 26, 'fitness': 0.9551561229236082, 'generation': 583}","{'id': 46172, 'rank': 27, 'fitness': 0.9504575867851108, 'generation': 583}","{'id': 46151, 'rank': 28, 'fitness': 0.0959268427572848, 'generation': 583}","{'id': 46158, 'rank': 29, 'fitness': 0.01798620996209155, 'generation': 583}","{'id': 46158, 'rank': 30, 'fitness': 0.01798620996209155, 'generation': 583}"
"{'id': 46233, 'rank': 1, 'fitness': 0.9820137900379085, 'generation': 584}","{'id': 46233, 'rank': 2, 'fitness': 0.9820137900379085, 'generation': 584}","{'id': 46176, 'rank': 3, 'fitness': 0.9791897521022207, 'generation': 584}","{'id': 46176, 'rank': 4, 'fitness': 0.9791897521022207, 'generation': 584}","{'id': 46176, 'rank': 5, 'fitness': 0.9791897521022207, 'generation': 584}","{'id': 46279, 'rank': 6, 'fitness': 0.9786957140370696, 'generation': 584}","{'id': 46214, 'rank': 7, 'fitness': 0.9767011925873988, 'generation': 584}","{'id': 46192, 'rank': 8, 'fitness': 0.975129212125956, 'generation': 584}","{'id': 46192, 'rank': 9, 'fitness': 0.975129212125956, 'generation': 584}","{'id': 46064, 'rank': 10, 'fitness': 0.9749223477356018, 'generation': 584}","{'id': 46064, 'rank': 11, 'fitness': 0.9749223477356018, 'generation': 584}","{'id': 46198, 'rank': 12, 'fitness': 0.9732175681032553, 'generation': 584}","{'id': 46175, 'rank': 13, 'fitness': 0.9715170245112389, 'generation': 584}","{'id': 46287, 'rank': 14, 'fitness': 0.9699171157781559, 'generation': 584}","{'id': 46052, 'rank': 15, 'fitness': 0.9671346974731594, 'generation': 584}","{'id': 46268, 'rank': 16, 'fitness': 0.9648915576325572, 'generation': 584}","{'id': 46267, 'rank': 17, 'fitness': 0.9623198113289133, 'generation': 584}","{'id': 46255, 'rank': 18, 'fitness': 0.9621110679090649, 'generation': 584}","{'id': 45945, 'rank': 19, 'fitness': 0.9544034574176314, 'generation': 584}","{'id': 45945, 'rank': 20, 'fitness': 0.9544034574176314, 'generation': 584}","{'id': 46120, 'rank': 21, 'fitness': 0.9527773568638909, 'generation': 584}","{'id': 46224, 'rank': 22, 'fitness': 0.9455714665438328, 'generation': 584}","{'id': 46218, 'rank': 23, 'fitness': 0.9363650893276069, 'generation': 584}","{'id': 46129, 'rank': 24, 'fitness': 0.9311176999126588, 'generation': 584}","{'id': 46210, 'rank': 25, 'fitness': 0.9297920590857827, 'generation': 584}","{'id': 46262, 'rank': 26, 'fitness': 0.924148102184112, 'generation': 584}","{'id': 46207, 'rank': 27, 'fitness': 0.8633079981004332, 'generation': 584}","{'id': 46135, 'rank': 28, 'fitness': 0.8564878204797062, 'generation': 584}","{'id': 46222, 'rank': 29, 'fitness': 0.15181435720804293, 'generation': 584}","{'id': 46144, 'rank': 30, 'fitness': 0.01798620996209155, 'generation': 584}"
"{'id': 46322, 'rank': 1, 'fitness': 0.9820137900379085, 'generation': 585}","{'id': 46359, 'rank': 2, 'fitness': 0.9797666531194829, 'generation': 585}","{'id': 46192, 'rank': 3, 'fitness': 0.9634843049623449, 'generation': 585}","{'id': 46064, 'rank': 4, 'fitness': 0.9625717613890273, 'generation': 585}","{'id': 46366, 'rank': 5, 'fitness': 0.9390873856413402, 'generation': 585}","{'id': 46287, 'rank': 6, 'fitness': 0.9359928030010664, 'generation': 585}","{'id': 46320, 'rank': 7, 'fitness': 0.9190271138838655, 'generation': 585}","{'id': 46320, 'rank': 8, 'fitness': 0.9190271138838655, 'generation': 585}","{'id': 46268, 'rank': 9, 'fitness': 0.9003256773741622, 'generation': 585}","{'id': 46323, 'rank': 10, 'fitness': 0.882932739178843, 'generation': 585}","{'id': 46349, 'rank': 11, 'fitness': 0.8787602746190358, 'generation': 585}","{'id': 46331, 'rank': 12, 'fitness': 0.8618371267620424, 'generation': 585}","{'id': 46348, 'rank': 13, 'fitness': 0.8517973476384146, 'generation': 585}","{'id': 46356, 'rank': 14, 'fitness': 0.8241902875793856, 'generation': 585}","{'id': 46339, 'rank': 15, 'fitness': 0.7955561964539142, 'generation': 585}","{'id': 46325, 'rank': 16, 'fitness': 0.7840019079373137, 'generation': 585}","{'id': 46120, 'rank': 17, 'fitness': 0.7804650094212532, 'generation': 585}","{'id': 46224, 'rank': 18, 'fitness': 0.6936004933326247, 'generation': 585}","{'id': 46326, 'rank': 19, 'fitness': 0.6520109322756946, 'generation': 585}","{'id': 46310, 'rank': 20, 'fitness': 0.6173764036485316, 'generation': 585}","{'id': 46300, 'rank': 21, 'fitness': 0.5916420132329162, 'generation': 585}","{'id': 46218, 'rank': 22, 'fitness': 0.578349363571945, 'generation': 585}","{'id': 46329, 'rank': 23, 'fitness': 0.5120553791824028, 'generation': 585}","{'id': 46262, 'rank': 24, 'fitness': 0.43696738473375885, 'generation': 585}","{'id': 46303, 'rank': 25, 'fitness': 0.4168794793268621, 'generation': 585}","{'id': 46303, 'rank': 26, 'fitness': 0.4168794793268621, 'generation': 585}","{'id': 46328, 'rank': 27, 'fitness': 0.3660164030001317, 'generation': 585}","{'id': 46355, 'rank': 28, 'fitness': 0.23570376370453794, 'generation': 585}","{'id': 46332, 'rank': 29, 'fitness': 0.13874829178543435, 'generation': 585}","{'id': 46313, 'rank': 30, 'fitness': 0.01798620996209155, 'generation': 585}"
"{'id': 46398, 'rank': 1, 'fitness': 0.9820137900379085, 'generation': 586}","{'id': 46400, 'rank': 2, 'fitness': 0.9818038749533687, 'generation': 586}","{'id': 46322, 'rank': 3, 'fitness': 0.9813393636768735, 'generation': 586}","{'id': 46374, 'rank': 4, 'fitness': 0.9802261228722544, 'generation': 586}","{'id': 46376, 'rank': 5, 'fitness': 0.9795770174616522, 'generation': 586}","{'id': 46320, 'rank': 6, 'fitness': 0.9794440588508477, 'generation': 586}","{'id': 46323, 'rank': 7, 'fitness': 0.9789207862068605, 'generation': 586}","{'id': 46331, 'rank': 8, 'fitness': 0.9786732802422027, 'generation': 586}","{'id': 46356, 'rank': 9, 'fitness': 0.978295571804837, 'generation': 586}","{'id': 46356, 'rank': 10, 'fitness': 0.978295571804837, 'generation': 586}","{'id': 46325, 'rank': 11, 'fitness': 0.9779516900442813, 'generation': 586}","{'id': 46325, 'rank': 12, 'fitness': 0.9779516900442813, 'generation': 586}","{'id': 46325, 'rank': 13, 'fitness': 0.9779516900442813, 'generation': 586}","{'id': 46120, 'rank': 14, 'fitness': 0.9779235504922883, 'generation': 586}","{'id': 46399, 'rank': 15, 'fitness': 0.9771443957815609, 'generation': 586}","{'id': 46326, 'rank': 16, 'fitness': 0.9770380921470061, 'generation': 586}","{'id': 46326, 'rank': 17, 'fitness': 0.9770380921470061, 'generation': 586}","{'id': 46310, 'rank': 18, 'fitness': 0.9768265238103, 'generation': 586}","{'id': 46394, 'rank': 19, 'fitness': 0.9765386568351206, 'generation': 586}","{'id': 46421, 'rank': 20, 'fitness': 0.9573886123172988, 'generation': 586}","{'id': 46424, 'rank': 21, 'fitness': 0.9512718207006644, 'generation': 586}","{'id': 46423, 'rank': 22, 'fitness': 0.9502902393319264, 'generation': 586}","{'id': 46420, 'rank': 23, 'fitness': 0.9436972476333583, 'generation': 586}","{'id': 46425, 'rank': 24, 'fitness': 0.9400919875960987, 'generation': 586}","{'id': 46425, 'rank': 25, 'fitness': 0.9400919875960987, 'generation': 586}","{'id': 46402, 'rank': 26, 'fitness': 0.9198670514371667, 'generation': 586}","{'id': 46379, 'rank': 27, 'fitness': 0.7929556514991177, 'generation': 586}","{'id': 46411, 'rank': 28, 'fitness': 0.7602687300559987, 'generation': 586}","{'id': 46417, 'rank': 29, 'fitness': 0.029201576994838385, 'generation': 586}","{'id': 46405, 'rank': 30, 'fitness': 0.01798620996209155, 'generation': 586}"
"{'id': 46400, 'rank': 1, 'fitness': 0.9820137900379085, 'generation': 587}","{'id': 46322, 'rank': 2, 'fitness': 0.9806876104252655, 'generation': 587}","{'id': 46471, 'rank': 3, 'fitness': 0.9798664178520886, 'generation': 587}","{'id': 46447, 'rank': 4, 'fitness': 0.9795201966728898, 'generation': 587}","{'id': 46482, 'rank': 5, 'fitness': 0.979134285435241, 'generation': 587}","{'id': 46478, 'rank': 6, 'fitness': 0.9751399931049909, 'generation': 587}","{'id': 46457, 'rank': 7, 'fitness': 0.9748897783899029, 'generation': 587}","{'id': 46320, 'rank': 8, 'fitness': 0.9746422631818499, 'generation': 587}","{'id': 46440, 'rank': 9, 'fitness': 0.9743519538826468, 'generation': 587}","{'id': 46440, 'rank': 10, 'fitness': 0.9743519538826468, 'generation': 587}","{'id': 46486, 'rank': 11, 'fitness': 0.9725846671163778, 'generation': 587}","{'id': 46506, 'rank': 12, 'fitness': 0.970421448973388, 'generation': 587}","{'id': 46325, 'rank': 13, 'fitness': 0.9691367953004406, 'generation': 587}","{'id': 46325, 'rank': 14, 'fitness': 0.9691367953004406, 'generation': 587}","{'id': 46438, 'rank': 15, 'fitness': 0.9689550981409792, 'generation': 587}","{'id': 46441, 'rank': 16, 'fitness': 0.9685200195775627, 'generation': 587}","{'id': 46443, 'rank': 17, 'fitness': 0.965503549758076, 'generation': 587}","{'id': 46443, 'rank': 18, 'fitness': 0.965503549758076, 'generation': 587}","{'id': 46310, 'rank': 19, 'fitness': 0.964534736594391, 'generation': 587}","{'id': 46449, 'rank': 20, 'fitness': 0.9627781522683885, 'generation': 587}","{'id': 46448, 'rank': 21, 'fitness': 0.962367524742072, 'generation': 587}","{'id': 46505, 'rank': 22, 'fitness': 0.961436524418049, 'generation': 587}","{'id': 46456, 'rank': 23, 'fitness': 0.9564411574451188, 'generation': 587}","{'id': 46484, 'rank': 24, 'fitness': 0.9562232048145449, 'generation': 587}","{'id': 46421, 'rank': 25, 'fitness': 0.821556327647043, 'generation': 587}","{'id': 46473, 'rank': 26, 'fitness': 0.6472727376667948, 'generation': 587}","{'id': 46499, 'rank': 27, 'fitness': 0.46598746085218984, 'generation': 587}","{'id': 46402, 'rank': 28, 'fitness': 0.40884647429316595, 'generation': 587}","{'id': 46467, 'rank': 29, 'fitness': 0.37845598949755127, 'generation': 587}","{'id': 46411, 'rank': 30, 'fitness': 0.01798620996209155, 'generation': 587}"
"{'id': 46565, 'rank': 1, 'fitness': 0.9820137900379085, 'generation': 588}","{'id': 46565, 'rank': 2, 'fitness': 0.9820137900379085, 'generation': 588}","{'id': 46565, 'rank': 3, 'fitness': 0.9820137900379085, 'generation': 588}","{'id': 46400, 'rank': 4, 'fitness': 0.9802111974926458, 'generation': 588}","{'id': 46577, 'rank': 5, 'fitness': 0.9762595947601398, 'generation': 588}","{'id': 46322, 'rank': 6, 'fitness': 0.9743347178183286, 'generation': 588}","{'id': 46322, 'rank': 7, 'fitness': 0.9743347178183286, 'generation': 588}","{'id': 46322, 'rank': 8, 'fitness': 0.9743347178183286, 'generation': 588}","{'id': 46598, 'rank': 9, 'fitness': 0.9689733709661551, 'generation': 588}","{'id': 46541, 'rank': 10, 'fitness': 0.9675526012075621, 'generation': 588}","{'id': 46564, 'rank': 11, 'fitness': 0.9461544179619117, 'generation': 588}","{'id': 46579, 'rank': 12, 'fitness': 0.9439293536090403, 'generation': 588}","{'id': 46440, 'rank': 13, 'fitness': 0.9290129707009669, 'generation': 588}","{'id': 46547, 'rank': 14, 'fitness': 0.8856413106630556, 'generation': 588}","{'id': 46547, 'rank': 15, 'fitness': 0.8856413106630556, 'generation': 588}","{'id': 46506, 'rank': 16, 'fitness': 0.8842738763042713, 'generation': 588}","{'id': 46588, 'rank': 17, 'fitness': 0.8842086823048859, 'generation': 588}","{'id': 46325, 'rank': 18, 'fitness': 0.8667652628410679, 'generation': 588}","{'id': 46325, 'rank': 19, 'fitness': 0.8667652628410679, 'generation': 588}","{'id': 46533, 'rank': 20, 'fitness': 0.8369383481586148, 'generation': 588}","{'id': 46540, 'rank': 21, 'fitness': 0.7308466350656443, 'generation': 588}","{'id': 46540, 'rank': 22, 'fitness': 0.7308466350656443, 'generation': 588}","{'id': 46538, 'rank': 23, 'fitness': 0.6676328663992291, 'generation': 588}","{'id': 46531, 'rank': 24, 'fitness': 0.6666222899090857, 'generation': 588}","{'id': 46522, 'rank': 25, 'fitness': 0.6529869214295965, 'generation': 588}","{'id': 46572, 'rank': 26, 'fitness': 0.6469064677655224, 'generation': 588}","{'id': 46572, 'rank': 27, 'fitness': 0.6469064677655224, 'generation': 588}","{'id': 46532, 'rank': 28, 'fitness': 0.5777625935668782, 'generation': 588}","{'id': 46581, 'rank': 29, 'fitness': 0.22188428840724017, 'generation': 588}","{'id': 46544, 'rank': 30, 'fitness': 0.01798620996209155, 'generation': 588}"
"{'id': 46565, 'rank': 1, 'fitness': 0.9820137900379085, 'generation': 589}","{'id': 46565, 'rank': 2, 'fitness': 0.9820137900379085, 'generation': 589}","{'id': 46624, 'rank': 3, 'fitness': 0.9818539303213081, 'generation': 589}","{'id': 46624, 'rank': 4, 'fitness': 0.9818539303213081, 'generation': 589}","{'id': 46618, 'rank': 5, 'fitness': 0.9818309415112505, 'generation': 589}","{'id': 46322, 'rank': 6, 'fitness': 0.981823700132892, 'generation': 589}","{'id': 46541, 'rank': 7, 'fitness': 0.9816962977631523, 'generation': 589}","{'id': 46664, 'rank': 8, 'fitness': 0.9816139327337554, 'generation': 589}","{'id': 46625, 'rank': 9, 'fitness': 0.9814942397101589, 'generation': 589}","{'id': 46632, 'rank': 10, 'fitness': 0.9814616474323258, 'generation': 589}","{'id': 46619, 'rank': 11, 'fitness': 0.9814415434106436, 'generation': 589}","{'id': 46633, 'rank': 12, 'fitness': 0.9812069292919523, 'generation': 589}","{'id': 46651, 'rank': 13, 'fitness': 0.9811919604425969, 'generation': 589}","{'id': 46627, 'rank': 14, 'fitness': 0.9811184224408169, 'generation': 589}","{'id': 46609, 'rank': 15, 'fitness': 0.981065660953718, 'generation': 589}","{'id': 46609, 'rank': 16, 'fitness': 0.981065660953718, 'generation': 589}","{'id': 46506, 'rank': 17, 'fitness': 0.9809613157225321, 'generation': 589}","{'id': 46325, 'rank': 18, 'fitness': 0.9808725823726598, 'generation': 589}","{'id': 46612, 'rank': 19, 'fitness': 0.9806809679937091, 'generation': 589}","{'id': 46540, 'rank': 20, 'fitness': 0.980383562870381, 'generation': 589}","{'id': 46572, 'rank': 21, 'fitness': 0.9801593694966503, 'generation': 589}","{'id': 46581, 'rank': 22, 'fitness': 0.9790649786808009, 'generation': 589}","{'id': 46672, 'rank': 23, 'fitness': 0.9784561437212913, 'generation': 589}","{'id': 46658, 'rank': 24, 'fitness': 0.9782569162425713, 'generation': 589}","{'id': 46656, 'rank': 25, 'fitness': 0.9763711892904092, 'generation': 589}","{'id': 46671, 'rank': 26, 'fitness': 0.9762615487404654, 'generation': 589}","{'id': 46668, 'rank': 27, 'fitness': 0.9702992928655818, 'generation': 589}","{'id': 46667, 'rank': 28, 'fitness': 0.9608186121935575, 'generation': 589}","{'id': 46646, 'rank': 29, 'fitness': 0.6508290061633868, 'generation': 589}","{'id': 46631, 'rank': 30, 'fitness': 0.01798620996209155, 'generation': 589}"
"{'id': 46565, 'rank': 1, 'fitness': 0.9820137900379085, 'generation': 590}","{'id': 46565, 'rank': 2, 'fitness': 0.9820137900379085, 'generation': 590}","{'id': 46624, 'rank': 3, 'fitness': 0.9798586660382281, 'generation': 590}","{'id': 46618, 'rank': 4, 'fitness': 0.97953027168822, 'generation': 590}","{'id': 46738, 'rank': 5, 'fitness': 0.9794064523248218, 'generation': 590}","{'id': 46699, 'rank': 6, 'fitness': 0.9792318276890248, 'generation': 590}","{'id': 46541, 'rank': 7, 'fitness': 0.9775080354705077, 'generation': 590}","{'id': 46712, 'rank': 8, 'fitness': 0.9771006115381816, 'generation': 590}","{'id': 46716, 'rank': 9, 'fitness': 0.976527038270492, 'generation': 590}","{'id': 46766, 'rank': 10, 'fitness': 0.9755362005156563, 'generation': 590}","{'id': 46766, 'rank': 11, 'fitness': 0.9755362005156563, 'generation': 590}","{'id': 46715, 'rank': 12, 'fitness': 0.9752238909506297, 'generation': 590}","{'id': 46763, 'rank': 13, 'fitness': 0.9751556267876751, 'generation': 590}","{'id': 46700, 'rank': 14, 'fitness': 0.9703814019019201, 'generation': 590}","{'id': 46737, 'rank': 15, 'fitness': 0.9701903430073904, 'generation': 590}","{'id': 46728, 'rank': 16, 'fitness': 0.9700865065439663, 'generation': 590}","{'id': 46728, 'rank': 17, 'fitness': 0.9700865065439663, 'generation': 590}","{'id': 46711, 'rank': 18, 'fitness': 0.9676398619982762, 'generation': 590}","{'id': 46711, 'rank': 19, 'fitness': 0.9676398619982762, 'generation': 590}","{'id': 46711, 'rank': 20, 'fitness': 0.9676398619982762, 'generation': 590}","{'id': 46707, 'rank': 21, 'fitness': 0.9669999944857011, 'generation': 590}","{'id': 46627, 'rank': 22, 'fitness': 0.9666370277769648, 'generation': 590}","{'id': 46739, 'rank': 23, 'fitness': 0.9630987689272811, 'generation': 590}","{'id': 46506, 'rank': 24, 'fitness': 0.9629682560489776, 'generation': 590}","{'id': 46506, 'rank': 25, 'fitness': 0.9629682560489776, 'generation': 590}","{'id': 46718, 'rank': 26, 'fitness': 0.9625315117247701, 'generation': 590}","{'id': 46752, 'rank': 27, 'fitness': 0.9447539056640474, 'generation': 590}","{'id': 46746, 'rank': 28, 'fitness': 0.9326417669140157, 'generation': 590}","{'id': 46691, 'rank': 29, 'fitness': 0.7993584381943679, 'generation': 590}","{'id': 46694, 'rank': 30, 'fitness': 0.01798620996209155, 'generation': 590}"
"{'id': 46807, 'rank': 1, 'fitness': 0.9820137900379085, 'generation': 591}","{'id': 46624, 'rank': 2, 'fitness': 0.9647493825559311, 'generation': 591}","{'id': 46835, 'rank': 3, 'fitness': 0.9631551732887222, 'generation': 591}","{'id': 46738, 'rank': 4, 'fitness': 0.9621612839889094, 'generation': 591}","{'id': 46834, 'rank': 5, 'fitness': 0.9567385433259382, 'generation': 591}","{'id': 46832, 'rank': 6, 'fitness': 0.9555168186511405, 'generation': 591}","{'id': 46805, 'rank': 7, 'fitness': 0.9543020933453654, 'generation': 591}","{'id': 46776, 'rank': 8, 'fitness': 0.9539995842066185, 'generation': 591}","{'id': 46776, 'rank': 9, 'fitness': 0.9539995842066185, 'generation': 591}","{'id': 46776, 'rank': 10, 'fitness': 0.9539995842066185, 'generation': 591}","{'id': 46794, 'rank': 11, 'fitness': 0.9539329080479725, 'generation': 591}","{'id': 46781, 'rank': 12, 'fitness': 0.9522754898053887, 'generation': 591}","{'id': 46712, 'rank': 13, 'fitness': 0.9470429118117554, 'generation': 591}","{'id': 46824, 'rank': 14, 'fitness': 0.9358187260749864, 'generation': 591}","{'id': 46827, 'rank': 15, 'fitness': 0.9260004885616935, 'generation': 591}","{'id': 46793, 'rank': 16, 'fitness': 0.9050537174084603, 'generation': 591}","{'id': 46728, 'rank': 17, 'fitness': 0.8801211464258714, 'generation': 591}","{'id': 46815, 'rank': 18, 'fitness': 0.8611501687713039, 'generation': 591}","{'id': 46711, 'rank': 19, 'fitness': 0.8494527136292811, 'generation': 591}","{'id': 46711, 'rank': 20, 'fitness': 0.8494527136292811, 'generation': 591}","{'id': 46707, 'rank': 21, 'fitness': 0.8408601148390775, 'generation': 591}","{'id': 46847, 'rank': 22, 'fitness': 0.814194657935714, 'generation': 591}","{'id': 46845, 'rank': 23, 'fitness': 0.7890845651945488, 'generation': 591}","{'id': 46845, 'rank': 24, 'fitness': 0.7890845651945488, 'generation': 591}","{'id': 46844, 'rank': 25, 'fitness': 0.7504483086955318, 'generation': 591}","{'id': 46809, 'rank': 26, 'fitness': 0.7162249610251805, 'generation': 591}","{'id': 46811, 'rank': 27, 'fitness': 0.7151463190540205, 'generation': 591}","{'id': 46811, 'rank': 28, 'fitness': 0.7151463190540205, 'generation': 591}","{'id': 46789, 'rank': 29, 'fitness': 0.4286319833867631, 'generation': 591}","{'id': 46849, 'rank': 30, 'fitness': 0.01798620996209155, 'generation': 591}"
"{'id': 46832, 'rank': 1, 'fitness': 0.9820137900379085, 'generation': 592}","{'id': 46776, 'rank': 2, 'fitness': 0.9819203005237653, 'generation': 592}","{'id': 46776, 'rank': 3, 'fitness': 0.9819203005237653, 'generation': 592}","{'id': 46781, 'rank': 4, 'fitness': 0.9818170122449343, 'generation': 592}","{'id': 46927, 'rank': 5, 'fitness': 0.9813152003107304, 'generation': 592}","{'id': 46871, 'rank': 6, 'fitness': 0.9805426710968137, 'generation': 592}","{'id': 46858, 'rank': 7, 'fitness': 0.9799931680959282, 'generation': 592}","{'id': 46728, 'rank': 8, 'fitness': 0.9789308235075018, 'generation': 592}","{'id': 46815, 'rank': 9, 'fitness': 0.9784014722223213, 'generation': 592}","{'id': 46815, 'rank': 10, 'fitness': 0.9784014722223213, 'generation': 592}","{'id': 46912, 'rank': 11, 'fitness': 0.9783167816467992, 'generation': 592}","{'id': 46859, 'rank': 12, 'fitness': 0.9775618925051496, 'generation': 592}","{'id': 46811, 'rank': 13, 'fitness': 0.9753344850404695, 'generation': 592}","{'id': 46811, 'rank': 14, 'fitness': 0.9753344850404695, 'generation': 592}","{'id': 46926, 'rank': 15, 'fitness': 0.9721872682694164, 'generation': 592}","{'id': 46909, 'rank': 16, 'fitness': 0.970087980549432, 'generation': 592}","{'id': 46851, 'rank': 17, 'fitness': 0.9665986076733227, 'generation': 592}","{'id': 46889, 'rank': 18, 'fitness': 0.965491352798848, 'generation': 592}","{'id': 46913, 'rank': 19, 'fitness': 0.9653634703226817, 'generation': 592}","{'id': 46908, 'rank': 20, 'fitness': 0.9634524652994045, 'generation': 592}","{'id': 46900, 'rank': 21, 'fitness': 0.9563905137530331, 'generation': 592}","{'id': 46900, 'rank': 22, 'fitness': 0.9563905137530331, 'generation': 592}","{'id': 46910, 'rank': 23, 'fitness': 0.938755794908293, 'generation': 592}","{'id': 46874, 'rank': 24, 'fitness': 0.878461112363838, 'generation': 592}","{'id': 46876, 'rank': 25, 'fitness': 0.7778632925894546, 'generation': 592}","{'id': 46881, 'rank': 26, 'fitness': 0.6749835567338596, 'generation': 592}","{'id': 46883, 'rank': 27, 'fitness': 0.5459348147071504, 'generation': 592}","{'id': 46898, 'rank': 28, 'fitness': 0.063425006286628, 'generation': 592}","{'id': 46901, 'rank': 29, 'fitness': 0.03395160313506246, 'generation': 592}","{'id': 46896, 'rank': 30, 'fitness': 0.01798620996209155, 'generation': 592}"
"{'id': 46832, 'rank': 1, 'fitness': 0.9820137900379085, 'generation': 593}","{'id': 46776, 'rank': 2, 'fitness': 0.9817841675681749, 'generation': 593}","{'id': 46781, 'rank': 3, 'fitness': 0.9815285106432503, 'generation': 593}","{'id': 46999, 'rank': 4, 'fitness': 0.9803515065538283, 'generation': 593}","{'id': 46999, 'rank': 5, 'fitness': 0.9803515065538283, 'generation': 593}","{'id': 46927, 'rank': 6, 'fitness': 0.9802569299738491, 'generation': 593}","{'id': 46969, 'rank': 7, 'fitness': 0.9792886295803488, 'generation': 593}","{'id': 46998, 'rank': 8, 'fitness': 0.9779472813753368, 'generation': 593}","{'id': 46998, 'rank': 9, 'fitness': 0.9779472813753368, 'generation': 593}","{'id': 46985, 'rank': 10, 'fitness': 0.9759637600648425, 'generation': 593}","{'id': 46955, 'rank': 11, 'fitness': 0.973993764616433, 'generation': 593}","{'id': 46955, 'rank': 12, 'fitness': 0.973993764616433, 'generation': 593}","{'id': 46949, 'rank': 13, 'fitness': 0.9723778310619258, 'generation': 593}","{'id': 46815, 'rank': 14, 'fitness': 0.971889956962648, 'generation': 593}","{'id': 46940, 'rank': 15, 'fitness': 0.967323331867234, 'generation': 593}","{'id': 46940, 'rank': 16, 'fitness': 0.967323331867234, 'generation': 593}","{'id': 46941, 'rank': 17, 'fitness': 0.9664063697684354, 'generation': 593}","{'id': 46994, 'rank': 18, 'fitness': 0.9571269801563371, 'generation': 593}","{'id': 46994, 'rank': 19, 'fitness': 0.9571269801563371, 'generation': 593}","{'id': 46994, 'rank': 20, 'fitness': 0.9571269801563371, 'generation': 593}","{'id': 46943, 'rank': 21, 'fitness': 0.9569260983586285, 'generation': 593}","{'id': 46988, 'rank': 22, 'fitness': 0.9489337795536752, 'generation': 593}","{'id': 46987, 'rank': 23, 'fitness': 0.9397647719291525, 'generation': 593}","{'id': 46987, 'rank': 24, 'fitness': 0.9397647719291525, 'generation': 593}","{'id': 46913, 'rank': 25, 'fitness': 0.9132964369776073, 'generation': 593}","{'id': 46913, 'rank': 26, 'fitness': 0.9132964369776073, 'generation': 593}","{'id': 46982, 'rank': 27, 'fitness': 0.8186055075932712, 'generation': 593}","{'id': 46874, 'rank': 28, 'fitness': 0.2792526398662857, 'generation': 593}","{'id': 47004, 'rank': 29, 'fitness': 0.01835549278292914, 'generation': 593}","{'id': 46881, 'rank': 30, 'fitness': 0.01798620996209155, 'generation': 593}"
"{'id': 46832, 'rank': 1, 'fitness': 0.9820137900379085, 'generation': 594}","{'id': 47094, 'rank': 2, 'fitness': 0.9803523384444119, 'generation': 594}","{'id': 47094, 'rank': 3, 'fitness': 0.9803523384444119, 'generation': 594}","{'id': 46927, 'rank': 4, 'fitness': 0.9799080828186173, 'generation': 594}","{'id': 46998, 'rank': 5, 'fitness': 0.9770874313893433, 'generation': 594}","{'id': 46998, 'rank': 6, 'fitness': 0.9770874313893433, 'generation': 594}","{'id': 47078, 'rank': 7, 'fitness': 0.9765905840664901, 'generation': 594}","{'id': 47078, 'rank': 8, 'fitness': 0.9765905840664901, 'generation': 594}","{'id': 47076, 'rank': 9, 'fitness': 0.9753024636232197, 'generation': 594}","{'id': 46949, 'rank': 10, 'fitness': 0.9700714265511836, 'generation': 594}","{'id': 47088, 'rank': 11, 'fitness': 0.9677788339752079, 'generation': 594}","{'id': 47043, 'rank': 12, 'fitness': 0.9666329039969765, 'generation': 594}","{'id': 47017, 'rank': 13, 'fitness': 0.9634138340017315, 'generation': 594}","{'id': 47065, 'rank': 14, 'fitness': 0.9536672848819796, 'generation': 594}","{'id': 46994, 'rank': 15, 'fitness': 0.9496664346086234, 'generation': 594}","{'id': 46994, 'rank': 16, 'fitness': 0.9496664346086234, 'generation': 594}","{'id': 46943, 'rank': 17, 'fitness': 0.9493883051637426, 'generation': 594}","{'id': 47071, 'rank': 18, 'fitness': 0.9489379481187746, 'generation': 594}","{'id': 47071, 'rank': 19, 'fitness': 0.9489379481187746, 'generation': 594}","{'id': 47051, 'rank': 20, 'fitness': 0.948638496235789, 'generation': 594}","{'id': 47062, 'rank': 21, 'fitness': 0.947264288488968, 'generation': 594}","{'id': 47059, 'rank': 22, 'fitness': 0.9284995223395434, 'generation': 594}","{'id': 47079, 'rank': 23, 'fitness': 0.887612661950403, 'generation': 594}","{'id': 47034, 'rank': 24, 'fitness': 0.8820272959725414, 'generation': 594}","{'id': 47085, 'rank': 25, 'fitness': 0.8731730281769622, 'generation': 594}","{'id': 47068, 'rank': 26, 'fitness': 0.8285451193806561, 'generation': 594}","{'id': 47011, 'rank': 27, 'fitness': 0.802079818309855, 'generation': 594}","{'id': 47086, 'rank': 28, 'fitness': 0.367186487781965, 'generation': 594}","{'id': 46874, 'rank': 29, 'fitness': 0.1324899845931491, 'generation': 594}","{'id': 47028, 'rank': 30, 'fitness': 0.01798620996209155, 'generation': 594}"
"{'id': 47099, 'rank': 1, 'fitness': 0.9820137900379085, 'generation': 595}","{'id': 47099, 'rank': 2, 'fitness': 0.9820137900379085, 'generation': 595}","{'id': 47169, 'rank': 3, 'fitness': 0.9795916528116526, 'generation': 595}","{'id': 47094, 'rank': 4, 'fitness': 0.9793248258829949, 'generation': 595}","{'id': 47166, 'rank': 5, 'fitness': 0.9771059306117522, 'generation': 595}","{'id': 46949, 'rank': 6, 'fitness': 0.9769882004595318, 'generation': 595}","{'id': 47161, 'rank': 7, 'fitness': 0.9768462957883763, 'generation': 595}","{'id': 47088, 'rank': 8, 'fitness': 0.9765496154610961, 'generation': 595}","{'id': 47043, 'rank': 9, 'fitness': 0.9763387452764487, 'generation': 595}","{'id': 47136, 'rank': 10, 'fitness': 0.97617365140651, 'generation': 595}","{'id': 47136, 'rank': 11, 'fitness': 0.97617365140651, 'generation': 595}","{'id': 47153, 'rank': 12, 'fitness': 0.9761622530838112, 'generation': 595}","{'id': 47017, 'rank': 13, 'fitness': 0.9757728281923369, 'generation': 595}","{'id': 47148, 'rank': 14, 'fitness': 0.9742668135916752, 'generation': 595}","{'id': 47065, 'rank': 15, 'fitness': 0.9742503538089191, 'generation': 595}","{'id': 46994, 'rank': 16, 'fitness': 0.9736905429790301, 'generation': 595}","{'id': 46994, 'rank': 17, 'fitness': 0.9736905429790301, 'generation': 595}","{'id': 47071, 'rank': 18, 'fitness': 0.9735919729984628, 'generation': 595}","{'id': 47137, 'rank': 19, 'fitness': 0.9720137722853779, 'generation': 595}","{'id': 47150, 'rank': 20, 'fitness': 0.9707399932630825, 'generation': 595}","{'id': 47133, 'rank': 21, 'fitness': 0.9630685051989893, 'generation': 595}","{'id': 47105, 'rank': 22, 'fitness': 0.9610060392985889, 'generation': 595}","{'id': 47127, 'rank': 23, 'fitness': 0.9540877406639059, 'generation': 595}","{'id': 47140, 'rank': 24, 'fitness': 0.948646273663992, 'generation': 595}","{'id': 47141, 'rank': 25, 'fitness': 0.9385675382014703, 'generation': 595}","{'id': 47106, 'rank': 26, 'fitness': 0.938511512248607, 'generation': 595}","{'id': 47172, 'rank': 27, 'fitness': 0.9268581615706735, 'generation': 595}","{'id': 46874, 'rank': 28, 'fitness': 0.9159860353926623, 'generation': 595}","{'id': 47120, 'rank': 29, 'fitness': 0.3495977631285431, 'generation': 595}","{'id': 47124, 'rank': 30, 'fitness': 0.01798620996209155, 'generation': 595}"
"{'id': 47243, 'rank': 1, 'fitness': 0.9820137900379085, 'generation': 596}","{'id': 47099, 'rank': 2, 'fitness': 0.9819083190674142, 'generation': 596}","{'id': 47099, 'rank': 3, 'fitness': 0.9819083190674142, 'generation': 596}","{'id': 47099, 'rank': 4, 'fitness': 0.9819083190674142, 'generation': 596}","{'id': 47241, 'rank': 5, 'fitness': 0.9722445745974821, 'generation': 596}","{'id': 47220, 'rank': 6, 'fitness': 0.9675515954779577, 'generation': 596}","{'id': 47094, 'rank': 7, 'fitness': 0.9614496634754299, 'generation': 596}","{'id': 47257, 'rank': 8, 'fitness': 0.9581782553544806, 'generation': 596}","{'id': 47252, 'rank': 9, 'fitness': 0.9523063362592833, 'generation': 596}","{'id': 47258, 'rank': 10, 'fitness': 0.9365482333092552, 'generation': 596}","{'id': 47166, 'rank': 11, 'fitness': 0.93377077388758, 'generation': 596}","{'id': 47235, 'rank': 12, 'fitness': 0.9252764694433426, 'generation': 596}","{'id': 47136, 'rank': 13, 'fitness': 0.9185217503285565, 'generation': 596}","{'id': 47136, 'rank': 14, 'fitness': 0.9185217503285565, 'generation': 596}","{'id': 47153, 'rank': 15, 'fitness': 0.9183208369123564, 'generation': 596}","{'id': 47197, 'rank': 16, 'fitness': 0.9158454505237057, 'generation': 596}","{'id': 47017, 'rank': 17, 'fitness': 0.9112403814462013, 'generation': 596}","{'id': 47195, 'rank': 18, 'fitness': 0.8901478124164223, 'generation': 596}","{'id': 47071, 'rank': 19, 'fitness': 0.8635251417548564, 'generation': 596}","{'id': 47190, 'rank': 20, 'fitness': 0.8610162419559928, 'generation': 596}","{'id': 47231, 'rank': 21, 'fitness': 0.8564026497238861, 'generation': 596}","{'id': 47234, 'rank': 22, 'fitness': 0.839433290027902, 'generation': 596}","{'id': 47218, 'rank': 23, 'fitness': 0.8131878544983597, 'generation': 596}","{'id': 47218, 'rank': 24, 'fitness': 0.8131878544983597, 'generation': 596}","{'id': 47150, 'rank': 25, 'fitness': 0.7803209636627906, 'generation': 596}","{'id': 47222, 'rank': 26, 'fitness': 0.6862885146826772, 'generation': 596}","{'id': 47200, 'rank': 27, 'fitness': 0.6564406105256194, 'generation': 596}","{'id': 47225, 'rank': 28, 'fitness': 0.5943436925378862, 'generation': 596}","{'id': 47173, 'rank': 29, 'fitness': 0.23038672201237614, 'generation': 596}","{'id': 47172, 'rank': 30, 'fitness': 0.01798620996209155, 'generation': 596}"
"{'id': 47283, 'rank': 1, 'fitness': 0.9820137900379085, 'generation': 597}","{'id': 47099, 'rank': 2, 'fitness': 0.9817067995826945, 'generation': 597}","{'id': 47284, 'rank': 3, 'fitness': 0.9805983903912342, 'generation': 597}","{'id': 47220, 'rank': 4, 'fitness': 0.9797771908116399, 'generation': 597}","{'id': 47292, 'rank': 5, 'fitness': 0.9795643611818534, 'generation': 597}","{'id': 47292, 'rank': 6, 'fitness': 0.9795643611818534, 'generation': 597}","{'id': 47292, 'rank': 7, 'fitness': 0.9795643611818534, 'generation': 597}","{'id': 47094, 'rank': 8, 'fitness': 0.9791639934430485, 'generation': 597}","{'id': 47259, 'rank': 9, 'fitness': 0.9782468337338703, 'generation': 597}","{'id': 47274, 'rank': 10, 'fitness': 0.9779187310608229, 'generation': 597}","{'id': 47258, 'rank': 11, 'fitness': 0.9772563750520632, 'generation': 597}","{'id': 47166, 'rank': 12, 'fitness': 0.9770818920815203, 'generation': 597}","{'id': 47153, 'rank': 13, 'fitness': 0.9762003896695144, 'generation': 597}","{'id': 47017, 'rank': 14, 'fitness': 0.9758372779496366, 'generation': 597}","{'id': 47017, 'rank': 15, 'fitness': 0.9758372779496366, 'generation': 597}","{'id': 47017, 'rank': 16, 'fitness': 0.9758372779496366, 'generation': 597}","{'id': 47307, 'rank': 17, 'fitness': 0.9758166644267815, 'generation': 597}","{'id': 47071, 'rank': 18, 'fitness': 0.9738104832907777, 'generation': 597}","{'id': 47218, 'rank': 19, 'fitness': 0.972131769634677, 'generation': 597}","{'id': 47218, 'rank': 20, 'fitness': 0.972131769634677, 'generation': 597}","{'id': 47306, 'rank': 21, 'fitness': 0.9695195821947147, 'generation': 597}","{'id': 47200, 'rank': 22, 'fitness': 0.9680600101934222, 'generation': 597}","{'id': 47173, 'rank': 23, 'fitness': 0.9566855282547551, 'generation': 597}","{'id': 47322, 'rank': 24, 'fitness': 0.9539545430363838, 'generation': 597}","{'id': 47287, 'rank': 25, 'fitness': 0.9137747567789286, 'generation': 597}","{'id': 47269, 'rank': 26, 'fitness': 0.907786624519675, 'generation': 597}","{'id': 47291, 'rank': 27, 'fitness': 0.8946060527160962, 'generation': 597}","{'id': 47312, 'rank': 28, 'fitness': 0.8532172233788504, 'generation': 597}","{'id': 47309, 'rank': 29, 'fitness': 0.1403535313229219, 'generation': 597}","{'id': 47320, 'rank': 30, 'fitness': 0.01798620996209155, 'generation': 597}"
"{'id': 47283, 'rank': 1, 'fitness': 0.9820137900379085, 'generation': 598}","{'id': 47392, 'rank': 2, 'fitness': 0.9802171639680108, 'generation': 598}","{'id': 47392, 'rank': 3, 'fitness': 0.9802171639680108, 'generation': 598}","{'id': 47348, 'rank': 4, 'fitness': 0.9798960461281805, 'generation': 598}","{'id': 47292, 'rank': 5, 'fitness': 0.9794676828372055, 'generation': 598}","{'id': 47373, 'rank': 6, 'fitness': 0.9788120376002748, 'generation': 598}","{'id': 47373, 'rank': 7, 'fitness': 0.9788120376002748, 'generation': 598}","{'id': 47402, 'rank': 8, 'fitness': 0.9785351352383378, 'generation': 598}","{'id': 47396, 'rank': 9, 'fitness': 0.9781898988108286, 'generation': 598}","{'id': 47407, 'rank': 10, 'fitness': 0.9780720272245556, 'generation': 598}","{'id': 47409, 'rank': 11, 'fitness': 0.9779359993369434, 'generation': 598}","{'id': 47409, 'rank': 12, 'fitness': 0.9779359993369434, 'generation': 598}","{'id': 47354, 'rank': 13, 'fitness': 0.9774979436262674, 'generation': 598}","{'id': 47258, 'rank': 14, 'fitness': 0.9770584673626482, 'generation': 598}","{'id': 47356, 'rank': 15, 'fitness': 0.9764717968917263, 'generation': 598}","{'id': 47381, 'rank': 16, 'fitness': 0.9758555002357652, 'generation': 598}","{'id': 47403, 'rank': 17, 'fitness': 0.9757557410191132, 'generation': 598}","{'id': 47017, 'rank': 18, 'fitness': 0.9755727170832378, 'generation': 598}","{'id': 47307, 'rank': 19, 'fitness': 0.9755511120147278, 'generation': 598}","{'id': 47397, 'rank': 20, 'fitness': 0.9741869925215703, 'generation': 598}","{'id': 47358, 'rank': 21, 'fitness': 0.9732765553081544, 'generation': 598}","{'id': 47342, 'rank': 22, 'fitness': 0.9719775728698372, 'generation': 598}","{'id': 47385, 'rank': 23, 'fitness': 0.9718217156725262, 'generation': 598}","{'id': 47385, 'rank': 24, 'fitness': 0.9718217156725262, 'generation': 598}","{'id': 47398, 'rank': 25, 'fitness': 0.9713632997139361, 'generation': 598}","{'id': 47306, 'rank': 26, 'fitness': 0.9689230042707171, 'generation': 598}","{'id': 47386, 'rank': 27, 'fitness': 0.9674978779201833, 'generation': 598}","{'id': 47386, 'rank': 28, 'fitness': 0.9674978779201833, 'generation': 598}","{'id': 47369, 'rank': 29, 'fitness': 0.9649074050259239, 'generation': 598}","{'id': 47344, 'rank': 30, 'fitness': 0.01798620996209155, 'generation': 598}"
"{'id': 47283, 'rank': 1, 'fitness': 0.9820137900379085, 'generation': 599}","{'id': 47283, 'rank': 2, 'fitness': 0.9820137900379085, 'generation': 599}","{'id': 47460, 'rank': 3, 'fitness': 0.9668490714704074, 'generation': 599}","{'id': 47425, 'rank': 4, 'fitness': 0.9621633598215581, 'generation': 599}","{'id': 47348, 'rank': 5, 'fitness': 0.9607612412209945, 'generation': 599}","{'id': 47464, 'rank': 6, 'fitness': 0.9522484331364495, 'generation': 599}","{'id': 47448, 'rank': 7, 'fitness': 0.9470159149860518, 'generation': 599}","{'id': 47373, 'rank': 8, 'fitness': 0.94369827067579, 'generation': 599}","{'id': 47373, 'rank': 9, 'fitness': 0.94369827067579, 'generation': 599}","{'id': 47373, 'rank': 10, 'fitness': 0.94369827067579, 'generation': 599}","{'id': 47402, 'rank': 11, 'fitness': 0.9385041164673049, 'generation': 599}","{'id': 47396, 'rank': 12, 'fitness': 0.9315060210154305, 'generation': 599}","{'id': 47396, 'rank': 13, 'fitness': 0.9315060210154305, 'generation': 599}","{'id': 47485, 'rank': 14, 'fitness': 0.9096898597083889, 'generation': 599}","{'id': 47444, 'rank': 15, 'fitness': 0.9007559402171965, 'generation': 599}","{'id': 47444, 'rank': 16, 'fitness': 0.9007559402171965, 'generation': 599}","{'id': 47434, 'rank': 17, 'fitness': 0.9004505279055556, 'generation': 599}","{'id': 47356, 'rank': 18, 'fitness': 0.8871280047262853, 'generation': 599}","{'id': 47356, 'rank': 19, 'fitness': 0.8871280047262853, 'generation': 599}","{'id': 47449, 'rank': 20, 'fitness': 0.8718851569977631, 'generation': 599}","{'id': 47416, 'rank': 21, 'fitness': 0.8301375805887441, 'generation': 599}","{'id': 47416, 'rank': 22, 'fitness': 0.8301375805887441, 'generation': 599}","{'id': 47482, 'rank': 23, 'fitness': 0.829837429760518, 'generation': 599}","{'id': 47441, 'rank': 24, 'fitness': 0.7766084456893133, 'generation': 599}","{'id': 47440, 'rank': 25, 'fitness': 0.6271311707940717, 'generation': 599}","{'id': 47455, 'rank': 26, 'fitness': 0.5168873341366232, 'generation': 599}","{'id': 47467, 'rank': 27, 'fitness': 0.2536188541335379, 'generation': 599}","{'id': 47495, 'rank': 28, 'fitness': 0.09839555405779143, 'generation': 599}","{'id': 47497, 'rank': 29, 'fitness': 0.07228746410550363, 'generation': 599}","{'id': 47419, 'rank': 30, 'fitness': 0.01798620996209155, 'generation': 599}"
"{'id': 47512, 'rank': 1, 'fitness': 0.9820137900379085, 'generation': 600}","{'id': 47523, 'rank': 2, 'fitness': 0.9815622775222073, 'generation': 600}","{'id': 47425, 'rank': 3, 'fitness': 0.980601392310432, 'generation': 600}","{'id': 47348, 'rank': 4, 'fitness': 0.9805233916910225, 'generation': 600}","{'id': 47464, 'rank': 5, 'fitness': 0.9800949870518427, 'generation': 600}","{'id': 47373, 'rank': 6, 'fitness': 0.9797251569065426, 'generation': 600}","{'id': 47373, 'rank': 7, 'fitness': 0.9797251569065426, 'generation': 600}","{'id': 47396, 'rank': 8, 'fitness': 0.979271275114985, 'generation': 600}","{'id': 47485, 'rank': 9, 'fitness': 0.9786019617890813, 'generation': 600}","{'id': 47434, 'rank': 10, 'fitness': 0.9783569228453886, 'generation': 600}","{'id': 47356, 'rank': 11, 'fitness': 0.9780328539668063, 'generation': 600}","{'id': 47416, 'rank': 12, 'fitness': 0.9769014669257742, 'generation': 600}","{'id': 47416, 'rank': 13, 'fitness': 0.9769014669257742, 'generation': 600}","{'id': 47416, 'rank': 14, 'fitness': 0.9769014669257742, 'generation': 600}","{'id': 47416, 'rank': 15, 'fitness': 0.9769014669257742, 'generation': 600}","{'id': 47416, 'rank': 16, 'fitness': 0.9769014669257742, 'generation': 600}","{'id': 47518, 'rank': 17, 'fitness': 0.9757948810208805, 'generation': 600}","{'id': 47440, 'rank': 18, 'fitness': 0.9741504239439236, 'generation': 600}","{'id': 47467, 'rank': 19, 'fitness': 0.9694192682608075, 'generation': 600}","{'id': 47495, 'rank': 20, 'fitness': 0.9655606615069439, 'generation': 600}","{'id': 47497, 'rank': 21, 'fitness': 0.9643284889066734, 'generation': 600}","{'id': 47506, 'rank': 22, 'fitness': 0.9640675316699363, 'generation': 600}","{'id': 47543, 'rank': 23, 'fitness': 0.961581696963088, 'generation': 600}","{'id': 47543, 'rank': 24, 'fitness': 0.961581696963088, 'generation': 600}","{'id': 47419, 'rank': 25, 'fitness': 0.9585330494497342, 'generation': 600}","{'id': 47534, 'rank': 26, 'fitness': 0.9534158745025161, 'generation': 600}","{'id': 47521, 'rank': 27, 'fitness': 0.911857134098846, 'generation': 600}","{'id': 47519, 'rank': 28, 'fitness': 0.8344144030446551, 'generation': 600}","{'id': 47567, 'rank': 29, 'fitness': 0.829387718885461, 'generation': 600}","{'id': 47531, 'rank': 30, 'fitness': 0.01798620996209155, 'generation': 600}"
"{'id': 47573, 'rank': 1, 'fitness': 0.9820137900379085, 'generation': 601}","{'id': 47348, 'rank': 2, 'fitness': 0.9737675707952484, 'generation': 601}","{'id': 47583, 'rank': 3, 'fitness': 0.9718824112507003, 'generation': 601}","{'id': 47575, 'rank': 4, 'fitness': 0.9654764118885099, 'generation': 601}","{'id': 47613, 'rank': 5, 'fitness': 0.9645167146108873, 'generation': 601}","{'id': 47576, 'rank': 6, 'fitness': 0.962051659992549, 'generation': 601}","{'id': 47580, 'rank': 7, 'fitness': 0.9608490046255882, 'generation': 601}","{'id': 47580, 'rank': 8, 'fitness': 0.9608490046255882, 'generation': 601}","{'id': 47580, 'rank': 9, 'fitness': 0.9608490046255882, 'generation': 601}","{'id': 47585, 'rank': 10, 'fitness': 0.9604860868685599, 'generation': 601}","{'id': 47598, 'rank': 11, 'fitness': 0.9552724737366838, 'generation': 601}","{'id': 47434, 'rank': 12, 'fitness': 0.9524541631332502, 'generation': 601}","{'id': 47605, 'rank': 13, 'fitness': 0.9510747440920915, 'generation': 601}","{'id': 47597, 'rank': 14, 'fitness': 0.9506856799504161, 'generation': 601}","{'id': 47606, 'rank': 15, 'fitness': 0.9343077628303363, 'generation': 601}","{'id': 47606, 'rank': 16, 'fitness': 0.9343077628303363, 'generation': 601}","{'id': 47581, 'rank': 17, 'fitness': 0.9336624401070531, 'generation': 601}","{'id': 47416, 'rank': 18, 'fitness': 0.9318849359620713, 'generation': 601}","{'id': 47579, 'rank': 19, 'fitness': 0.9193941155743381, 'generation': 601}","{'id': 47638, 'rank': 20, 'fitness': 0.9020871896624848, 'generation': 601}","{'id': 47640, 'rank': 21, 'fitness': 0.8711695963467376, 'generation': 601}","{'id': 47653, 'rank': 22, 'fitness': 0.8580580934351909, 'generation': 601}","{'id': 47653, 'rank': 23, 'fitness': 0.8580580934351909, 'generation': 601}","{'id': 47635, 'rank': 24, 'fitness': 0.8178501239917197, 'generation': 601}","{'id': 47647, 'rank': 25, 'fitness': 0.7575894196842592, 'generation': 601}","{'id': 47659, 'rank': 26, 'fitness': 0.5952372063962849, 'generation': 601}","{'id': 47587, 'rank': 27, 'fitness': 0.5758311611980159, 'generation': 601}","{'id': 47630, 'rank': 28, 'fitness': 0.21969528279163392, 'generation': 601}","{'id': 47661, 'rank': 29, 'fitness': 0.17407818946259335, 'generation': 601}","{'id': 47632, 'rank': 30, 'fitness': 0.01798620996209155, 'generation': 601}"
"{'id': 47583, 'rank': 1, 'fitness': 0.9820137900379085, 'generation': 602}","{'id': 47703, 'rank': 2, 'fitness': 0.9817903148482854, 'generation': 602}","{'id': 47739, 'rank': 3, 'fitness': 0.9817365644552728, 'generation': 602}","{'id': 47598, 'rank': 4, 'fitness': 0.9807745835723412, 'generation': 602}","{'id': 47745, 'rank': 5, 'fitness': 0.9804050526482939, 'generation': 602}","{'id': 47744, 'rank': 6, 'fitness': 0.9802132485959912, 'generation': 602}","{'id': 47581, 'rank': 7, 'fitness': 0.9796337196060791, 'generation': 602}","{'id': 47581, 'rank': 8, 'fitness': 0.9796337196060791, 'generation': 602}","{'id': 47581, 'rank': 9, 'fitness': 0.9796337196060791, 'generation': 602}","{'id': 47416, 'rank': 10, 'fitness': 0.9795538095880294, 'generation': 602}","{'id': 47741, 'rank': 11, 'fitness': 0.9792821588325937, 'generation': 602}","{'id': 47741, 'rank': 12, 'fitness': 0.9792821588325937, 'generation': 602}","{'id': 47579, 'rank': 13, 'fitness': 0.9790337885456801, 'generation': 602}","{'id': 47579, 'rank': 14, 'fitness': 0.9790337885456801, 'generation': 602}","{'id': 47722, 'rank': 15, 'fitness': 0.9790201473011451, 'generation': 602}","{'id': 47721, 'rank': 16, 'fitness': 0.9772256582585686, 'generation': 602}","{'id': 47635, 'rank': 17, 'fitness': 0.9761581893672086, 'generation': 602}","{'id': 47696, 'rank': 18, 'fitness': 0.9752942251838858, 'generation': 602}","{'id': 47696, 'rank': 19, 'fitness': 0.9752942251838858, 'generation': 602}","{'id': 47647, 'rank': 20, 'fitness': 0.9749396183487904, 'generation': 602}","{'id': 47736, 'rank': 21, 'fitness': 0.9738028338641942, 'generation': 602}","{'id': 47727, 'rank': 22, 'fitness': 0.9735611951839296, 'generation': 602}","{'id': 47700, 'rank': 23, 'fitness': 0.9729359080359739, 'generation': 602}","{'id': 47715, 'rank': 24, 'fitness': 0.971145930169329, 'generation': 602}","{'id': 47687, 'rank': 25, 'fitness': 0.9676178059630323, 'generation': 602}","{'id': 47630, 'rank': 26, 'fitness': 0.9651645855963107, 'generation': 602}","{'id': 47686, 'rank': 27, 'fitness': 0.9638880703814905, 'generation': 602}","{'id': 47725, 'rank': 28, 'fitness': 0.9463976539543775, 'generation': 602}","{'id': 47711, 'rank': 29, 'fitness': 0.9173880676545485, 'generation': 602}","{'id': 47680, 'rank': 30, 'fitness': 0.01798620996209155, 'generation': 602}"
"{'id': 47739, 'rank': 1, 'fitness': 0.9820137900379085, 'generation': 603}","{'id': 47739, 'rank': 2, 'fitness': 0.9820137900379085, 'generation': 603}","{'id': 47766, 'rank': 3, 'fitness': 0.9802556645934517, 'generation': 603}","{'id': 47830, 'rank': 4, 'fitness': 0.9735360161874776, 'generation': 603}","{'id': 47830, 'rank': 5, 'fitness': 0.9735360161874776, 'generation': 603}","{'id': 47814, 'rank': 6, 'fitness': 0.9710707057945822, 'generation': 603}","{'id': 47814, 'rank': 7, 'fitness': 0.9710707057945822, 'generation': 603}","{'id': 47598, 'rank': 8, 'fitness': 0.969741368383087, 'generation': 603}","{'id': 47745, 'rank': 9, 'fitness': 0.9633682668081622, 'generation': 603}","{'id': 47832, 'rank': 10, 'fitness': 0.9589036285688457, 'generation': 603}","{'id': 47818, 'rank': 11, 'fitness': 0.9536050582188684, 'generation': 603}","{'id': 47818, 'rank': 12, 'fitness': 0.9536050582188684, 'generation': 603}","{'id': 47581, 'rank': 13, 'fitness': 0.9462575602909096, 'generation': 603}","{'id': 47416, 'rank': 14, 'fitness': 0.9441492205200348, 'generation': 603}","{'id': 47831, 'rank': 15, 'fitness': 0.9322369906794568, 'generation': 603}","{'id': 47579, 'rank': 16, 'fitness': 0.9286685861308863, 'generation': 603}","{'id': 47829, 'rank': 17, 'fitness': 0.9232107553657924, 'generation': 603}","{'id': 47811, 'rank': 18, 'fitness': 0.9185826856859851, 'generation': 603}","{'id': 47811, 'rank': 19, 'fitness': 0.9185826856859851, 'generation': 603}","{'id': 47811, 'rank': 20, 'fitness': 0.9185826856859851, 'generation': 603}","{'id': 47828, 'rank': 21, 'fitness': 0.8910517885912127, 'generation': 603}","{'id': 47828, 'rank': 22, 'fitness': 0.8910517885912127, 'generation': 603}","{'id': 47776, 'rank': 23, 'fitness': 0.7790251351891884, 'generation': 603}","{'id': 47809, 'rank': 24, 'fitness': 0.7382108179075346, 'generation': 603}","{'id': 47809, 'rank': 25, 'fitness': 0.7382108179075346, 'generation': 603}","{'id': 47647, 'rank': 26, 'fitness': 0.6697715681181226, 'generation': 603}","{'id': 47700, 'rank': 27, 'fitness': 0.4757312303506408, 'generation': 603}","{'id': 47773, 'rank': 28, 'fitness': 0.35459446221029955, 'generation': 603}","{'id': 47756, 'rank': 29, 'fitness': 0.22024861923441375, 'generation': 603}","{'id': 47801, 'rank': 30, 'fitness': 0.01798620996209155, 'generation': 603}"
"{'id': 47892, 'rank': 1, 'fitness': 0.9820137900379085, 'generation': 604}","{'id': 47739, 'rank': 2, 'fitness': 0.9818339736439283, 'generation': 604}","{'id': 47739, 'rank': 3, 'fitness': 0.9818339736439283, 'generation': 604}","{'id': 47890, 'rank': 4, 'fitness': 0.9810366081701649, 'generation': 604}","{'id': 47844, 'rank': 5, 'fitness': 0.9792122816211039, 'generation': 604}","{'id': 47898, 'rank': 6, 'fitness': 0.9783564901828758, 'generation': 604}","{'id': 47830, 'rank': 7, 'fitness': 0.9778836542088739, 'generation': 604}","{'id': 47814, 'rank': 8, 'fitness': 0.9768534077051856, 'generation': 604}","{'id': 47598, 'rank': 9, 'fitness': 0.9763150504748923, 'generation': 604}","{'id': 47598, 'rank': 10, 'fitness': 0.9763150504748923, 'generation': 604}","{'id': 47832, 'rank': 11, 'fitness': 0.9722815686092988, 'generation': 604}","{'id': 47896, 'rank': 12, 'fitness': 0.9676576906852519, 'generation': 604}","{'id': 47416, 'rank': 13, 'fitness': 0.9675058691551943, 'generation': 604}","{'id': 47416, 'rank': 14, 'fitness': 0.9675058691551943, 'generation': 604}","{'id': 47831, 'rank': 15, 'fitness': 0.9640456404673007, 'generation': 604}","{'id': 47811, 'rank': 16, 'fitness': 0.9603814113344145, 'generation': 604}","{'id': 47843, 'rank': 17, 'fitness': 0.9593550651756013, 'generation': 604}","{'id': 47776, 'rank': 18, 'fitness': 0.9306345628256394, 'generation': 604}","{'id': 47809, 'rank': 19, 'fitness': 0.9229357155184167, 'generation': 604}","{'id': 47809, 'rank': 20, 'fitness': 0.9229357155184167, 'generation': 604}","{'id': 47809, 'rank': 21, 'fitness': 0.9229357155184167, 'generation': 604}","{'id': 47809, 'rank': 22, 'fitness': 0.9229357155184167, 'generation': 604}","{'id': 47901, 'rank': 23, 'fitness': 0.8373617389460366, 'generation': 604}","{'id': 47866, 'rank': 24, 'fitness': 0.7455673449495174, 'generation': 604}","{'id': 47902, 'rank': 25, 'fitness': 0.7337516989068422, 'generation': 604}","{'id': 47900, 'rank': 26, 'fitness': 0.71686934882526, 'generation': 604}","{'id': 47846, 'rank': 27, 'fitness': 0.5627741549612205, 'generation': 604}","{'id': 47864, 'rank': 28, 'fitness': 0.4953470708864476, 'generation': 604}","{'id': 47840, 'rank': 29, 'fitness': 0.23392492599791537, 'generation': 604}","{'id': 47863, 'rank': 30, 'fitness': 0.01798620996209155, 'generation': 604}"
"{'id': 47954, 'rank': 1, 'fitness': 0.9820137900379085, 'generation': 605}","{'id': 47892, 'rank': 2, 'fitness': 0.9815151418797982, 'generation': 605}","{'id': 47892, 'rank': 3, 'fitness': 0.9815151418797982, 'generation': 605}","{'id': 47739, 'rank': 4, 'fitness': 0.9813498025298035, 'generation': 605}","{'id': 47952, 'rank': 5, 'fitness': 0.9793241430482806, 'generation': 605}","{'id': 47844, 'rank': 6, 'fitness': 0.9789574648732713, 'generation': 605}","{'id': 47830, 'rank': 7, 'fitness': 0.9777571274653661, 'generation': 605}","{'id': 47944, 'rank': 8, 'fitness': 0.9703348135301542, 'generation': 605}","{'id': 47944, 'rank': 9, 'fitness': 0.9703348135301542, 'generation': 605}","{'id': 47944, 'rank': 10, 'fitness': 0.9703348135301542, 'generation': 605}","{'id': 47945, 'rank': 11, 'fitness': 0.969787019146803, 'generation': 605}","{'id': 47945, 'rank': 12, 'fitness': 0.969787019146803, 'generation': 605}","{'id': 47916, 'rank': 13, 'fitness': 0.9697187057955792, 'generation': 605}","{'id': 47916, 'rank': 14, 'fitness': 0.9697187057955792, 'generation': 605}","{'id': 47965, 'rank': 15, 'fitness': 0.9692206041145642, 'generation': 605}","{'id': 47922, 'rank': 16, 'fitness': 0.9682202575269901, 'generation': 605}","{'id': 47843, 'rank': 17, 'fitness': 0.961619991092904, 'generation': 605}","{'id': 48000, 'rank': 18, 'fitness': 0.9610249325692274, 'generation': 605}","{'id': 47776, 'rank': 19, 'fitness': 0.9379146741356248, 'generation': 605}","{'id': 47809, 'rank': 20, 'fitness': 0.9317219657336067, 'generation': 605}","{'id': 47935, 'rank': 21, 'fitness': 0.8901792209520694, 'generation': 605}","{'id': 47900, 'rank': 22, 'fitness': 0.7723697065531029, 'generation': 605}","{'id': 47925, 'rank': 23, 'fitness': 0.6880674258346569, 'generation': 605}","{'id': 47925, 'rank': 24, 'fitness': 0.6880674258346569, 'generation': 605}","{'id': 47977, 'rank': 25, 'fitness': 0.655592317004557, 'generation': 605}","{'id': 47840, 'rank': 26, 'fitness': 0.3378939413843193, 'generation': 605}","{'id': 47950, 'rank': 27, 'fitness': 0.06716256354467115, 'generation': 605}","{'id': 47978, 'rank': 28, 'fitness': 0.034832080661458154, 'generation': 605}","{'id': 47949, 'rank': 29, 'fitness': 0.01798620996209155, 'generation': 605}","{'id': 47949, 'rank': 30, 'fitness': 0.01798620996209155, 'generation': 605}"
"{'id': 47892, 'rank': 1, 'fitness': 0.9820137900379085, 'generation': 606}","{'id': 47892, 'rank': 2, 'fitness': 0.9820137900379085, 'generation': 606}","{'id': 48069, 'rank': 3, 'fitness': 0.9803731523071797, 'generation': 606}","{'id': 48056, 'rank': 4, 'fitness': 0.9785641876970635, 'generation': 606}","{'id': 47952, 'rank': 5, 'fitness': 0.9764637856890028, 'generation': 606}","{'id': 48031, 'rank': 6, 'fitness': 0.9745302275586266, 'generation': 606}","{'id': 48031, 'rank': 7, 'fitness': 0.9745302275586266, 'generation': 606}","{'id': 48030, 'rank': 8, 'fitness': 0.9566399585568595, 'generation': 606}","{'id': 48030, 'rank': 9, 'fitness': 0.9566399585568595, 'generation': 606}","{'id': 48053, 'rank': 10, 'fitness': 0.9469782417464231, 'generation': 606}","{'id': 47944, 'rank': 11, 'fitness': 0.9445663683865363, 'generation': 606}","{'id': 47944, 'rank': 12, 'fitness': 0.9445663683865363, 'generation': 606}","{'id': 47916, 'rank': 13, 'fitness': 0.9418382638082465, 'generation': 606}","{'id': 47916, 'rank': 14, 'fitness': 0.9418382638082465, 'generation': 606}","{'id': 48034, 'rank': 15, 'fitness': 0.9373110834946693, 'generation': 606}","{'id': 48034, 'rank': 16, 'fitness': 0.9373110834946693, 'generation': 606}","{'id': 48049, 'rank': 17, 'fitness': 0.9046723772007592, 'generation': 606}","{'id': 48000, 'rank': 18, 'fitness': 0.8962586043267058, 'generation': 606}","{'id': 48051, 'rank': 19, 'fitness': 0.822670331451496, 'generation': 606}","{'id': 48054, 'rank': 20, 'fitness': 0.7344799754162292, 'generation': 606}","{'id': 47776, 'rank': 21, 'fitness': 0.7268635162717816, 'generation': 606}","{'id': 48008, 'rank': 22, 'fitness': 0.6844069745009569, 'generation': 606}","{'id': 48008, 'rank': 23, 'fitness': 0.6844069745009569, 'generation': 606}","{'id': 47809, 'rank': 24, 'fitness': 0.6757526760927939, 'generation': 606}","{'id': 48027, 'rank': 25, 'fitness': 0.3275724006168448, 'generation': 606}","{'id': 48010, 'rank': 26, 'fitness': 0.2523599656553083, 'generation': 606}","{'id': 47900, 'rank': 27, 'fitness': 0.0684535026780666, 'generation': 606}","{'id': 47900, 'rank': 28, 'fitness': 0.0684535026780666, 'generation': 606}","{'id': 47925, 'rank': 29, 'fitness': 0.025437826853996648, 'generation': 606}","{'id': 47977, 'rank': 30, 'fitness': 0.01798620996209155, 'generation': 606}"
"{'id': 48056, 'rank': 1, 'fitness': 0.9820137900379085, 'generation': 607}","{'id': 48115, 'rank': 2, 'fitness': 0.9819324059144081, 'generation': 607}","{'id': 48031, 'rank': 3, 'fitness': 0.9817871271497224, 'generation': 607}","{'id': 48079, 'rank': 4, 'fitness': 0.9813965536783019, 'generation': 607}","{'id': 48129, 'rank': 5, 'fitness': 0.9813134061343869, 'generation': 607}","{'id': 48080, 'rank': 6, 'fitness': 0.9812798256802302, 'generation': 607}","{'id': 48109, 'rank': 7, 'fitness': 0.9809765613840267, 'generation': 607}","{'id': 48053, 'rank': 8, 'fitness': 0.9807764687535734, 'generation': 607}","{'id': 48053, 'rank': 9, 'fitness': 0.9807764687535734, 'generation': 607}","{'id': 48117, 'rank': 10, 'fitness': 0.9807400015803895, 'generation': 607}","{'id': 48117, 'rank': 11, 'fitness': 0.9807400015803895, 'generation': 607}","{'id': 47944, 'rank': 12, 'fitness': 0.9807123056419467, 'generation': 607}","{'id': 47916, 'rank': 13, 'fitness': 0.9806425863917021, 'generation': 607}","{'id': 47916, 'rank': 14, 'fitness': 0.9806425863917021, 'generation': 607}","{'id': 48121, 'rank': 15, 'fitness': 0.9806350691181362, 'generation': 607}","{'id': 48034, 'rank': 16, 'fitness': 0.9805328910668887, 'generation': 607}","{'id': 48114, 'rank': 17, 'fitness': 0.9803766748356336, 'generation': 607}","{'id': 48105, 'rank': 18, 'fitness': 0.9794106075121835, 'generation': 607}","{'id': 48105, 'rank': 19, 'fitness': 0.9794106075121835, 'generation': 607}","{'id': 48139, 'rank': 20, 'fitness': 0.9791954471807393, 'generation': 607}","{'id': 47809, 'rank': 21, 'fitness': 0.9776216039125816, 'generation': 607}","{'id': 48140, 'rank': 22, 'fitness': 0.9752863685562116, 'generation': 607}","{'id': 48084, 'rank': 23, 'fitness': 0.9750804584966601, 'generation': 607}","{'id': 47900, 'rank': 24, 'fitness': 0.97167822873019, 'generation': 607}","{'id': 48093, 'rank': 25, 'fitness': 0.9684202060181801, 'generation': 607}","{'id': 48091, 'rank': 26, 'fitness': 0.9636304592383436, 'generation': 607}","{'id': 48091, 'rank': 27, 'fitness': 0.9636304592383436, 'generation': 607}","{'id': 48094, 'rank': 28, 'fitness': 0.9634725563189126, 'generation': 607}","{'id': 48100, 'rank': 29, 'fitness': 0.9260380596868714, 'generation': 607}","{'id': 48099, 'rank': 30, 'fitness': 0.01798620996209155, 'generation': 607}"
"{'id': 48155, 'rank': 1, 'fitness': 0.9820137900379085, 'generation': 608}","{'id': 48149, 'rank': 2, 'fitness': 0.9781707923299097, 'generation': 608}","{'id': 48218, 'rank': 3, 'fitness': 0.9750933775128655, 'generation': 608}","{'id': 48156, 'rank': 4, 'fitness': 0.9746379202050154, 'generation': 608}","{'id': 48151, 'rank': 5, 'fitness': 0.9720026189070171, 'generation': 608}","{'id': 48080, 'rank': 6, 'fitness': 0.9672507436662111, 'generation': 608}","{'id': 48080, 'rank': 7, 'fitness': 0.9672507436662111, 'generation': 608}","{'id': 48194, 'rank': 8, 'fitness': 0.9669578321983205, 'generation': 608}","{'id': 48194, 'rank': 9, 'fitness': 0.9669578321983205, 'generation': 608}","{'id': 48163, 'rank': 10, 'fitness': 0.9631519719691335, 'generation': 608}","{'id': 48163, 'rank': 11, 'fitness': 0.9631519719691335, 'generation': 608}","{'id': 48209, 'rank': 12, 'fitness': 0.9590638610166664, 'generation': 608}","{'id': 48117, 'rank': 13, 'fitness': 0.9515918610030264, 'generation': 608}","{'id': 48162, 'rank': 14, 'fitness': 0.9512555150712352, 'generation': 608}","{'id': 47944, 'rank': 15, 'fitness': 0.9506347994448083, 'generation': 608}","{'id': 47916, 'rank': 16, 'fitness': 0.9481518725419298, 'generation': 608}","{'id': 48153, 'rank': 17, 'fitness': 0.9413469323440216, 'generation': 608}","{'id': 48199, 'rank': 18, 'fitness': 0.9274277109228106, 'generation': 608}","{'id': 48187, 'rank': 19, 'fitness': 0.9248146983719507, 'generation': 608}","{'id': 48154, 'rank': 20, 'fitness': 0.9211178642746494, 'generation': 608}","{'id': 48171, 'rank': 21, 'fitness': 0.9172490503654723, 'generation': 608}","{'id': 48171, 'rank': 22, 'fitness': 0.9172490503654723, 'generation': 608}","{'id': 48188, 'rank': 23, 'fitness': 0.8365131313082059, 'generation': 608}","{'id': 48175, 'rank': 24, 'fitness': 0.8277761255844918, 'generation': 608}","{'id': 48175, 'rank': 25, 'fitness': 0.8277761255844918, 'generation': 608}","{'id': 48217, 'rank': 26, 'fitness': 0.8093655039704231, 'generation': 608}","{'id': 48144, 'rank': 27, 'fitness': 0.785812102247496, 'generation': 608}","{'id': 48178, 'rank': 28, 'fitness': 0.7801393801389044, 'generation': 608}","{'id': 48219, 'rank': 29, 'fitness': 0.5011927567739068, 'generation': 608}","{'id': 48190, 'rank': 30, 'fitness': 0.01798620996209155, 'generation': 608}"
"{'id': 48218, 'rank': 1, 'fitness': 0.9820137900379085, 'generation': 609}","{'id': 48227, 'rank': 2, 'fitness': 0.9817417270277844, 'generation': 609}","{'id': 48271, 'rank': 3, 'fitness': 0.9813333636837345, 'generation': 609}","{'id': 48271, 'rank': 4, 'fitness': 0.9813333636837345, 'generation': 609}","{'id': 48080, 'rank': 5, 'fitness': 0.9727260716640371, 'generation': 609}","{'id': 48194, 'rank': 6, 'fitness': 0.9723545506397107, 'generation': 609}","{'id': 48163, 'rank': 7, 'fitness': 0.9673771882243714, 'generation': 609}","{'id': 48162, 'rank': 8, 'fitness': 0.9501707273528643, 'generation': 609}","{'id': 48153, 'rank': 9, 'fitness': 0.934171871183048, 'generation': 609}","{'id': 48153, 'rank': 10, 'fitness': 0.934171871183048, 'generation': 609}","{'id': 48253, 'rank': 11, 'fitness': 0.9315224706593628, 'generation': 609}","{'id': 48199, 'rank': 12, 'fitness': 0.9095662395937179, 'generation': 609}","{'id': 48250, 'rank': 13, 'fitness': 0.8977706129466254, 'generation': 609}","{'id': 48154, 'rank': 14, 'fitness': 0.8977124325770327, 'generation': 609}","{'id': 48296, 'rank': 15, 'fitness': 0.8816437916688471, 'generation': 609}","{'id': 48232, 'rank': 16, 'fitness': 0.8811199985495279, 'generation': 609}","{'id': 48251, 'rank': 17, 'fitness': 0.8628841725640309, 'generation': 609}","{'id': 48175, 'rank': 18, 'fitness': 0.6965202832386153, 'generation': 609}","{'id': 48175, 'rank': 19, 'fitness': 0.6965202832386153, 'generation': 609}","{'id': 48233, 'rank': 20, 'fitness': 0.6806756166889047, 'generation': 609}","{'id': 48217, 'rank': 21, 'fitness': 0.6555074357091384, 'generation': 609}","{'id': 48178, 'rank': 22, 'fitness': 0.59200147150114, 'generation': 609}","{'id': 48178, 'rank': 23, 'fitness': 0.59200147150114, 'generation': 609}","{'id': 48178, 'rank': 24, 'fitness': 0.59200147150114, 'generation': 609}","{'id': 48270, 'rank': 25, 'fitness': 0.4770502597383063, 'generation': 609}","{'id': 48270, 'rank': 26, 'fitness': 0.4770502597383063, 'generation': 609}","{'id': 48310, 'rank': 27, 'fitness': 0.43400874380251986, 'generation': 609}","{'id': 48234, 'rank': 28, 'fitness': 0.0935437630205917, 'generation': 609}","{'id': 48260, 'rank': 29, 'fitness': 0.01798620996209155, 'generation': 609}","{'id': 48260, 'rank': 30, 'fitness': 0.01798620996209155, 'generation': 609}"
"{'id': 48341, 'rank': 1, 'fitness': 0.9820137900379085, 'generation': 610}","{'id': 48341, 'rank': 2, 'fitness': 0.9820137900379085, 'generation': 610}","{'id': 48332, 'rank': 3, 'fitness': 0.9817934791028824, 'generation': 610}","{'id': 48327, 'rank': 4, 'fitness': 0.9816440936147713, 'generation': 610}","{'id': 48327, 'rank': 5, 'fitness': 0.9816440936147713, 'generation': 610}","{'id': 48330, 'rank': 6, 'fitness': 0.9814811950983748, 'generation': 610}","{'id': 48384, 'rank': 7, 'fitness': 0.9812879091308095, 'generation': 610}","{'id': 48384, 'rank': 8, 'fitness': 0.9812879091308095, 'generation': 610}","{'id': 48384, 'rank': 9, 'fitness': 0.9812879091308095, 'generation': 610}","{'id': 48153, 'rank': 10, 'fitness': 0.9811981779393895, 'generation': 610}","{'id': 48199, 'rank': 11, 'fitness': 0.981042851135993, 'generation': 610}","{'id': 48250, 'rank': 12, 'fitness': 0.9809813005177754, 'generation': 610}","{'id': 48154, 'rank': 13, 'fitness': 0.9809810125018283, 'generation': 610}","{'id': 48154, 'rank': 14, 'fitness': 0.9809810125018283, 'generation': 610}","{'id': 48296, 'rank': 15, 'fitness': 0.9809063506050149, 'generation': 610}","{'id': 48325, 'rank': 16, 'fitness': 0.9808837882024037, 'generation': 610}","{'id': 48356, 'rank': 17, 'fitness': 0.9807069684167793, 'generation': 610}","{'id': 48175, 'rank': 18, 'fitness': 0.980361781419713, 'generation': 610}","{'id': 48381, 'rank': 19, 'fitness': 0.9802663159426777, 'generation': 610}","{'id': 48270, 'rank': 20, 'fitness': 0.9799243954771284, 'generation': 610}","{'id': 48370, 'rank': 21, 'fitness': 0.9798960666512871, 'generation': 610}","{'id': 48310, 'rank': 22, 'fitness': 0.9798410149062582, 'generation': 610}","{'id': 48260, 'rank': 23, 'fitness': 0.9779635547732044, 'generation': 610}","{'id': 48335, 'rank': 24, 'fitness': 0.9763723471606096, 'generation': 610}","{'id': 48357, 'rank': 25, 'fitness': 0.9758614180836098, 'generation': 610}","{'id': 48323, 'rank': 26, 'fitness': 0.9722158702711118, 'generation': 610}","{'id': 48366, 'rank': 27, 'fitness': 0.9694677829644391, 'generation': 610}","{'id': 48317, 'rank': 28, 'fitness': 0.134938516055982, 'generation': 610}","{'id': 48346, 'rank': 29, 'fitness': 0.01798620996209155, 'generation': 610}","{'id': 48346, 'rank': 30, 'fitness': 0.01798620996209155, 'generation': 610}"
"{'id': 48439, 'rank': 1, 'fitness': 0.9820137900379085, 'generation': 611}","{'id': 48439, 'rank': 2, 'fitness': 0.9820137900379085, 'generation': 611}","{'id': 48465, 'rank': 3, 'fitness': 0.9781803303223582, 'generation': 611}","{'id': 48465, 'rank': 4, 'fitness': 0.9781803303223582, 'generation': 611}","{'id': 48341, 'rank': 5, 'fitness': 0.9743842836065233, 'generation': 611}","{'id': 48341, 'rank': 6, 'fitness': 0.9743842836065233, 'generation': 611}","{'id': 48332, 'rank': 7, 'fitness': 0.9696420844196113, 'generation': 611}","{'id': 48438, 'rank': 8, 'fitness': 0.9613253283464057, 'generation': 611}","{'id': 48423, 'rank': 9, 'fitness': 0.9609689306780967, 'generation': 611}","{'id': 48423, 'rank': 10, 'fitness': 0.9609689306780967, 'generation': 611}","{'id': 48456, 'rank': 11, 'fitness': 0.9597327430016874, 'generation': 611}","{'id': 48384, 'rank': 12, 'fitness': 0.9556643688602664, 'generation': 611}","{'id': 48384, 'rank': 13, 'fitness': 0.9556643688602664, 'generation': 611}","{'id': 48428, 'rank': 14, 'fitness': 0.9516290419074505, 'generation': 611}","{'id': 48445, 'rank': 15, 'fitness': 0.948072252709135, 'generation': 611}","{'id': 48409, 'rank': 16, 'fitness': 0.9441056583290048, 'generation': 611}","{'id': 48409, 'rank': 17, 'fitness': 0.9441056583290048, 'generation': 611}","{'id': 48426, 'rank': 18, 'fitness': 0.9439367842150082, 'generation': 611}","{'id': 48457, 'rank': 19, 'fitness': 0.9436704844487169, 'generation': 611}","{'id': 48458, 'rank': 20, 'fitness': 0.9423056115159378, 'generation': 611}","{'id': 48458, 'rank': 21, 'fitness': 0.9423056115159378, 'generation': 611}","{'id': 48404, 'rank': 22, 'fitness': 0.9422616334350835, 'generation': 611}","{'id': 48404, 'rank': 23, 'fitness': 0.9422616334350835, 'generation': 611}","{'id': 48404, 'rank': 24, 'fitness': 0.9422616334350835, 'generation': 611}","{'id': 48453, 'rank': 25, 'fitness': 0.9391345993079002, 'generation': 611}","{'id': 48432, 'rank': 26, 'fitness': 0.936716623291654, 'generation': 611}","{'id': 48400, 'rank': 27, 'fitness': 0.9240006863408536, 'generation': 611}","{'id': 48417, 'rank': 28, 'fitness': 0.9232225278851796, 'generation': 611}","{'id': 48390, 'rank': 29, 'fitness': 0.6814877470013703, 'generation': 611}","{'id': 48366, 'rank': 30, 'fitness': 0.01798620996209155, 'generation': 611}"
"{'id': 48524, 'rank': 1, 'fitness': 0.9820137900379085, 'generation': 612}","{'id': 48524, 'rank': 2, 'fitness': 0.9820137900379085, 'generation': 612}","{'id': 48522, 'rank': 3, 'fitness': 0.9816005218346635, 'generation': 612}","{'id': 48523, 'rank': 4, 'fitness': 0.9815717322571245, 'generation': 612}","{'id': 48523, 'rank': 5, 'fitness': 0.9815717322571245, 'generation': 612}","{'id': 48465, 'rank': 6, 'fitness': 0.9800240970925203, 'generation': 612}","{'id': 48465, 'rank': 7, 'fitness': 0.9800240970925203, 'generation': 612}","{'id': 48341, 'rank': 8, 'fitness': 0.974871184950717, 'generation': 612}","{'id': 48537, 'rank': 9, 'fitness': 0.9737911439278446, 'generation': 612}","{'id': 48438, 'rank': 10, 'fitness': 0.9547950237008911, 'generation': 612}","{'id': 48384, 'rank': 11, 'fitness': 0.945144863072306, 'generation': 612}","{'id': 48516, 'rank': 12, 'fitness': 0.9241406687003084, 'generation': 612}","{'id': 48409, 'rank': 13, 'fitness': 0.9240148054304773, 'generation': 612}","{'id': 48426, 'rank': 14, 'fitness': 0.9236935574085419, 'generation': 612}","{'id': 48426, 'rank': 15, 'fitness': 0.9236935574085419, 'generation': 612}","{'id': 48457, 'rank': 16, 'fitness': 0.923186304521957, 'generation': 612}","{'id': 48404, 'rank': 17, 'fitness': 0.9204891759942369, 'generation': 612}","{'id': 48548, 'rank': 18, 'fitness': 0.8928662753660859, 'generation': 612}","{'id': 48481, 'rank': 19, 'fitness': 0.8474251313976031, 'generation': 612}","{'id': 48514, 'rank': 20, 'fitness': 0.7800296488201305, 'generation': 612}","{'id': 48514, 'rank': 21, 'fitness': 0.7800296488201305, 'generation': 612}","{'id': 48475, 'rank': 22, 'fitness': 0.7624795585091902, 'generation': 612}","{'id': 48488, 'rank': 23, 'fitness': 0.609642327661213, 'generation': 612}","{'id': 48488, 'rank': 24, 'fitness': 0.609642327661213, 'generation': 612}","{'id': 48546, 'rank': 25, 'fitness': 0.4195668368709523, 'generation': 612}","{'id': 48477, 'rank': 26, 'fitness': 0.3851464106712586, 'generation': 612}","{'id': 48542, 'rank': 27, 'fitness': 0.27137413815499023, 'generation': 612}","{'id': 48494, 'rank': 28, 'fitness': 0.11618156428117482, 'generation': 612}","{'id': 48467, 'rank': 29, 'fitness': 0.06233388792903044, 'generation': 612}","{'id': 48544, 'rank': 30, 'fitness': 0.01798620996209155, 'generation': 612}"
"{'id': 48572, 'rank': 1, 'fitness': 0.9820137900379085, 'generation': 613}","{'id': 48572, 'rank': 2, 'fitness': 0.9820137900379085, 'generation': 613}","{'id': 48572, 'rank': 3, 'fitness': 0.9820137900379085, 'generation': 613}","{'id': 48522, 'rank': 4, 'fitness': 0.9815318363051857, 'generation': 613}","{'id': 48523, 'rank': 5, 'fitness': 0.9815242202931983, 'generation': 613}","{'id': 48465, 'rank': 6, 'fitness': 0.981126876781235, 'generation': 613}","{'id': 48599, 'rank': 7, 'fitness': 0.9805172415117149, 'generation': 613}","{'id': 48592, 'rank': 8, 'fitness': 0.9804514899948675, 'generation': 613}","{'id': 48537, 'rank': 9, 'fitness': 0.9797205744200885, 'generation': 613}","{'id': 48573, 'rank': 10, 'fitness': 0.9791402303182011, 'generation': 613}","{'id': 48607, 'rank': 11, 'fitness': 0.9780601244282787, 'generation': 613}","{'id': 48603, 'rank': 12, 'fitness': 0.9779600879589827, 'generation': 613}","{'id': 48574, 'rank': 13, 'fitness': 0.9756340066331716, 'generation': 613}","{'id': 48574, 'rank': 14, 'fitness': 0.9756340066331716, 'generation': 613}","{'id': 48586, 'rank': 15, 'fitness': 0.9748181155900637, 'generation': 613}","{'id': 48586, 'rank': 16, 'fitness': 0.9748181155900637, 'generation': 613}","{'id': 48516, 'rank': 17, 'fitness': 0.9729745154634193, 'generation': 613}","{'id': 48516, 'rank': 18, 'fitness': 0.9729745154634193, 'generation': 613}","{'id': 48426, 'rank': 19, 'fitness': 0.9729303720216694, 'generation': 613}","{'id': 48514, 'rank': 20, 'fitness': 0.9629632275278257, 'generation': 613}","{'id': 48475, 'rank': 21, 'fitness': 0.9620157376273075, 'generation': 613}","{'id': 48585, 'rank': 22, 'fitness': 0.9447315437278494, 'generation': 613}","{'id': 48606, 'rank': 23, 'fitness': 0.9362506665628552, 'generation': 613}","{'id': 48606, 'rank': 24, 'fitness': 0.9362506665628552, 'generation': 613}","{'id': 48606, 'rank': 25, 'fitness': 0.9362506665628552, 'generation': 613}","{'id': 48567, 'rank': 26, 'fitness': 0.7501517697394027, 'generation': 613}","{'id': 48605, 'rank': 27, 'fitness': 0.6940813089148508, 'generation': 613}","{'id': 48568, 'rank': 28, 'fitness': 0.09209999471020791, 'generation': 613}","{'id': 48555, 'rank': 29, 'fitness': 0.01798620996209155, 'generation': 613}","{'id': 48555, 'rank': 30, 'fitness': 0.01798620996209155, 'generation': 613}"
"{'id': 48673, 'rank': 1, 'fitness': 0.9820137900379085, 'generation': 614}","{'id': 48675, 'rank': 2, 'fitness': 0.9819027404163565, 'generation': 614}","{'id': 48675, 'rank': 3, 'fitness': 0.9819027404163565, 'generation': 614}","{'id': 48572, 'rank': 4, 'fitness': 0.9785074526484728, 'generation': 614}","{'id': 48677, 'rank': 5, 'fitness': 0.9773712034926016, 'generation': 614}","{'id': 48677, 'rank': 6, 'fitness': 0.9773712034926016, 'generation': 614}","{'id': 48523, 'rank': 7, 'fitness': 0.9748015378240181, 'generation': 614}","{'id': 48523, 'rank': 8, 'fitness': 0.9748015378240181, 'generation': 614}","{'id': 48523, 'rank': 9, 'fitness': 0.9748015378240181, 'generation': 614}","{'id': 48599, 'rank': 10, 'fitness': 0.9655554938801905, 'generation': 614}","{'id': 48592, 'rank': 11, 'fitness': 0.9648685120981452, 'generation': 614}","{'id': 48681, 'rank': 12, 'fitness': 0.959363817380755, 'generation': 614}","{'id': 48646, 'rank': 13, 'fitness': 0.9499150975551185, 'generation': 614}","{'id': 48573, 'rank': 14, 'fitness': 0.9487465401755155, 'generation': 614}","{'id': 48659, 'rank': 15, 'fitness': 0.9391909966734673, 'generation': 614}","{'id': 48686, 'rank': 16, 'fitness': 0.9369247081854235, 'generation': 614}","{'id': 48686, 'rank': 17, 'fitness': 0.9369247081854235, 'generation': 614}","{'id': 48634, 'rank': 18, 'fitness': 0.9224755970453132, 'generation': 614}","{'id': 48516, 'rank': 19, 'fitness': 0.7923019645749951, 'generation': 614}","{'id': 48638, 'rank': 20, 'fitness': 0.7666937542350621, 'generation': 614}","{'id': 48638, 'rank': 21, 'fitness': 0.7666937542350621, 'generation': 614}","{'id': 48690, 'rank': 22, 'fitness': 0.7411731895324827, 'generation': 614}","{'id': 48669, 'rank': 23, 'fitness': 0.7347092411779796, 'generation': 614}","{'id': 48668, 'rank': 24, 'fitness': 0.6918502283722081, 'generation': 614}","{'id': 48668, 'rank': 25, 'fitness': 0.6918502283722081, 'generation': 614}","{'id': 48627, 'rank': 26, 'fitness': 0.6862027961789838, 'generation': 614}","{'id': 48624, 'rank': 27, 'fitness': 0.6035188775992077, 'generation': 614}","{'id': 48693, 'rank': 28, 'fitness': 0.44961086025639907, 'generation': 614}","{'id': 48671, 'rank': 29, 'fitness': 0.37365796632472764, 'generation': 614}","{'id': 48606, 'rank': 30, 'fitness': 0.01798620996209155, 'generation': 614}"
"{'id': 48704, 'rank': 1, 'fitness': 0.9820137900379085, 'generation': 615}","{'id': 48704, 'rank': 2, 'fitness': 0.9820137900379085, 'generation': 615}","{'id': 48677, 'rank': 3, 'fitness': 0.9819997719112287, 'generation': 615}","{'id': 48677, 'rank': 4, 'fitness': 0.9819997719112287, 'generation': 615}","{'id': 48523, 'rank': 5, 'fitness': 0.9819781173555234, 'generation': 615}","{'id': 48523, 'rank': 6, 'fitness': 0.9819781173555234, 'generation': 615}","{'id': 48523, 'rank': 7, 'fitness': 0.9819781173555234, 'generation': 615}","{'id': 48523, 'rank': 8, 'fitness': 0.9819781173555234, 'generation': 615}","{'id': 48709, 'rank': 9, 'fitness': 0.9819486969718753, 'generation': 615}","{'id': 48777, 'rank': 10, 'fitness': 0.9819289208628834, 'generation': 615}","{'id': 48599, 'rank': 11, 'fitness': 0.9819146734319435, 'generation': 615}","{'id': 48599, 'rank': 12, 'fitness': 0.9819146734319435, 'generation': 615}","{'id': 48681, 'rank': 13, 'fitness': 0.9818807554712399, 'generation': 615}","{'id': 48646, 'rank': 14, 'fitness': 0.9818374221317195, 'generation': 615}","{'id': 48744, 'rank': 15, 'fitness': 0.9818218985970353, 'generation': 615}","{'id': 48659, 'rank': 16, 'fitness': 0.9817966852172189, 'generation': 615}","{'id': 48686, 'rank': 17, 'fitness': 0.9817889377495244, 'generation': 615}","{'id': 48686, 'rank': 18, 'fitness': 0.9817889377495244, 'generation': 615}","{'id': 48761, 'rank': 19, 'fitness': 0.9816519514714097, 'generation': 615}","{'id': 48761, 'rank': 20, 'fitness': 0.9816519514714097, 'generation': 615}","{'id': 48745, 'rank': 21, 'fitness': 0.9816446614379928, 'generation': 615}","{'id': 48743, 'rank': 22, 'fitness': 0.9816395404162447, 'generation': 615}","{'id': 48742, 'rank': 23, 'fitness': 0.9816042803847126, 'generation': 615}","{'id': 48713, 'rank': 24, 'fitness': 0.9815781661829354, 'generation': 615}","{'id': 48703, 'rank': 25, 'fitness': 0.981479143015795, 'generation': 615}","{'id': 48781, 'rank': 26, 'fitness': 0.9813961995615237, 'generation': 615}","{'id': 48624, 'rank': 27, 'fitness': 0.9813308079096255, 'generation': 615}","{'id': 48766, 'rank': 28, 'fitness': 0.9790467357853545, 'generation': 615}","{'id': 48701, 'rank': 29, 'fitness': 0.9517475540239195, 'generation': 615}","{'id': 48726, 'rank': 30, 'fitness': 0.01798620996209155, 'generation': 615}"
"{'id': 48798, 'rank': 1, 'fitness': 0.9820137900379085, 'generation': 616}","{'id': 48798, 'rank': 2, 'fitness': 0.9820137900379085, 'generation': 616}","{'id': 48821, 'rank': 3, 'fitness': 0.9802783976050131, 'generation': 616}","{'id': 48677, 'rank': 4, 'fitness': 0.9798544146809374, 'generation': 616}","{'id': 48677, 'rank': 5, 'fitness': 0.9798544146809374, 'generation': 616}","{'id': 48820, 'rank': 6, 'fitness': 0.9798405229974695, 'generation': 616}","{'id': 48820, 'rank': 7, 'fitness': 0.9798405229974695, 'generation': 616}","{'id': 48863, 'rank': 8, 'fitness': 0.9789072402658787, 'generation': 616}","{'id': 48523, 'rank': 9, 'fitness': 0.9787007717070253, 'generation': 616}","{'id': 48523, 'rank': 10, 'fitness': 0.9787007717070253, 'generation': 616}","{'id': 48832, 'rank': 11, 'fitness': 0.9754498340497286, 'generation': 616}","{'id': 48599, 'rank': 12, 'fitness': 0.9749457902327754, 'generation': 616}","{'id': 48599, 'rank': 13, 'fitness': 0.9749457902327754, 'generation': 616}","{'id': 48835, 'rank': 14, 'fitness': 0.9746057046730937, 'generation': 616}","{'id': 48842, 'rank': 15, 'fitness': 0.9730832852335363, 'generation': 616}","{'id': 48681, 'rank': 16, 'fitness': 0.9726873793305377, 'generation': 616}","{'id': 48815, 'rank': 17, 'fitness': 0.9706858773841602, 'generation': 616}","{'id': 48646, 'rank': 18, 'fitness': 0.9695197623482277, 'generation': 616}","{'id': 48646, 'rank': 19, 'fitness': 0.9695197623482277, 'generation': 616}","{'id': 48843, 'rank': 20, 'fitness': 0.9656865210363333, 'generation': 616}","{'id': 48843, 'rank': 21, 'fitness': 0.9656865210363333, 'generation': 616}","{'id': 48851, 'rank': 22, 'fitness': 0.9650530067660448, 'generation': 616}","{'id': 48838, 'rank': 23, 'fitness': 0.959600756310583, 'generation': 616}","{'id': 48853, 'rank': 24, 'fitness': 0.9471793859983162, 'generation': 616}","{'id': 48796, 'rank': 25, 'fitness': 0.9430943957750183, 'generation': 616}","{'id': 48810, 'rank': 26, 'fitness': 0.9405122578986458, 'generation': 616}","{'id': 48860, 'rank': 27, 'fitness': 0.9294290814932977, 'generation': 616}","{'id': 48793, 'rank': 28, 'fitness': 0.9256800639095704, 'generation': 616}","{'id': 48814, 'rank': 29, 'fitness': 0.9135466511704842, 'generation': 616}","{'id': 48801, 'rank': 30, 'fitness': 0.01798620996209155, 'generation': 616}"
"{'id': 48798, 'rank': 1, 'fitness': 0.9820137900379085, 'generation': 617}","{'id': 48921, 'rank': 2, 'fitness': 0.9814331448872486, 'generation': 617}","{'id': 48677, 'rank': 3, 'fitness': 0.9772087086235026, 'generation': 617}","{'id': 48820, 'rank': 4, 'fitness': 0.9771759233758279, 'generation': 617}","{'id': 48863, 'rank': 5, 'fitness': 0.9749186626423871, 'generation': 617}","{'id': 48523, 'rank': 6, 'fitness': 0.9744047670779374, 'generation': 617}","{'id': 48889, 'rank': 7, 'fitness': 0.9741460247108185, 'generation': 617}","{'id': 48864, 'rank': 8, 'fitness': 0.9674317625256694, 'generation': 617}","{'id': 48911, 'rank': 9, 'fitness': 0.964987200996491, 'generation': 617}","{'id': 48835, 'rank': 10, 'fitness': 0.963135537398534, 'generation': 617}","{'id': 48942, 'rank': 11, 'fitness': 0.9574152284516424, 'generation': 617}","{'id': 48890, 'rank': 12, 'fitness': 0.9557813370995587, 'generation': 617}","{'id': 48896, 'rank': 13, 'fitness': 0.9537677634591585, 'generation': 617}","{'id': 48896, 'rank': 14, 'fitness': 0.9537677634591585, 'generation': 617}","{'id': 48883, 'rank': 15, 'fitness': 0.9487743937091937, 'generation': 617}","{'id': 48646, 'rank': 16, 'fitness': 0.9463580007433885, 'generation': 617}","{'id': 48897, 'rank': 17, 'fitness': 0.9416263399127873, 'generation': 617}","{'id': 48919, 'rank': 18, 'fitness': 0.9396380584628952, 'generation': 617}","{'id': 48915, 'rank': 19, 'fitness': 0.9351448455993367, 'generation': 617}","{'id': 48843, 'rank': 20, 'fitness': 0.9317767435097724, 'generation': 617}","{'id': 48843, 'rank': 21, 'fitness': 0.9317767435097724, 'generation': 617}","{'id': 48946, 'rank': 22, 'fitness': 0.9292814595240317, 'generation': 617}","{'id': 48946, 'rank': 23, 'fitness': 0.9292814595240317, 'generation': 617}","{'id': 48885, 'rank': 24, 'fitness': 0.9164311179412212, 'generation': 617}","{'id': 48948, 'rank': 25, 'fitness': 0.9146635098276555, 'generation': 617}","{'id': 48940, 'rank': 26, 'fitness': 0.8704365829149139, 'generation': 617}","{'id': 48853, 'rank': 27, 'fitness': 0.8418252923726894, 'generation': 617}","{'id': 48913, 'rank': 28, 'fitness': 0.810038947093018, 'generation': 617}","{'id': 48876, 'rank': 29, 'fitness': 0.14313065263426927, 'generation': 617}","{'id': 48950, 'rank': 30, 'fitness': 0.01798620996209155, 'generation': 617}"
"{'id': 48677, 'rank': 1, 'fitness': 0.9820137900379085, 'generation': 618}","{'id': 49016, 'rank': 2, 'fitness': 0.9819748578497991, 'generation': 618}","{'id': 48998, 'rank': 3, 'fitness': 0.9819538283109882, 'generation': 618}","{'id': 48523, 'rank': 4, 'fitness': 0.9818475689000862, 'generation': 618}","{'id': 48889, 'rank': 5, 'fitness': 0.9818330654742653, 'generation': 618}","{'id': 49005, 'rank': 6, 'fitness': 0.9817142722538493, 'generation': 618}","{'id': 48994, 'rank': 7, 'fitness': 0.9816519189577391, 'generation': 618}","{'id': 48835, 'rank': 8, 'fitness': 0.9813112597729023, 'generation': 618}","{'id': 48999, 'rank': 9, 'fitness': 0.9811544005179473, 'generation': 618}","{'id': 48890, 'rank': 10, 'fitness': 0.9810353617844216, 'generation': 618}","{'id': 48997, 'rank': 11, 'fitness': 0.9808699147379404, 'generation': 618}","{'id': 48915, 'rank': 12, 'fitness': 0.9804327071461598, 'generation': 618}","{'id': 48946, 'rank': 13, 'fitness': 0.980291876571248, 'generation': 618}","{'id': 49004, 'rank': 14, 'fitness': 0.9794258302357028, 'generation': 618}","{'id': 48940, 'rank': 15, 'fitness': 0.9792442885018207, 'generation': 618}","{'id': 49013, 'rank': 16, 'fitness': 0.9790188892884644, 'generation': 618}","{'id': 48983, 'rank': 17, 'fitness': 0.9775828375273895, 'generation': 618}","{'id': 48983, 'rank': 18, 'fitness': 0.9775828375273895, 'generation': 618}","{'id': 48973, 'rank': 19, 'fitness': 0.9771335660175802, 'generation': 618}","{'id': 48993, 'rank': 20, 'fitness': 0.9766385865144857, 'generation': 618}","{'id': 48993, 'rank': 21, 'fitness': 0.9766385865144857, 'generation': 618}","{'id': 48986, 'rank': 22, 'fitness': 0.9764710216710869, 'generation': 618}","{'id': 48979, 'rank': 23, 'fitness': 0.9728953646968748, 'generation': 618}","{'id': 48979, 'rank': 24, 'fitness': 0.9728953646968748, 'generation': 618}","{'id': 48963, 'rank': 25, 'fitness': 0.9723319603689162, 'generation': 618}","{'id': 48981, 'rank': 26, 'fitness': 0.9709635832070208, 'generation': 618}","{'id': 49023, 'rank': 27, 'fitness': 0.9694409584571202, 'generation': 618}","{'id': 48965, 'rank': 28, 'fitness': 0.968656747924489, 'generation': 618}","{'id': 48976, 'rank': 29, 'fitness': 0.9610611657449988, 'generation': 618}","{'id': 48989, 'rank': 30, 'fitness': 0.01798620996209155, 'generation': 618}"
"{'id': 49098, 'rank': 1, 'fitness': 0.9820137900379085, 'generation': 619}","{'id': 49016, 'rank': 2, 'fitness': 0.9708841632758554, 'generation': 619}","{'id': 48523, 'rank': 3, 'fitness': 0.9661665140688502, 'generation': 619}","{'id': 49005, 'rank': 4, 'fitness': 0.9604815685681385, 'generation': 619}","{'id': 48994, 'rank': 5, 'fitness': 0.9575336578029527, 'generation': 619}","{'id': 49052, 'rank': 6, 'fitness': 0.9438277663467498, 'generation': 619}","{'id': 49097, 'rank': 7, 'fitness': 0.9399177694631342, 'generation': 619}","{'id': 49044, 'rank': 8, 'fitness': 0.9341339834208595, 'generation': 619}","{'id': 49063, 'rank': 9, 'fitness': 0.9327993139151545, 'generation': 619}","{'id': 48999, 'rank': 10, 'fitness': 0.9259364690051185, 'generation': 619}","{'id': 48890, 'rank': 11, 'fitness': 0.915833450849765, 'generation': 619}","{'id': 48890, 'rank': 12, 'fitness': 0.915833450849765, 'generation': 619}","{'id': 49084, 'rank': 13, 'fitness': 0.9048403676270355, 'generation': 619}","{'id': 49068, 'rank': 14, 'fitness': 0.8984300138416383, 'generation': 619}","{'id': 49056, 'rank': 15, 'fitness': 0.866293196172741, 'generation': 619}","{'id': 49055, 'rank': 16, 'fitness': 0.7323160736791792, 'generation': 619}","{'id': 49055, 'rank': 17, 'fitness': 0.7323160736791792, 'generation': 619}","{'id': 49103, 'rank': 18, 'fitness': 0.6637756279307345, 'generation': 619}","{'id': 49086, 'rank': 19, 'fitness': 0.6619103584150683, 'generation': 619}","{'id': 49004, 'rank': 20, 'fitness': 0.6431863896096159, 'generation': 619}","{'id': 49057, 'rank': 21, 'fitness': 0.614448515497813, 'generation': 619}","{'id': 48940, 'rank': 22, 'fitness': 0.5975234167600768, 'generation': 619}","{'id': 49088, 'rank': 23, 'fitness': 0.48928549553298484, 'generation': 619}","{'id': 49054, 'rank': 24, 'fitness': 0.47155554085317336, 'generation': 619}","{'id': 48983, 'rank': 25, 'fitness': 0.21290601277664029, 'generation': 619}","{'id': 49096, 'rank': 26, 'fitness': 0.14486256689781307, 'generation': 619}","{'id': 49096, 'rank': 27, 'fitness': 0.14486256689781307, 'generation': 619}","{'id': 49049, 'rank': 28, 'fitness': 0.04557906356174851, 'generation': 619}","{'id': 49067, 'rank': 29, 'fitness': 0.0296539905544852, 'generation': 619}","{'id': 49090, 'rank': 30, 'fitness': 0.01798620996209155, 'generation': 619}"
"{'id': 49173, 'rank': 1, 'fitness': 0.9820137900379085, 'generation': 620}","{'id': 49098, 'rank': 2, 'fitness': 0.9820037221995195, 'generation': 620}","{'id': 48523, 'rank': 3, 'fitness': 0.9819520249475836, 'generation': 620}","{'id': 48523, 'rank': 4, 'fitness': 0.9819520249475836, 'generation': 620}","{'id': 49052, 'rank': 5, 'fitness': 0.9819096117207391, 'generation': 620}","{'id': 49052, 'rank': 6, 'fitness': 0.9819096117207391, 'generation': 620}","{'id': 49044, 'rank': 7, 'fitness': 0.9818960342694684, 'generation': 620}","{'id': 48999, 'rank': 8, 'fitness': 0.9818859270293612, 'generation': 620}","{'id': 49068, 'rank': 9, 'fitness': 0.9818581705325651, 'generation': 620}","{'id': 49068, 'rank': 10, 'fitness': 0.9818581705325651, 'generation': 620}","{'id': 49068, 'rank': 11, 'fitness': 0.9818581705325651, 'generation': 620}","{'id': 49068, 'rank': 12, 'fitness': 0.9818581705325651, 'generation': 620}","{'id': 49161, 'rank': 13, 'fitness': 0.9817370502305132, 'generation': 620}","{'id': 49162, 'rank': 14, 'fitness': 0.9817355010052116, 'generation': 620}","{'id': 49057, 'rank': 15, 'fitness': 0.9817200595639636, 'generation': 620}","{'id': 49172, 'rank': 16, 'fitness': 0.9816340299875859, 'generation': 620}","{'id': 49153, 'rank': 17, 'fitness': 0.9815562700171201, 'generation': 620}","{'id': 49096, 'rank': 18, 'fitness': 0.9815378674444097, 'generation': 620}","{'id': 49133, 'rank': 19, 'fitness': 0.9814974936944661, 'generation': 620}","{'id': 49143, 'rank': 20, 'fitness': 0.9813901665449216, 'generation': 620}","{'id': 49143, 'rank': 21, 'fitness': 0.9813901665449216, 'generation': 620}","{'id': 49154, 'rank': 22, 'fitness': 0.9813063118600973, 'generation': 620}","{'id': 49152, 'rank': 23, 'fitness': 0.9810227195163598, 'generation': 620}","{'id': 49151, 'rank': 24, 'fitness': 0.9809637138496928, 'generation': 620}","{'id': 49149, 'rank': 25, 'fitness': 0.9805267482249544, 'generation': 620}","{'id': 49149, 'rank': 26, 'fitness': 0.9805267482249544, 'generation': 620}","{'id': 49149, 'rank': 27, 'fitness': 0.9805267482249544, 'generation': 620}","{'id': 49181, 'rank': 28, 'fitness': 0.9741769678658301, 'generation': 620}","{'id': 49144, 'rank': 29, 'fitness': 0.9553696286309394, 'generation': 620}","{'id': 49115, 'rank': 30, 'fitness': 0.01798620996209155, 'generation': 620}"
"{'id': 49173, 'rank': 1, 'fitness': 0.9820137900379085, 'generation': 621}","{'id': 49098, 'rank': 2, 'fitness': 0.9810004066460974, 'generation': 621}","{'id': 49245, 'rank': 3, 'fitness': 0.9801426467893337, 'generation': 621}","{'id': 48523, 'rank': 4, 'fitness': 0.9748611608976149, 'generation': 621}","{'id': 48523, 'rank': 5, 'fitness': 0.9748611608976149, 'generation': 621}","{'id': 48523, 'rank': 6, 'fitness': 0.9748611608976149, 'generation': 621}","{'id': 49052, 'rank': 7, 'fitness': 0.9684345473825964, 'generation': 621}","{'id': 49197, 'rank': 8, 'fitness': 0.9673883419895585, 'generation': 621}","{'id': 49234, 'rank': 9, 'fitness': 0.9623228884147427, 'generation': 621}","{'id': 49208, 'rank': 10, 'fitness': 0.9615124714892167, 'generation': 621}","{'id': 49257, 'rank': 11, 'fitness': 0.960904796342494, 'generation': 621}","{'id': 49260, 'rank': 12, 'fitness': 0.9600824893684334, 'generation': 621}","{'id': 49192, 'rank': 13, 'fitness': 0.9521206960800246, 'generation': 621}","{'id': 49201, 'rank': 14, 'fitness': 0.9469571849024419, 'generation': 621}","{'id': 49191, 'rank': 15, 'fitness': 0.9450787411498598, 'generation': 621}","{'id': 49233, 'rank': 16, 'fitness': 0.9293279822571137, 'generation': 621}","{'id': 49261, 'rank': 17, 'fitness': 0.9262329586856413, 'generation': 621}","{'id': 49161, 'rank': 18, 'fitness': 0.9224438925407377, 'generation': 621}","{'id': 49057, 'rank': 19, 'fitness': 0.9155371518202569, 'generation': 621}","{'id': 49195, 'rank': 20, 'fitness': 0.8635607533097326, 'generation': 621}","{'id': 49231, 'rank': 21, 'fitness': 0.8375505568784694, 'generation': 621}","{'id': 49187, 'rank': 22, 'fitness': 0.8241501232186188, 'generation': 621}","{'id': 49096, 'rank': 23, 'fitness': 0.801088261018759, 'generation': 621}","{'id': 49240, 'rank': 24, 'fitness': 0.7317662028227734, 'generation': 621}","{'id': 49227, 'rank': 25, 'fitness': 0.7176155422355337, 'generation': 621}","{'id': 49143, 'rank': 26, 'fitness': 0.6450768042398521, 'generation': 621}","{'id': 49229, 'rank': 27, 'fitness': 0.15580232915443532, 'generation': 621}","{'id': 49217, 'rank': 28, 'fitness': 0.06774273087804317, 'generation': 621}","{'id': 49213, 'rank': 29, 'fitness': 0.06474295472587716, 'generation': 621}","{'id': 49216, 'rank': 30, 'fitness': 0.01798620996209155, 'generation': 621}"
"{'id': 49319, 'rank': 1, 'fitness': 0.9820137900379085, 'generation': 622}","{'id': 48523, 'rank': 2, 'fitness': 0.9817720055777942, 'generation': 622}","{'id': 48523, 'rank': 3, 'fitness': 0.9817720055777942, 'generation': 622}","{'id': 49052, 'rank': 4, 'fitness': 0.9809646002610368, 'generation': 622}","{'id': 49260, 'rank': 5, 'fitness': 0.9800885190250617, 'generation': 622}","{'id': 49192, 'rank': 6, 'fitness': 0.9793765964496841, 'generation': 622}","{'id': 49201, 'rank': 7, 'fitness': 0.9789618767859567, 'generation': 622}","{'id': 49201, 'rank': 8, 'fitness': 0.9789618767859567, 'generation': 622}","{'id': 49191, 'rank': 9, 'fitness': 0.9788185667856433, 'generation': 622}","{'id': 49321, 'rank': 10, 'fitness': 0.9786429419802745, 'generation': 622}","{'id': 49287, 'rank': 11, 'fitness': 0.9775565529828945, 'generation': 622}","{'id': 49195, 'rank': 12, 'fitness': 0.9745351517331251, 'generation': 622}","{'id': 49195, 'rank': 13, 'fitness': 0.9745351517331251, 'generation': 622}","{'id': 49195, 'rank': 14, 'fitness': 0.9745351517331251, 'generation': 622}","{'id': 49231, 'rank': 15, 'fitness': 0.9735579220112651, 'generation': 622}","{'id': 49297, 'rank': 16, 'fitness': 0.9735269065106555, 'generation': 622}","{'id': 49283, 'rank': 17, 'fitness': 0.9726546586416798, 'generation': 622}","{'id': 49096, 'rank': 18, 'fitness': 0.9723323570243018, 'generation': 622}","{'id': 49096, 'rank': 19, 'fitness': 0.9723323570243018, 'generation': 622}","{'id': 49305, 'rank': 20, 'fitness': 0.9713612797302749, 'generation': 622}","{'id': 49301, 'rank': 21, 'fitness': 0.9702322625822751, 'generation': 622}","{'id': 49278, 'rank': 22, 'fitness': 0.9665647247175664, 'generation': 622}","{'id': 49274, 'rank': 23, 'fitness': 0.9653052829089729, 'generation': 622}","{'id': 49329, 'rank': 24, 'fitness': 0.9636899548804689, 'generation': 622}","{'id': 49308, 'rank': 25, 'fitness': 0.9596506237286654, 'generation': 622}","{'id': 49289, 'rank': 26, 'fitness': 0.957689359333503, 'generation': 622}","{'id': 49330, 'rank': 27, 'fitness': 0.9528479556018189, 'generation': 622}","{'id': 49264, 'rank': 28, 'fitness': 0.950653578398075, 'generation': 622}","{'id': 49267, 'rank': 29, 'fitness': 0.9107873005755394, 'generation': 622}","{'id': 49315, 'rank': 30, 'fitness': 0.01798620996209155, 'generation': 622}"
"{'id': 48523, 'rank': 1, 'fitness': 0.9820137900379085, 'generation': 623}","{'id': 49052, 'rank': 2, 'fitness': 0.9702395926957614, 'generation': 623}","{'id': 49358, 'rank': 3, 'fitness': 0.9675644193755861, 'generation': 623}","{'id': 49371, 'rank': 4, 'fitness': 0.9638572227373903, 'generation': 623}","{'id': 49371, 'rank': 5, 'fitness': 0.9638572227373903, 'generation': 623}","{'id': 49379, 'rank': 6, 'fitness': 0.9495775539663356, 'generation': 623}","{'id': 49379, 'rank': 7, 'fitness': 0.9495775539663356, 'generation': 623}","{'id': 49379, 'rank': 8, 'fitness': 0.9495775539663356, 'generation': 623}","{'id': 49372, 'rank': 9, 'fitness': 0.9477291715732882, 'generation': 623}","{'id': 49372, 'rank': 10, 'fitness': 0.9477291715732882, 'generation': 623}","{'id': 49344, 'rank': 11, 'fitness': 0.9419327224000109, 'generation': 623}","{'id': 49366, 'rank': 12, 'fitness': 0.9366917264183561, 'generation': 623}","{'id': 49347, 'rank': 13, 'fitness': 0.936078663836689, 'generation': 623}","{'id': 49347, 'rank': 14, 'fitness': 0.936078663836689, 'generation': 623}","{'id': 49384, 'rank': 15, 'fitness': 0.932721467941308, 'generation': 623}","{'id': 49385, 'rank': 16, 'fitness': 0.9178899729903665, 'generation': 623}","{'id': 49353, 'rank': 17, 'fitness': 0.904701073265353, 'generation': 623}","{'id': 49365, 'rank': 18, 'fitness': 0.8459712546735605, 'generation': 623}","{'id': 49395, 'rank': 19, 'fitness': 0.7718095158724514, 'generation': 623}","{'id': 49378, 'rank': 20, 'fitness': 0.6071946229819103, 'generation': 623}","{'id': 49195, 'rank': 21, 'fitness': 0.5025210661816536, 'generation': 623}","{'id': 49297, 'rank': 22, 'fitness': 0.3880888527814449, 'generation': 623}","{'id': 49351, 'rank': 23, 'fitness': 0.35810833563421207, 'generation': 623}","{'id': 49406, 'rank': 24, 'fitness': 0.3470039890514415, 'generation': 623}","{'id': 49096, 'rank': 25, 'fitness': 0.2719057123522857, 'generation': 623}","{'id': 49404, 'rank': 26, 'fitness': 0.16815665931359747, 'generation': 623}","{'id': 49404, 'rank': 27, 'fitness': 0.16815665931359747, 'generation': 623}","{'id': 49403, 'rank': 28, 'fitness': 0.16368443411618472, 'generation': 623}","{'id': 49274, 'rank': 29, 'fitness': 0.02384457108625143, 'generation': 623}","{'id': 49375, 'rank': 30, 'fitness': 0.01798620996209155, 'generation': 623}"
"{'id': 49464, 'rank': 1, 'fitness': 0.9820137900379085, 'generation': 624}","{'id': 49052, 'rank': 2, 'fitness': 0.9791615796947933, 'generation': 624}","{'id': 49358, 'rank': 3, 'fitness': 0.9781497757615343, 'generation': 624}","{'id': 49379, 'rank': 4, 'fitness': 0.9720944358136203, 'generation': 624}","{'id': 49372, 'rank': 5, 'fitness': 0.9715275067348919, 'generation': 624}","{'id': 49372, 'rank': 6, 'fitness': 0.9715275067348919, 'generation': 624}","{'id': 49344, 'rank': 7, 'fitness': 0.9697996462490766, 'generation': 624}","{'id': 49347, 'rank': 8, 'fitness': 0.9681224328595992, 'generation': 624}","{'id': 49395, 'rank': 9, 'fitness': 0.9317744569523858, 'generation': 624}","{'id': 49438, 'rank': 10, 'fitness': 0.9278233450526028, 'generation': 624}","{'id': 49472, 'rank': 11, 'fitness': 0.9125907922724188, 'generation': 624}","{'id': 49472, 'rank': 12, 'fitness': 0.9125907922724188, 'generation': 624}","{'id': 49472, 'rank': 13, 'fitness': 0.9125907922724188, 'generation': 624}","{'id': 49195, 'rank': 14, 'fitness': 0.8760177482743624, 'generation': 624}","{'id': 49485, 'rank': 15, 'fitness': 0.8620441102920835, 'generation': 624}","{'id': 49297, 'rank': 16, 'fitness': 0.8457211796652782, 'generation': 624}","{'id': 49297, 'rank': 17, 'fitness': 0.8457211796652782, 'generation': 624}","{'id': 49406, 'rank': 18, 'fitness': 0.8327116023096123, 'generation': 624}","{'id': 49406, 'rank': 19, 'fitness': 0.8327116023096123, 'generation': 624}","{'id': 49421, 'rank': 20, 'fitness': 0.7838466656047363, 'generation': 624}","{'id': 49445, 'rank': 21, 'fitness': 0.717020381737196, 'generation': 624}","{'id': 49428, 'rank': 22, 'fitness': 0.6509279270827251, 'generation': 624}","{'id': 49449, 'rank': 23, 'fitness': 0.6503221183988421, 'generation': 624}","{'id': 49449, 'rank': 24, 'fitness': 0.6503221183988421, 'generation': 624}","{'id': 49455, 'rank': 25, 'fitness': 0.18422686882851108, 'generation': 624}","{'id': 49455, 'rank': 26, 'fitness': 0.18422686882851108, 'generation': 624}","{'id': 49430, 'rank': 27, 'fitness': 0.10980290541469329, 'generation': 624}","{'id': 49452, 'rank': 28, 'fitness': 0.0437824275959347, 'generation': 624}","{'id': 49467, 'rank': 29, 'fitness': 0.037011195828205945, 'generation': 624}","{'id': 49453, 'rank': 30, 'fitness': 0.01798620996209155, 'generation': 624}"
"{'id': 49525, 'rank': 1, 'fitness': 0.9820137900379085, 'generation': 625}","{'id': 49525, 'rank': 2, 'fitness': 0.9820137900379085, 'generation': 625}","{'id': 49501, 'rank': 3, 'fitness': 0.9817234967275749, 'generation': 625}","{'id': 49562, 'rank': 4, 'fitness': 0.9815688541438796, 'generation': 625}","{'id': 49562, 'rank': 5, 'fitness': 0.9815688541438796, 'generation': 625}","{'id': 49379, 'rank': 6, 'fitness': 0.9813854054267008, 'generation': 625}","{'id': 49372, 'rank': 7, 'fitness': 0.981362709314024, 'generation': 625}","{'id': 49344, 'rank': 8, 'fitness': 0.9812959908400483, 'generation': 625}","{'id': 49504, 'rank': 9, 'fitness': 0.9811740189616424, 'generation': 625}","{'id': 49491, 'rank': 10, 'fitness': 0.9811583527620233, 'generation': 625}","{'id': 49438, 'rank': 11, 'fitness': 0.9802607549361787, 'generation': 625}","{'id': 49472, 'rank': 12, 'fitness': 0.9800177934749954, 'generation': 625}","{'id': 49499, 'rank': 13, 'fitness': 0.9797361105653108, 'generation': 625}","{'id': 49497, 'rank': 14, 'fitness': 0.979564190572024, 'generation': 625}","{'id': 49485, 'rank': 15, 'fitness': 0.9794057083987859, 'generation': 625}","{'id': 49297, 'rank': 16, 'fitness': 0.979246652450652, 'generation': 625}","{'id': 49297, 'rank': 17, 'fitness': 0.979246652450652, 'generation': 625}","{'id': 49297, 'rank': 18, 'fitness': 0.979246652450652, 'generation': 625}","{'id': 49556, 'rank': 19, 'fitness': 0.9787479812748187, 'generation': 625}","{'id': 49498, 'rank': 20, 'fitness': 0.9782826161912064, 'generation': 625}","{'id': 49430, 'rank': 21, 'fitness': 0.974079090880732, 'generation': 625}","{'id': 49543, 'rank': 22, 'fitness': 0.9645672161618227, 'generation': 625}","{'id': 49513, 'rank': 23, 'fitness': 0.9611700220633138, 'generation': 625}","{'id': 49518, 'rank': 24, 'fitness': 0.954491215782165, 'generation': 625}","{'id': 49492, 'rank': 25, 'fitness': 0.9490585686637009, 'generation': 625}","{'id': 49529, 'rank': 26, 'fitness': 0.8819899788150289, 'generation': 625}","{'id': 49533, 'rank': 27, 'fitness': 0.8771823762849147, 'generation': 625}","{'id': 49549, 'rank': 28, 'fitness': 0.6557666563292645, 'generation': 625}","{'id': 49548, 'rank': 29, 'fitness': 0.6023988496617129, 'generation': 625}","{'id': 49553, 'rank': 30, 'fitness': 0.01798620996209155, 'generation': 625}"
"{'id': 49623, 'rank': 1, 'fitness': 0.9820137900379085, 'generation': 626}","{'id': 49588, 'rank': 2, 'fitness': 0.9792542162020165, 'generation': 626}","{'id': 49588, 'rank': 3, 'fitness': 0.9792542162020165, 'generation': 626}","{'id': 49563, 'rank': 4, 'fitness': 0.9791204407786174, 'generation': 626}","{'id': 49563, 'rank': 5, 'fitness': 0.9791204407786174, 'generation': 626}","{'id': 49628, 'rank': 6, 'fitness': 0.9788966399400177, 'generation': 626}","{'id': 49562, 'rank': 7, 'fitness': 0.9788812781039644, 'generation': 626}","{'id': 49590, 'rank': 8, 'fitness': 0.9780881094747391, 'generation': 626}","{'id': 49590, 'rank': 9, 'fitness': 0.9780881094747391, 'generation': 626}","{'id': 49599, 'rank': 10, 'fitness': 0.9777533069669362, 'generation': 626}","{'id': 49504, 'rank': 11, 'fitness': 0.9770676835456209, 'generation': 626}","{'id': 49602, 'rank': 12, 'fitness': 0.9768624030093169, 'generation': 626}","{'id': 49591, 'rank': 13, 'fitness': 0.9764039626317376, 'generation': 626}","{'id': 49589, 'rank': 14, 'fitness': 0.9746413348812573, 'generation': 626}","{'id': 49576, 'rank': 15, 'fitness': 0.9707006412259024, 'generation': 626}","{'id': 49499, 'rank': 16, 'fitness': 0.9695046225775055, 'generation': 626}","{'id': 49499, 'rank': 17, 'fitness': 0.9695046225775055, 'generation': 626}","{'id': 49499, 'rank': 18, 'fitness': 0.9695046225775055, 'generation': 626}","{'id': 49636, 'rank': 19, 'fitness': 0.9687811545391467, 'generation': 626}","{'id': 49597, 'rank': 20, 'fitness': 0.9640880475674629, 'generation': 626}","{'id': 49597, 'rank': 21, 'fitness': 0.9640880475674629, 'generation': 626}","{'id': 49565, 'rank': 22, 'fitness': 0.9590719870403778, 'generation': 626}","{'id': 49607, 'rank': 23, 'fitness': 0.9568366317276307, 'generation': 626}","{'id': 49567, 'rank': 24, 'fitness': 0.9543795548521188, 'generation': 626}","{'id': 49573, 'rank': 25, 'fitness': 0.9524854410641246, 'generation': 626}","{'id': 49634, 'rank': 26, 'fitness': 0.9485778004938871, 'generation': 626}","{'id': 49594, 'rank': 27, 'fitness': 0.9393816491314841, 'generation': 626}","{'id': 49629, 'rank': 28, 'fitness': 0.8972638538331869, 'generation': 626}","{'id': 49637, 'rank': 29, 'fitness': 0.5874626228119415, 'generation': 626}","{'id': 49533, 'rank': 30, 'fitness': 0.01798620996209155, 'generation': 626}"
"{'id': 49670, 'rank': 1, 'fitness': 0.9820137900379085, 'generation': 627}","{'id': 49659, 'rank': 2, 'fitness': 0.9780203642371195, 'generation': 627}","{'id': 49646, 'rank': 3, 'fitness': 0.9766835916558436, 'generation': 627}","{'id': 49712, 'rank': 4, 'fitness': 0.9729045889364892, 'generation': 627}","{'id': 49712, 'rank': 5, 'fitness': 0.9729045889364892, 'generation': 627}","{'id': 49563, 'rank': 6, 'fitness': 0.9681105091821367, 'generation': 627}","{'id': 49628, 'rank': 7, 'fitness': 0.9661385369944024, 'generation': 627}","{'id': 49701, 'rank': 8, 'fitness': 0.9589742843908746, 'generation': 627}","{'id': 49590, 'rank': 9, 'fitness': 0.9581990502208235, 'generation': 627}","{'id': 49590, 'rank': 10, 'fitness': 0.9581990502208235, 'generation': 627}","{'id': 49599, 'rank': 11, 'fitness': 0.9545140660725699, 'generation': 627}","{'id': 49707, 'rank': 12, 'fitness': 0.9526892845903724, 'generation': 627}","{'id': 49591, 'rank': 13, 'fitness': 0.9370543585994446, 'generation': 627}","{'id': 49649, 'rank': 14, 'fitness': 0.9312032171394089, 'generation': 627}","{'id': 49651, 'rank': 15, 'fitness': 0.9254212488267641, 'generation': 627}","{'id': 49671, 'rank': 16, 'fitness': 0.9098900501424052, 'generation': 627}","{'id': 49700, 'rank': 17, 'fitness': 0.9067008218599372, 'generation': 627}","{'id': 49648, 'rank': 18, 'fitness': 0.8932105240017711, 'generation': 627}","{'id': 49676, 'rank': 19, 'fitness': 0.8150822266004558, 'generation': 627}","{'id': 49679, 'rank': 20, 'fitness': 0.7936432623849239, 'generation': 627}","{'id': 49499, 'rank': 21, 'fitness': 0.7683198389169423, 'generation': 627}","{'id': 49499, 'rank': 22, 'fitness': 0.7683198389169423, 'generation': 627}","{'id': 49499, 'rank': 23, 'fitness': 0.7683198389169423, 'generation': 627}","{'id': 49706, 'rank': 24, 'fitness': 0.7524973331998939, 'generation': 627}","{'id': 49708, 'rank': 25, 'fitness': 0.6027600038765373, 'generation': 627}","{'id': 49709, 'rank': 26, 'fitness': 0.6017620531930072, 'generation': 627}","{'id': 49709, 'rank': 27, 'fitness': 0.6017620531930072, 'generation': 627}","{'id': 49683, 'rank': 28, 'fitness': 0.6017050946333596, 'generation': 627}","{'id': 49687, 'rank': 29, 'fitness': 0.02254802629994801, 'generation': 627}","{'id': 49705, 'rank': 30, 'fitness': 0.01798620996209155, 'generation': 627}"
"{'id': 49670, 'rank': 1, 'fitness': 0.9820137900379085, 'generation': 628}","{'id': 49797, 'rank': 2, 'fitness': 0.9800619878651771, 'generation': 628}","{'id': 49797, 'rank': 3, 'fitness': 0.9800619878651771, 'generation': 628}","{'id': 49797, 'rank': 4, 'fitness': 0.9800619878651771, 'generation': 628}","{'id': 49712, 'rank': 5, 'fitness': 0.980027434880735, 'generation': 628}","{'id': 49628, 'rank': 6, 'fitness': 0.9788480780696627, 'generation': 628}","{'id': 49758, 'rank': 7, 'fitness': 0.9786898595525876, 'generation': 628}","{'id': 49701, 'rank': 8, 'fitness': 0.9777703670858195, 'generation': 628}","{'id': 49701, 'rank': 9, 'fitness': 0.9777703670858195, 'generation': 628}","{'id': 49701, 'rank': 10, 'fitness': 0.9777703670858195, 'generation': 628}","{'id': 49599, 'rank': 11, 'fitness': 0.9771650862620646, 'generation': 628}","{'id': 49599, 'rank': 12, 'fitness': 0.9771650862620646, 'generation': 628}","{'id': 49707, 'rank': 13, 'fitness': 0.9769294010470959, 'generation': 628}","{'id': 49789, 'rank': 14, 'fitness': 0.9759519892934968, 'generation': 628}","{'id': 49760, 'rank': 15, 'fitness': 0.9756220263929742, 'generation': 628}","{'id': 49752, 'rank': 16, 'fitness': 0.9735139057691891, 'generation': 628}","{'id': 49671, 'rank': 17, 'fitness': 0.9726146813579271, 'generation': 628}","{'id': 49671, 'rank': 18, 'fitness': 0.9726146813579271, 'generation': 628}","{'id': 49700, 'rank': 19, 'fitness': 0.9723536092972114, 'generation': 628}","{'id': 49759, 'rank': 20, 'fitness': 0.9683415037197506, 'generation': 628}","{'id': 49753, 'rank': 21, 'fitness': 0.9653566629833652, 'generation': 628}","{'id': 49499, 'rank': 22, 'fitness': 0.9639551538121363, 'generation': 628}","{'id': 49499, 'rank': 23, 'fitness': 0.9639551538121363, 'generation': 628}","{'id': 49708, 'rank': 24, 'fitness': 0.9563560018188184, 'generation': 628}","{'id': 49742, 'rank': 25, 'fitness': 0.9327479481121355, 'generation': 628}","{'id': 49783, 'rank': 26, 'fitness': 0.9318111782032021, 'generation': 628}","{'id': 49785, 'rank': 27, 'fitness': 0.842850064970793, 'generation': 628}","{'id': 49731, 'rank': 28, 'fitness': 0.7787692789220165, 'generation': 628}","{'id': 49731, 'rank': 29, 'fitness': 0.7787692789220165, 'generation': 628}","{'id': 49779, 'rank': 30, 'fitness': 0.01798620996209155, 'generation': 628}"
"{'id': 49855, 'rank': 1, 'fitness': 0.9820137900379085, 'generation': 629}","{'id': 49797, 'rank': 2, 'fitness': 0.9818296528917885, 'generation': 629}","{'id': 49797, 'rank': 3, 'fitness': 0.9818296528917885, 'generation': 629}","{'id': 49712, 'rank': 4, 'fitness': 0.9818242112390548, 'generation': 629}","{'id': 49882, 'rank': 5, 'fitness': 0.9817421201342769, 'generation': 629}","{'id': 49860, 'rank': 6, 'fitness': 0.9816124964724269, 'generation': 629}","{'id': 49881, 'rank': 7, 'fitness': 0.98155713010771, 'generation': 629}","{'id': 49827, 'rank': 8, 'fitness': 0.9815257920926218, 'generation': 629}","{'id': 49707, 'rank': 9, 'fitness': 0.9813646522956592, 'generation': 629}","{'id': 49789, 'rank': 10, 'fitness': 0.9812300296699326, 'generation': 629}","{'id': 49789, 'rank': 11, 'fitness': 0.9812300296699326, 'generation': 629}","{'id': 49843, 'rank': 12, 'fitness': 0.981185109309004, 'generation': 629}","{'id': 49845, 'rank': 13, 'fitness': 0.9810515868261818, 'generation': 629}","{'id': 49752, 'rank': 14, 'fitness': 0.9809124625038042, 'generation': 629}","{'id': 49862, 'rank': 15, 'fitness': 0.9808813365265391, 'generation': 629}","{'id': 49833, 'rank': 16, 'fitness': 0.9808454998373787, 'generation': 629}","{'id': 49847, 'rank': 17, 'fitness': 0.9803136419999957, 'generation': 629}","{'id': 49847, 'rank': 18, 'fitness': 0.9803136419999957, 'generation': 629}","{'id': 49837, 'rank': 19, 'fitness': 0.980289406976826, 'generation': 629}","{'id': 49830, 'rank': 20, 'fitness': 0.9802450622570911, 'generation': 629}","{'id': 49815, 'rank': 21, 'fitness': 0.9800319832368829, 'generation': 629}","{'id': 49832, 'rank': 22, 'fitness': 0.9791541535973469, 'generation': 629}","{'id': 49859, 'rank': 23, 'fitness': 0.9787371228436885, 'generation': 629}","{'id': 49810, 'rank': 24, 'fitness': 0.9778616434182152, 'generation': 629}","{'id': 49783, 'rank': 25, 'fitness': 0.977437652921883, 'generation': 629}","{'id': 49806, 'rank': 26, 'fitness': 0.9771332737469733, 'generation': 629}","{'id': 49826, 'rank': 27, 'fitness': 0.9768930236603954, 'generation': 629}","{'id': 49785, 'rank': 28, 'fitness': 0.973589016042647, 'generation': 629}","{'id': 49822, 'rank': 29, 'fitness': 0.4584044605252569, 'generation': 629}","{'id': 49869, 'rank': 30, 'fitness': 0.01798620996209155, 'generation': 629}"
"{'id': 49938, 'rank': 1, 'fitness': 0.9820137900379085, 'generation': 630}","{'id': 49855, 'rank': 2, 'fitness': 0.9704973347273995, 'generation': 630}","{'id': 49855, 'rank': 3, 'fitness': 0.9704973347273995, 'generation': 630}","{'id': 49797, 'rank': 4, 'fitness': 0.9634706825155104, 'generation': 630}","{'id': 49797, 'rank': 5, 'fitness': 0.9634706825155104, 'generation': 630}","{'id': 49797, 'rank': 6, 'fitness': 0.9634706825155104, 'generation': 630}","{'id': 49712, 'rank': 7, 'fitness': 0.9632414151657792, 'generation': 630}","{'id': 49882, 'rank': 8, 'fitness': 0.9596193946306764, 'generation': 630}","{'id': 49860, 'rank': 9, 'fitness': 0.9532347230459126, 'generation': 630}","{'id': 49881, 'rank': 10, 'fitness': 0.9502395170591913, 'generation': 630}","{'id': 49827, 'rank': 11, 'fitness': 0.9484686619698346, 'generation': 630}","{'id': 49827, 'rank': 12, 'fitness': 0.9484686619698346, 'generation': 630}","{'id': 49969, 'rank': 13, 'fitness': 0.9442459753528165, 'generation': 630}","{'id': 49896, 'rank': 14, 'fitness': 0.937896684252243, 'generation': 630}","{'id': 49789, 'rank': 15, 'fitness': 0.9287742931296812, 'generation': 630}","{'id': 49937, 'rank': 16, 'fitness': 0.9189094349514948, 'generation': 630}","{'id': 49833, 'rank': 17, 'fitness': 0.8935765161537589, 'generation': 630}","{'id': 49833, 'rank': 18, 'fitness': 0.8935765161537589, 'generation': 630}","{'id': 49886, 'rank': 19, 'fitness': 0.8646588869166616, 'generation': 630}","{'id': 49959, 'rank': 20, 'fitness': 0.8623037218128424, 'generation': 630}","{'id': 49959, 'rank': 21, 'fitness': 0.8623037218128424, 'generation': 630}","{'id': 49893, 'rank': 22, 'fitness': 0.8465484765561075, 'generation': 630}","{'id': 49928, 'rank': 23, 'fitness': 0.8170124602532892, 'generation': 630}","{'id': 49929, 'rank': 24, 'fitness': 0.7981061240383689, 'generation': 630}","{'id': 49960, 'rank': 25, 'fitness': 0.7974086849793804, 'generation': 630}","{'id': 49972, 'rank': 26, 'fitness': 0.7718056506696515, 'generation': 630}","{'id': 49947, 'rank': 27, 'fitness': 0.7475629401012839, 'generation': 630}","{'id': 49919, 'rank': 28, 'fitness': 0.6604306876259511, 'generation': 630}","{'id': 49899, 'rank': 29, 'fitness': 0.4561925293143041, 'generation': 630}","{'id': 49910, 'rank': 30, 'fitness': 0.01798620996209155, 'generation': 630}"
